Epoch	AverageEpRet	StdEpRet	MaxEpRet	MinEpRet	AverageEpCost	StdEpCost	MaxEpCost	MinEpCost	EpLen	CumulativeCost	CostRate	AverageVVals	StdVVals	MaxVVals	MinVVals	AverageCostVVals	StdCostVVals	MaxCostVVals	MinCostVVals	LossPi	DeltaLossPi	SurrCost	DeltaSurrCost	LossV	DeltaLossV	LossVC	DeltaLossVC	Penalty	DeltaPenalty	StopIter	Entropy	KL	TotalEnvInteracts	Time
0	0.89909124	2.5681329	8.274182	-2.0407887	1.2083334	5.794963	29.0	0.0	1000.0	36.0	0.0012	0.59857863	0.56661654	1.9951849	-1.1746111	-0.4349712	0.12038343	0.09997848	-0.8709324	-3.7252903e-09	0.018129427	-3.7252903e-09	-0.0022390743	0.83312917	-0.66978514	1.1260294	-0.4002673	0.99999994	-0.031175494	1.0	1.837877	0.035658915	30000	26.46430516242981
1	1.1204137	3.0484421	10.1788435	-3.03996	1.5416666	4.17312	15.0	0.0	1000.0	78.0	0.0013	0.21695524	0.3740511	1.3080298	-0.94999033	0.10782087	0.31875008	1.5757688	-0.43874022	3.7252903e-09	0.025940778	1.0244548e-08	-0.0003066911	0.24726412	-0.06230807	0.792889	-0.105796665	0.96882445	-0.030486524	1.0	1.8383249	0.07582179	60000	52.02405118942261
2	0.6079686	2.9679606	10.389332	-2.8327796	1.875	5.134138	19.0	0.0	1000.0	123.0	0.0013666666666666666	0.14678393	0.46926177	1.8852836	-1.1063076	0.11532192	0.21897069	1.3488741	-0.34495726	-2.3283064e-09	0.0007257773	-9.313226e-10	-0.0002006311	0.14976224	-0.019164722	1.0850286	-0.07098192	0.9383379	-0.029910266	1.0	1.8390411	0.0069270963	90000	77.35048341751099
3	0.28982762	2.9883368	8.466385	-2.5472445	0.0	0.0	0.0	0.0	1000.0	123.0	0.001025	0.068163745	0.42184567	1.5657175	-1.200924	0.16507806	0.28544483	1.470056	-0.5241629	-5.5879354e-09	-0.0038613915	-5.5879354e-09	6.130263e-05	0.14338833	-0.029344883	0.09858715	-0.09203217	0.90842766	-0.03115213	79.0	1.8396368	0.0044952137	120000	109.98195600509644
4	1.6363453	2.6857224	7.2192974	-2.6223903	2.9583333	6.1541257	23.0	0.0	1000.0	194.0	0.0012933333333333334	0.21432148	0.6245965	2.163235	-1.3182652	0.023135297	0.06426518	0.39290524	-0.24963243	3.4924597e-10	-0.005094171	-4.656613e-09	-0.002187898	0.18373284	-0.043072917	1.3309574	-0.1467628	0.8772755	-0.032339513	79.0	1.8286514	0.0057065226	150000	143.39954233169556
5	1.4908528	1.658906	4.6014657	-1.4989398	3.1666667	6.5425954	21.0	0.0	1000.0	270.0	0.0015	0.18185613	0.5207822	1.6935402	-1.2213823	0.2591487	0.3030028	1.8809069	-0.50351375	-3.7252903e-09	-0.005810417	7.450581e-09	-0.0016379402	0.16534239	-0.03028359	1.548087	-0.16902769	0.844936	-0.03357798	79.0	1.7995243	0.0062798057	180000	176.97927713394165
6	3.3876965	4.0883584	15.3902445	-1.3528043	0.7916667	2.1404667	8.0	0.0	1000.0	306.0	0.0014571428571428572	0.22094016	0.516523	1.5923045	-1.0998126	0.2970051	0.32614112	2.5694816	-0.722935	9.313226e-10	-0.0051715644	9.313226e-10	-0.0016332003	0.25313228	-0.04658612	0.6628634	-0.12384629	0.81135803	-0.032759786	79.0	1.7797757	0.0064535527	210000	210.7298767566681
7	3.3936195	3.3543677	11.153332	-1.5075941	2.4166667	6.4737716	28.0	0.0	1000.0	375.0	0.0015625	0.30960816	0.5050807	1.942413	-0.9258733	0.12767074	0.22202162	1.8768424	-0.65517706	-9.313226e-10	-0.0063008945	6.9849193e-09	-0.0036627785	0.2079536	-0.043624338	1.109735	-0.17840041	0.77859825	-0.030648887	79.0	1.7551389	0.0059723775	240000	243.76785707473755
8	2.796358	2.963879	8.836796	-1.4538212	2.0416667	4.799993	21.0	0.0	1000.0	493.0	0.001825925925925926	0.31340462	0.4947038	2.0162487	-0.88670415	0.25220954	0.3219859	3.1749835	-0.8477746	9.313226e-10	-0.0012089511	-9.313226e-09	-0.0014848466	0.17908835	-0.04261724	2.3693933	-0.39480168	0.74794936	-0.026293695	13.0	1.7313355	0.0073811375	270000	271.79310750961304
9	3.2323256	3.3680916	12.603501	-1.5807579	1.375	4.7417693	21.0	0.0	1000.0	558.0	0.00186	0.30986914	0.5234143	1.9396142	-1.0488881	0.4064464	0.5988246	7.652811	-0.9935817	2.7939677e-09	0.0047345627	5.5879354e-09	-0.0007877154	0.1749036	-0.032034714	1.8775126	-0.39647484	0.72165567	-0.025317132	1.0	1.7223399	0.017204221	300000	298.0487768650055
10	3.2152755	2.6494486	8.911744	-0.8093582	0.8333333	2.013841	8.0	0.0	1000.0	594.0	0.0018	0.37798128	0.53875524	2.1067524	-0.93003225	0.23003067	0.34328556	6.014397	-0.6809999	-4.656613e-09	0.011997889	1.8626451e-09	0.00015926268	0.20849505	-0.06093833	0.4621313	-0.12300511	0.69633853	-0.024707139	1.0	1.7207997	0.03401419	330000	324.6494576931
11	2.8899205	2.999479	10.196326	-0.83422905	2.0	4.2817445	16.0	0.0	1000.0	668.0	0.0018555555555555556	0.36043873	0.5286486	2.439404	-0.982793	0.13754961	0.2439092	5.32826	-0.6799599	-3.7252903e-09	0.002189843	-1.8626451e-09	-0.00040429295	0.16816399	-0.04914339	1.2205782	-0.27749592	0.6716314	-0.023933709	1.0	1.7195163	0.010051815	360000	352.22705817222595
12	2.909359	3.0930443	11.64449	-1.8123512	1.7083334	3.3847597	10.0	0.0	1000.0	735.0	0.0018846153846153845	0.32798728	0.49103767	2.0139685	-0.8595711	0.30598116	0.42387164	5.6741424	-1.0112299	-5.5879354e-09	0.00017275233	2.7939677e-09	-0.0007300754	0.14109375	-0.03681448	1.1541083	-0.2523055	0.6476977	-0.023196578	1.0	1.7184166	0.0068883486	390000	378.84509801864624
13	4.0149117	3.3453307	12.569448	-0.8961546	1.125	2.368412	9.0	0.0	1000.0	762.0	0.0018142857142857142	0.34302506	0.531856	1.8741089	-0.95186293	0.23409842	0.27212778	3.4140816	-0.98134124	5.122274e-09	-0.00027415634	1.1641532e-10	8.339902e-05	0.19408776	-0.043610066	0.24890211	-0.076276414	0.6245011	-0.022553027	1.0	1.7175756	0.0030563052	420000	405.6651771068573
14	2.9002037	3.0223222	12.889913	-1.1417332	3.3333333	8.933395	36.0	0.0	1000.0	849.0	0.0018866666666666667	0.3509506	0.52690464	1.9545403	-0.9604108	0.116835594	0.14751261	2.7013881	-0.60127914	9.778887e-09	-0.00056383654	7.450581e-09	-0.00011326594	0.15083921	-0.027538104	1.470807	-0.44989246	0.6019481	-0.021810412	1.0	1.717006	0.0006707508	450000	432.0380392074585
15	2.9372473	2.7668371	8.517103	-1.137974	4.4583335	7.7404733	32.0	0.0	1000.0	956.0	0.0019916666666666668	0.33245194	0.54717594	2.0244908	-0.95372355	0.25171438	0.40881157	7.356518	-1.1473504	0.0	-0.0007960943	2.7939677e-09	-0.00048014196	0.14417633	-0.031485118	2.008436	-0.51725745	0.58013767	-0.021062613	1.0	1.7167017	0.0013745809	480000	460.1243009567261
16	2.515803	2.858695	11.749046	-1.7064441	3.6666667	7.363574	29.0	0.0	1000.0	1054.0	0.0020666666666666667	0.26390383	0.5252773	2.2512965	-1.053254	0.37770995	0.63293207	9.338777	-1.6655171	2.7939677e-09	-0.0007389721	0.0	-0.00031638308	0.13775617	-0.032080926	1.7090333	-0.66932327	0.55907506	-0.020419955	1.0	1.7167218	0.0017050453	510000	487.138959646225
17	4.5845895	3.9585307	18.350313	-0.5034634	2.4166667	5.0901594	19.0	0.0	1000.0	1133.0	0.002098148148148148	0.4097	0.5358595	1.9475993	-0.9513098	0.35138348	0.5899467	9.438115	-1.9791409	0.0	-0.00016155653	8.8475645e-09	-0.00010162173	0.17262958	-0.039991133	1.3900371	-0.40266424	0.5386551	-0.01988554	1.0	1.716871	0.0024246755	540000	514.3468360900879
18	4.163758	2.58479	10.103708	-0.9844208	5.3333335	8.008676	23.0	0.0	1000.0	1282.0	0.002249122807017544	0.42025426	0.5609068	2.100991	-0.99261916	0.35352135	0.52174425	6.205829	-1.8735942	2.2118911e-09	-0.00087822357	9.313226e-09	7.757917e-06	0.15589757	-0.03279394	2.2223284	-0.7055414	0.51876956	-0.019175887	1.0	1.7169156	0.0019231001	570000	541.7859754562378
19	5.321516	3.1450627	14.659277	0.294571	4.0833335	8.004773	30.0	0.0	1000.0	1403.0	0.0023383333333333333	0.4164966	0.53119457	1.9711734	-0.92119133	0.54602575	0.99809253	11.318723	-2.5945778	1.0011718e-08	-0.0001477793	7.450581e-09	-0.00058817794	0.18203454	-0.036534946	2.6493473	-1.0478365	0.49959368	-0.01858291	1.0	1.7170289	0.004043988	600000	568.8831207752228
20	4.067079	2.9151464	10.302838	-0.46205467	4.2916665	6.367098	22.0	0.0	1000.0	1506.0	0.0023904761904761903	0.4942748	0.56881	2.3289902	-0.93491054	0.4294036	0.69771874	11.735356	-1.6789558	2.7939677e-09	-0.0008003684	-7.450581e-09	-2.185721e-05	0.19419521	-0.048072338	2.4147904	-0.88678145	0.48101076	-0.017999053	1.0	1.7172244	0.00377988	630000	595.981826543808
21	4.562281	3.2916727	14.86341	-0.8504427	2.375	4.846068	18.0	0.0	1000.0	1566.0	0.002372727272727273	0.47369257	0.5713423	2.2550588	-0.91703767	0.37707794	0.5962217	8.175623	-1.6131313	0.0	-0.0006224166	7.916242e-09	-5.5030454e-05	0.16933136	-0.040964648	1.0551746	-0.50754166	0.4630117	-0.017527014	1.0	1.7172351	0.0008506048	660000	622.6796429157257
22	4.1955104	3.6622047	12.053211	-0.45734817	2.4166667	6.2109895	24.0	0.0	1000.0	1664.0	0.002411594202898551	0.49376687	0.5699484	2.0198293	-1.2080901	0.18952738	0.33234042	4.123377	-2.0475888	7.450581e-09	-0.00045509927	8.381903e-09	-0.00043619514	0.20383042	-0.049906183	2.4015222	-1.1281998	0.4454847	-0.01704815	1.0	1.7170789	0.000983359	690000	649.9965748786926
23	4.6568356	3.3066652	12.135928	-0.8543624	4.125	7.865073	28.0	0.0	1000.0	1764.0	0.00245	0.49260825	0.58607703	2.1760242	-1.0416241	0.325443	0.76078224	15.917248	-1.5608205	5.5879354e-09	-0.00038581225	5.5879354e-09	-0.0003914779	0.1847215	-0.045179978	2.244585	-0.8349573	0.42843655	-0.016483784	1.0	1.7167848	0.0008320245	720000	677.4324598312378
24	4.2296357	3.4401655	11.3485	-0.7658741	1.5833334	3.817904	13.0	0.0	1000.0	1820.0	0.002426666666666667	0.47215286	0.5731582	1.976257	-1.1334782	0.3198208	0.5246721	11.738219	-2.615323	-1.8626451e-09	-0.00058378605	6.0535967e-09	-2.799905e-06	0.16999118	-0.037600543	1.0583203	-0.37087792	0.41195276	-0.016067028	1.0	1.7164195	0.0005791073	750000	704.6866073608398
25	4.4123483	3.0949733	10.322584	-1.0388987	4.6666665	6.9261985	22.0	0.0	1000.0	1968.0	0.002523076923076923	0.5343844	0.600218	2.3005435	-1.187325	0.27657285	0.6464264	10.680791	-1.466161	7.450581e-09	-0.00062274374	0.0	-0.00079493434	0.18380123	-0.04904523	2.9085898	-1.0151716	0.39588574	-0.015484571	1.0	1.7162625	0.0030370508	780000	732.3202283382416
26	6.425911	3.8027582	13.861196	0.61002046	3.125	4.7020607	13.0	0.0	1000.0	2099.0	0.002591358024691358	0.56196517	0.5833475	2.6272027	-1.1820457	0.4913587	0.95402724	12.603656	-3.0404823	-7.450581e-09	-0.0003697022	-3.7252903e-09	-9.934674e-05	0.2321719	-0.06553074	2.3259315	-0.9006597	0.38040116	-0.015006274	1.0	1.7163858	0.0018728778	810000	759.1637146472931
27	5.7006965	3.5927444	12.763089	0.45067775	1.9583334	4.970573	20.0	0.0	1000.0	2146.0	0.0025547619047619047	0.5712553	0.6125976	2.505177	-1.0105804	0.35222507	0.48406565	9.240863	-2.5336788	-9.313226e-10	-0.00071550685	-1.8626451e-09	-0.00012674651	0.18146583	-0.04889407	1.1769848	-0.55188894	0.3653949	-0.014592081	1.0	1.7162104	0.0023853497	840000	785.9284944534302
28	3.7285042	3.0510528	9.587194	-1.5978153	3.2083333	5.1799226	17.0	0.0	1000.0	2223.0	0.0025551724137931036	0.5061721	0.5912933	2.3580797	-1.2041045	0.25938892	0.58696246	11.793219	-1.9871563	-1.0244548e-08	-0.00039967243	1.3969839e-09	-5.713664e-07	0.17790917	-0.04791238	1.1678035	-0.41213116	0.3508028	-0.014113486	1.0	1.7160677	0.0019470857	870000	812.6970596313477
29	6.3662376	2.5598304	10.656098	0.13768429	1.875	4.798546	19.0	0.0	1000.0	2286.0	0.00254	0.59550434	0.6159681	2.5714824	-0.94647723	0.24860784	0.3729436	10.419244	-2.1212883	-3.7252903e-09	0.00031732186	-9.313226e-09	3.284018e-05	0.1818196	-0.0454265	1.0602223	-0.28380275	0.33668932	-0.013697058	1.0	1.715939	0.0030828528	900000	839.4780602455139
30	5.9337525	3.490366	13.32455	0.9823211	3.625	5.1138086	15.0	0.0	1000.0	2389.0	0.0025688172043010753	0.6404095	0.57847893	2.3279269	-0.8627863	0.2488305	0.41535607	10.5259	-1.564188	-1.3969839e-08	-0.0003686815	-4.656613e-09	8.50684e-05	0.23888114	-0.058463093	1.7944674	-0.53666407	0.32299227	-0.013194323	1.0	1.7158101	0.0014724231	930000	866.7058570384979
31	6.1602044	2.6824057	11.51946	1.3241237	3.6666667	7.3238573	32.0	0.0	1000.0	2491.0	0.0025947916666666667	0.64268064	0.63379496	2.4127522	-1.3953444	0.3596935	0.5584013	10.039541	-1.7395266	8.381903e-09	-0.00035934226	0.0	-0.00010410434	0.16786186	-0.05363267	1.6554396	-0.72897565	0.30979794	-0.012706965	1.0	1.7158933	0.0020306394	960000	893.7869889736176
32	5.6298413	3.8373	18.631767	-0.5693319	4.625	8.50888	33.0	0.0	1000.0	2627.0	0.0026535353535353536	0.5762172	0.57428944	2.3761604	-1.1006391	0.39736006	0.8559046	14.729253	-1.6834946	-3.259629e-09	-0.00062195625	3.7252903e-09	-0.00015752518	0.23690873	-0.07115298	2.4013143	-1.0701479	0.29709098	-0.012199134	1.0	1.7160239	0.0007197221	990000	920.5787053108215
