Epoch	AverageEpRet	StdEpRet	MaxEpRet	MinEpRet	AverageEpCost	StdEpCost	MaxEpCost	MinEpCost	EpLen	CumulativeCost	CostRate	AverageVVals	StdVVals	MaxVVals	MinVVals	AverageCostVVals	StdCostVVals	MaxCostVVals	MinCostVVals	LossPi	DeltaLossPi	SurrCost	DeltaSurrCost	LossV	DeltaLossV	LossVC	DeltaLossVC	Penalty	DeltaPenalty	StopIter	Entropy	KL	TotalEnvInteracts	Time
0	-0.26189205	0.8688825	1.0951385	-2.6225615	13.083333	18.128975	80.0	0.0	1000.0	391.0	0.013033333333333333	0.7530256	0.51390564	2.0276577	-1.0725923	-0.33197767	0.12079201	0.278644	-0.8755864	1.1175871e-08	0.012835532	9.313226e-09	-0.0032390703	0.9685652	-0.8574429	10.8711815	-4.145361	0.99999994	-0.031173885	1.0	1.837877	0.0224454	30000	25.604310989379883
1	-0.08355552	0.8434121	1.6239966	-1.4487127	14.875	18.162031	55.0	0.0	1000.0	767.0	0.012783333333333334	0.062273704	0.33493218	0.85007966	-1.053985	1.1742457	1.1674864	5.905404	-1.8877162	9.313226e-10	0.028406246	-5.5879354e-09	-0.0004006764	0.06272813	-0.016358785	6.8823333	-1.4964824	0.96882606	-0.030263782	1.0	1.8380811	0.07658227	60000	50.45466661453247
2	-0.17790526	0.6623989	1.0322669	-1.5254675	4.4583335	15.840294	79.0	0.0	1000.0	920.0	0.010222222222222223	-0.010404707	0.3234451	0.56162083	-0.8454584	0.9804848	1.536587	6.50293	-2.7354975	3.7252903e-09	0.0004421858	7.450581e-09	-0.0009069536	0.034241952	-0.00825314	4.1046476	-1.6287181	0.9385623	-0.02912128	1.0	1.8386856	0.005116786	90000	74.78879594802856
3	0.08058248	0.917592	3.1527855	-1.2313595	7.4166665	8.5289545	26.0	0.0	1000.0	1118.0	0.009316666666666666	0.015149578	0.24663557	0.5321797	-0.7913488	0.8900431	0.94784653	7.326727	-2.3151796	-3.7252903e-09	0.00010509777	-1.3038516e-08	-0.0020476459	0.036520902	-0.007217367	3.7717621	-0.65369576	0.909441	-0.028974354	1.0	1.8388877	0.009833871	120000	99.30557346343994
4	-0.1603285	0.729685	1.5970843	-1.4578736	5.375	19.185091	96.0	0.0	1000.0	1258.0	0.008386666666666667	0.006914507	0.29599354	0.61056805	-0.85830957	0.78981584	0.6766024	6.6118655	-1.9320242	-1.8626451e-09	-0.005346691	-3.7252903e-09	-0.005093738	0.033786595	-0.005800278	3.6491055	-1.7675586	0.88046664	-0.028368115	79.0	1.8390617	0.006152318	150000	131.07510924339294
5	-0.13585526	0.7432053	0.8680821	-1.8956097	2.3333333	4.938511	19.0	0.0	1000.0	1397.0	0.007761111111111111	-0.001155244	0.27570406	0.5763951	-0.82500786	0.38273957	0.7241142	9.108472	-2.4409952	-7.450581e-09	-0.0067336666	-9.313226e-09	-0.006419199	0.02671072	-0.0029311362	3.0037332	-1.413539	0.8520985	-0.029218316	79.0	1.818129	0.007127079	180000	162.87505292892456
6	-0.071350366	0.6687368	1.4423437	-1.1239839	3.125	5.0933986	17.0	0.0	1000.0	1487.0	0.007080952380952381	0.011006155	0.28575334	0.7293993	-0.8905315	0.5743211	1.144757	16.258617	-2.8919883	3.7252903e-09	0.005249177	-1.8626451e-09	0.00031173835	0.041807503	-0.009566471	2.1112928	-1.1690472	0.8228802	-0.028048277	6.0	1.8066465	0.016027672	210000	187.9438931941986
7	-0.073120944	0.8366559	1.9275984	-1.3968897	4.7916665	9.999913	48.0	0.0	1000.0	1637.0	0.006820833333333333	-0.008241505	0.3059172	0.63704133	-0.9742655	0.32460272	0.19003102	1.5850542	-1.4516579	-3.7252903e-09	-0.00036800862	-3.7252903e-09	8.150609e-05	0.041023336	-0.008237162	2.2042305	-0.3105166	0.79483193	-0.027411282	1.0	1.8062284	0.0027031023	240000	212.44141268730164
8	-0.15139009	0.74480516	1.0102768	-2.164132	4.9583335	8.815134	36.0	0.0	1000.0	1771.0	0.0065592592592592595	-0.013923305	0.29647914	0.6677333	-0.89796764	0.4980339	0.5221964	3.7117095	-1.0898196	-8.381903e-09	-0.00056719105	-1.8626451e-09	-0.00018843326	0.03357051	-0.0060412926	2.3632488	-0.39212835	0.76742065	-0.026748657	1.0	1.806018	0.00093574915	270000	236.82188820838928
9	-0.04843219	0.73996216	1.3916663	-2.215188	3.9166667	6.651545	23.0	0.0	1000.0	1916.0	0.006386666666666666	0.007681196	0.30092502	0.607618	-0.8511441	0.5116526	0.50888556	3.7489269	-1.871347	0.0	-0.0003685943	4.656613e-09	-0.00055815605	0.030300193	-0.0054393	2.958119	-0.50175893	0.740672	-0.026155949	1.0	1.8060465	0.0017507231	300000	261.3948447704315
10	-0.37373134	0.9657038	1.1167864	-2.8646147	5.5416665	8.149535	30.0	0.0	1000.0	2094.0	0.006345454545454546	-0.021296334	0.30519927	0.6229032	-0.891633	0.5529475	0.5135112	5.53551	-0.8867259	-1.8626451e-09	-0.00042254198	3.7252903e-09	-0.00010887097	0.03949127	-0.00919497	2.654768	-0.53257656	0.71451604	-0.02546072	1.0	1.8061076	0.0019723093	330000	286.03509068489075
11	0.07674467	0.84283406	1.6499932	-1.0687145	3.5833333	7.04105	26.0	0.0	1000.0	2258.0	0.0062722222222222224	0.004598395	0.31668907	0.69834	-0.9524498	0.6230078	0.8773925	12.214506	-1.1918894	-3.7252903e-09	-0.0007446669	-7.450581e-09	-0.0006449384	0.032232482	-0.006196468	3.350367	-1.498091	0.6890553	-0.024918795	1.0	1.8061819	0.0031962995	360000	310.69065737724304
12	-0.06313175	1.0223048	2.9067416	-1.9106663	4.75	13.775733	69.0	0.0	1000.0	2447.0	0.006274358974358974	0.023960682	0.2952127	0.6358396	-0.8495774	0.51189464	1.1155956	12.699766	-1.6617785	7.450581e-09	-0.00034237024	1.4901161e-08	-0.000514111	0.038613822	-0.011375611	7.967475	-5.8282228	0.6641365	-0.024285793	1.0	1.8063495	0.003974689	390000	335.5547685623169
13	-0.12772505	0.96645945	1.6185522	-2.3939989	6.5833335	10.246612	37.0	0.0	1000.0	2609.0	0.006211904761904762	0.0023683512	0.30328423	0.73545945	-0.9565176	0.59860724	1.3875923	25.970222	-1.9415365	-4.656613e-09	0.00016488729	-7.450581e-09	0.00089646317	0.041823916	-0.013639891	4.1668177	-1.7820027	0.63985074	-0.023515582	1.0	1.8068221	0.0046716477	420000	360.21760058403015
14	0.29255846	0.8518823	2.7241468	-1.0843177	2.125	4.789855	20.0	0.0	1000.0	2695.0	0.005988888888888889	0.013761247	0.28808525	0.6401078	-0.88100517	0.5579448	0.55250704	11.283933	-2.8762648	-3.7252903e-09	-0.00053659664	-1.8626451e-09	-0.0003532918	0.03335481	-0.010260725	1.4136573	-0.34617108	0.61633515	-0.023041427	1.0	1.8072305	0.0012455463	450000	384.82737469673157
15	-0.16120483	0.794395	1.1003401	-1.4282793	1.4166666	4.526926	22.0	0.0	1000.0	2800.0	0.005833333333333334	-0.010542721	0.32641873	0.873601	-0.9664438	0.31042364	0.45865577	7.032903	-1.9395194	1.8626451e-09	-0.00048667553	3.7252903e-09	-0.00031737797	0.03374323	-0.009688277	3.7907739	-1.9356704	0.5932937	-0.022557676	1.0	1.8076367	0.0016170066	480000	409.7292683124542
16	0.09975525	0.79880553	2.2550504	-1.3099258	1.5416666	3.2142801	13.0	0.0	1000.0	2845.0	0.005578431372549019	0.062877335	0.31432667	0.7855646	-0.9141581	0.36021987	1.1673405	32.209957	-3.5793538	1.4901161e-08	-0.00037520553	4.1909516e-09	-0.00031961058	0.025100395	-0.009277891	1.959118	-1.3902092	0.57073605	-0.02203077	1.0	1.8081039	0.0002669609	510000	434.5363597869873
17	-0.2725605	0.7993011	0.9825358	-1.8083745	1.7083334	8.192879	41.0	0.0	1000.0	2886.0	0.005344444444444444	0.013319398	0.30014253	0.69912887	-0.9506797	0.15422237	0.056578487	1.1219466	-0.34944108	-5.5879354e-09	-0.0006172899	0.0	0.000106669264	0.023356896	-0.007515002	1.0496801	-0.093466714	0.5487053	-0.021476448	1.0	1.8085907	0.00052713626	540000	459.39594292640686
18	-0.26677778	0.9644478	2.1221247	-2.0935972	3.5833333	9.50402	34.0	0.0	1000.0	3046.0	0.005343859649122807	-0.022015324	0.29648346	0.6431275	-0.9732154	0.16282383	0.18859838	1.3397235	-0.2545308	-1.071021e-08	-0.0010442537	7.450581e-09	-0.0008430843	0.020491078	-0.0055139936	4.6274104	-1.445693	0.52722883	-0.020803869	1.0	1.8091004	0.0017722156	570000	484.349613904953
19	0.22660877	0.9649296	1.9040529	-1.6616081	3.625	10.50719	49.0	0.0	1000.0	3155.0	0.005258333333333334	-0.020149454	0.32933536	0.7357461	-0.861641	0.5733693	0.7324628	5.6951203	-0.73596364	-7.450581e-09	-0.00023831683	0.0	-0.00011388527	0.022029761	-0.0033481803	2.465888	-0.97195095	0.50642496	-0.020148039	1.0	1.8095278	0.00012608475	600000	509.4011023044586
20	0.34828708	0.89999944	1.9876623	-1.5623149	4.9166665	10.773875	49.0	0.0	1000.0	3273.0	0.005195238095238096	0.091940515	0.31523046	0.7783432	-0.9173461	0.27809954	0.33602884	11.735033	-0.6626539	1.5832484e-08	-0.00051986217	0.0	2.4605542e-05	0.040802836	-0.019065922	3.5018668	-1.4674723	0.48627692	-0.019439787	1.0	1.8099275	0.00059669744	630000	534.1557397842407
21	0.26293716	0.666546	2.05743	-1.3348662	4.4166665	10.908394	45.0	0.0	1000.0	3409.0	0.005165151515151515	0.029458707	0.27843	0.7207327	-0.93119526	0.43833235	0.80544674	18.663998	-0.9509567	1.1175871e-08	-0.0017558035	-9.313226e-09	-0.00025638146	0.017895225	-0.0048594074	2.522461	-0.7545483	0.46683714	-0.018488348	8.0	1.8100388	0.0018027045	660000	559.821845293045
22	0.2381288	1.1813309	4.080972	-1.6112772	4.4166665	12.789699	62.0	0.0	1000.0	3575.0	0.005181159420289855	-0.011770402	0.29377154	0.677834	-0.8888573	0.4647627	0.6847704	12.169918	-0.78060347	1.8626451e-09	-0.00029631564	3.7252903e-09	0.00028815516	0.034904357	-0.013211084	3.6169267	-0.9942296	0.4483488	-0.018195152	1.0	1.8040543	0.0016264525	690000	584.7846834659576
23	-0.068665884	0.7538231	1.0652796	-1.739805	3.0833333	6.7014713	22.0	0.0	1000.0	3649.0	0.005068055555555556	0.038350724	0.30665883	0.70124656	-0.84068555	0.6311643	0.72961104	7.4975204	-1.163064	-3.7252903e-09	-0.006482872	1.0244548e-08	-0.002617116	0.03193824	-0.016505321	1.8465279	-0.7565385	0.43015364	-0.0194062	79.0	1.802315	0.005792103	720000	616.9919991493225
24	0.0459222	0.92300844	1.7572693	-1.5792829	4.2083335	10.633983	49.0	0.0	1000.0	3763.0	0.005017333333333334	0.012795102	0.2986843	0.72881246	-0.9483125	0.26465404	0.48615173	12.797023	-1.2031193	1.1641532e-09	-0.0075285886	3.7252903e-09	-0.005580395	0.018503722	-0.005166648	2.8437276	-1.5913111	0.41074744	-0.018401563	79.0	1.7942455	0.0059391293	750000	649.2703926563263
25	-0.054550603	1.0349499	2.9239106	-1.606892	4.6666665	6.7556562	19.0	0.0	1000.0	3875.0	0.004967948717948718	-0.044994365	0.29831663	0.7741998	-0.98398596	0.2833316	0.5513154	10.611412	-1.4199728	5.5879354e-09	-0.0070531797	-4.656613e-10	-0.0027382078	0.029812485	-0.0087775625	1.8687379	-0.3604658	0.39234588	-0.01928696	79.0	1.7839452	0.0057200124	780000	681.6436040401459
26	-0.017748222	1.2394298	2.8025935	-3.3270137	4.375	6.3953924	23.0	0.0	1000.0	3996.0	0.004933333333333333	-0.0036801575	0.35695753	0.7342031	-0.88205457	0.42302838	0.8105759	16.029747	-0.885098	-9.313226e-09	-0.006538986	2.7939677e-09	-0.002522146	0.032132283	-0.011296747	2.2399578	-0.48262912	0.37305892	-0.01870218	79.0	1.7720743	0.005743942	810000	713.7340247631073
27	-0.015254597	1.0887674	2.812086	-1.4988729	4.5	9.556848	44.0	0.0	1000.0	4143.0	0.004932142857142857	0.0014947744	0.31368455	0.8378699	-0.9778576	0.43379593	0.63956136	11.161755	-0.9696724	7.450581e-09	-0.007756946	0.0	-0.0028544553	0.033318177	-0.010367252	4.553555	-2.8125043	0.35435674	-0.018352956	79.0	1.7510715	0.0050012697	840000	745.8652608394623
28	0.13720599	1.2284924	2.0494733	-2.840583	10.916667	18.309643	64.0	0.0	1000.0	4405.0	0.005063218390804597	-0.001325416	0.3055289	0.73367167	-0.89748895	0.48895997	1.2173517	19.777475	-1.8496459	-1.5832484e-08	-0.0015163114	-1.4901161e-08	-0.0026358198	0.03412704	-0.010055705	6.8137765	-4.38222	0.33600378	-0.014296204	13.0	1.7329319	0.008430201	870000	771.798914194107
29	0.2856193	1.384295	3.4683056	-3.1554387	11.875	20.73305	75.0	0.0	1000.0	4714.0	0.005237777777777778	0.020911602	0.32426673	0.76617235	-0.9411152	0.8407394	1.5552678	14.674781	-1.3337132	5.5879354e-09	0.0111902105	3.7252903e-09	0.0025585396	0.043462314	-0.010160011	6.74839	-4.140946	0.32170758	-0.013063341	1.0	1.7244854	0.021914857	900000	796.5298540592194
30	-0.18146817	1.3492669	1.9097134	-3.1552808	6.875	15.048014	67.0	0.0	1000.0	4882.0	0.005249462365591398	0.00436671	0.33413368	0.8131811	-1.2831439	0.84245265	1.5389794	22.818645	-1.7866018	7.450581e-09	-0.00010565278	1.1175871e-08	0.0006790231	0.0371089	-0.012136001	5.574719	-3.610228	0.30864424	-0.012485802	1.0	1.7229009	0.0030034138	930000	821.8512485027313
31	0.08235292	0.96390665	1.8344772	-1.9235744	3.25	13.648108	68.0	0.0	1000.0	4995.0	0.005203125	-0.026206577	0.3297682	0.70050347	-1.0359402	0.52619237	0.79931575	10.109536	-1.6519489	1.1175871e-08	-9.066184e-05	5.5879354e-09	0.0005345023	0.034201033	-0.0099072065	2.6087904	-1.6407984	0.29615843	-0.012100011	1.0	1.7220044	0.002797586	960000	846.6344282627106
32	0.22655596	1.151808	4.4774513	-1.596078	3.875	12.070323	59.0	0.0	1000.0	5088.0	0.005139393939393939	0.026377987	0.32867515	0.7598636	-1.0082272	0.38010338	0.9578719	14.072992	-1.2364911	-1.7695129e-08	1.7811777e-05	5.5879354e-09	-9.1286056e-05	0.03344124	-0.010213574	1.2822611	-0.73874056	0.28405842	-0.011708885	1.0	1.7216563	0.0055870637	990000	871.3185231685638
33	0.4534198	1.113362	2.36313	-2.0772367	10.541667	24.46252	103.0	0.0	1000.0	5362.0	0.005256862745098039	0.026992057	0.32140255	0.83690745	-0.9139841	0.14758943	0.39709762	13.225921	-1.4650414	1.8626451e-09	-0.00022018305	-1.6763806e-08	-0.00051393267	0.04253456	-0.01091664	12.714134	-8.860192	0.27234954	-0.01103583	1.0	1.7215784	0.0021626044	1020000	896.0331268310547
34	0.17859729	1.2225195	3.8741689	-1.7392893	8.791667	32.01169	160.0	0.0	1000.0	5577.0	0.005311428571428571	-0.034621637	0.31894428	0.7840073	-1.1692507	0.7533776	1.7659936	31.552008	-1.7159277	-7.450581e-09	0.003581367	1.8626451e-08	-0.00048924144	0.058278337	-0.019139387	22.11959	-18.560574	0.2613137	-0.010518372	1.0	1.7218981	0.0131645845	1050000	920.7121825218201
35	0.4656644	1.2416023	3.4673452	-1.7794012	18.708334	40.15852	156.0	0.0	1000.0	6111.0	0.005658333333333333	0.055867616	0.31513467	0.90527034	-1.0049558	0.8436947	3.2412384	51.363823	-1.8606515	0.0	0.0013317296	-1.4901161e-08	-0.0037254896	0.046092063	-0.019537382	42.04929	-33.818283	0.25079533	-0.009571284	1.0	1.7224672	0.008582359	1080000	945.7319371700287
36	0.487983	2.4084117	8.054004	-2.886309	6.9166665	11.575537	44.0	0.0	1000.0	6284.0	0.005661261261261262	0.031437147	0.3327387	0.88773286	-1.1692775	1.3306416	3.3049848	59.449192	-4.146754	1.8626451e-09	0.0016424172	-3.7252903e-09	0.0018183182	0.09315063	-0.035816647	12.369787	-10.203635	0.24122405	-0.009285688	1.0	1.7228317	0.008131389	1110000	970.2541830539703
37	0.1165671	1.0857226	2.3731694	-2.0121355	4.1666665	6.0461197	22.0	0.0	1000.0	6455.0	0.005662280701754386	0.07177915	0.35351935	1.1828454	-1.2310293	0.77681047	1.0563104	11.441918	-3.0972826	2.7939677e-09	0.00018645602	0.0	0.000119294506	0.038731784	-0.015875774	3.3329601	-1.3628455	0.23193836	-0.009116158	1.0	1.7231653	0.002626814	1140000	995.245344877243
38	-0.011524131	1.2480623	2.5636902	-2.315852	1.75	4.2450953	15.0	0.0	1000.0	6523.0	0.005575213675213676	0.009891994	0.31607834	0.9089726	-1.024634	0.44659203	0.52416265	7.59862	-1.6385958	-6.519258e-09	-0.0005541481	1.3969839e-09	2.8372102e-05	0.042049583	-0.014555225	1.1233596	-0.2606706	0.2228222	-0.009017304	1.0	1.7237179	0.0038539525	1170000	1020.0608432292938
39	-0.01626575	0.87959903	2.602541	-1.4876939	13.458333	34.461308	168.0	0.0	1000.0	6858.0	0.005715	-0.03212476	0.31889975	0.7420377	-1.2037299	0.295059	0.55932486	6.669291	-2.877488	0.0	-0.00031122705	0.0	-0.0003635753	0.045497242	-0.0141439475	30.351938	-13.311499	0.2138049	-0.008429483	1.0	1.7241492	0.00037768646	1200000	1044.7931973934174
40	0.58350474	0.9987279	2.9634502	-1.7071095	7.25	15.565051	65.0	0.0	1000.0	7075.0	0.005752032520325203	0.011068059	0.3034528	0.7810844	-1.0592039	0.8608814	1.558909	22.46783	-2.7007859	3.7252903e-09	-0.0011258957	-8.381903e-09	0.00045833376	0.04200758	-0.014461101	5.698406	-2.3902993	0.20537542	-0.008150041	1.0	1.724627	0.0030400534	1230000	1069.7672078609467
41	0.16384552	1.1912844	2.0110686	-2.54844	4.7083335	13.299372	54.0	0.0	1000.0	7206.0	0.005719047619047619	0.062067512	0.3068892	0.7908901	-0.9138772	0.8026741	1.5495446	18.976685	-2.3026402	-7.450581e-09	-0.0006276168	1.8626451e-09	0.00019327788	0.036875583	-0.014869206	2.6899915	-1.3307049	0.19722538	-0.007968649	1.0	1.725306	0.00083469873	1260000	1094.3051261901855
42	0.23905933	1.558214	3.3537307	-2.5825346	5.9166665	13.313266	57.0	0.0	1000.0	7355.0	0.0057015503875968996	0.0024189488	0.2942607	0.76437694	-1.0284317	0.36094537	0.75524443	15.441779	-1.6821721	-7.450581e-09	-0.0003777414	-2.7939677e-09	7.515866e-05	0.058584437	-0.021887532	2.4353213	-0.9030452	0.18925673	-0.007732168	1.0	1.7258818	0.0002867226	1290000	1118.9857242107391
43	0.54517275	1.3221891	4.746367	-1.7216935	4.0	7.9843597	34.0	0.0	1000.0	7467.0	0.005656818181818182	0.024577038	0.31670088	0.88937074	-1.122706	0.41000196	0.6233928	15.7297	-1.3302097	-6.9849193e-09	-0.0003314505	-5.122274e-09	-7.0467126e-05	0.047580097	-0.015076887	2.1725726	-0.49371904	0.18152456	-0.0075576752	1.0	1.72644	0.0004078662	1320000	1143.6572229862213
44	0.33470765	1.0521277	2.4051917	-1.6891209	4.9166665	9.073389	30.0	0.0	1000.0	7591.0	0.005622962962962963	0.038003817	0.34391603	0.88829327	-1.1108885	0.489994	0.49692646	8.498456	-1.5541099	-3.7252903e-09	-0.0007781463	-4.656613e-09	-0.00024375453	0.04214938	-0.015418587	2.185388	-0.47599843	0.17396688	-0.007340923	1.0	1.7269417	0.0015125636	1350000	1168.304440498352
45	0.6002867	1.6811244	4.796855	-2.161315	8.041667	10.076702	34.0	0.0	1000.0	7817.0	0.005664492753623188	0.037319575	0.3094785	0.83689386	-1.1462798	0.43787122	0.6512932	8.183303	-2.0036411	-8.381903e-09	-0.00050783204	-9.313226e-10	-0.00012239505	0.057391554	-0.02636908	3.602655	-0.9947034	0.16662596	-0.007022992	1.0	1.7276905	0.00032593028	1380000	1193.084873199463
46	0.64545566	1.0830537	2.878195	-1.2830491	11.25	29.961433	147.0	0.0	1000.0	8171.0	0.0057950354609929075	0.022174608	0.3360819	0.8749316	-1.2637252	0.734461	1.2231911	14.926615	-2.16451	-1.8626451e-09	-0.0005908831	-3.3527613e-08	-8.564768e-05	0.048479594	-0.019318018	23.473696	-17.92156	0.15960297	-0.0066218376	1.0	1.7283435	0.00065085763	1410000	1217.7018826007843
47	0.37895656	1.3199127	3.1049707	-2.222882	7.25	10.308775	39.0	0.0	1000.0	8378.0	0.0058180555555555555	0.0636493	0.3260495	0.8667084	-1.1586883	0.7525401	1.3436495	20.805258	-2.7239695	-2.7939677e-09	-0.00063032354	-7.450581e-09	-0.00042996323	0.053451315	-0.022620343	4.5063972	-2.1520245	0.15298113	-0.0063780695	1.0	1.7287536	0.0006608323	1440000	1242.3616197109222
48	0.74516624	1.2088318	2.960411	-1.8870982	8.583333	13.698895	42.0	0.0	1000.0	8672.0	0.005899319727891156	0.06137397	0.33402753	0.84849054	-1.0149351	0.8165277	2.0492082	31.133478	-1.8953989	1.8626451e-09	-0.00074933376	0.0	-0.00022826344	0.05831511	-0.02183057	6.425894	-3.595494	0.14660306	-0.006104186	1.0	1.728952	0.0011904674	1470000	1267.1585443019867
49	0.54606503	1.2937288	4.0558486	-1.9085686	3.2083333	6.204697	18.0	0.0	1000.0	8765.0	0.005843333333333333	0.092247546	0.30115494	0.97529227	-0.96206725	0.7983509	1.3632698	18.020523	-1.8974338	-3.7252903e-09	-0.0007865268	3.7252903e-09	-0.0004946628	0.053496882	-0.021789428	3.0571184	-1.7504629	0.14049888	-0.0059884638	1.0	1.7288198	0.0030098076	1500000	1291.8970816135406
50	0.86277264	1.3725357	4.933602	-1.9083514	4.6666665	7.051399	22.0	0.0	1000.0	8916.0	0.005827450980392157	0.102505125	0.33391902	1.393802	-1.2948242	0.46473813	0.8622697	13.112965	-4.624065	1.3504177e-08	-0.0074308095	7.450581e-09	-0.0013451702	0.06205158	-0.027323626	2.8927574	-1.053909	0.13451041	-0.006309226	79.0	1.7284721	0.0052874964	1530000	1324.117194890976
51	0.82510227	1.3405125	5.0640135	-1.2392119	4.4166665	8.356218	33.0	0.0	1000.0	9057.0	0.005805769230769231	0.06042997	0.31024945	1.0737907	-1.163286	0.48121238	0.82018274	10.203207	-3.5222669	0.0	-0.008784037	-1.3038516e-08	-0.0007169198	0.046514325	-0.019947924	2.3007565	-0.8706218	0.12820119	-0.0066324547	79.0	1.7160207	0.0058174	1560000	1356.0180170536041
52	1.5339679	1.1481352	4.4016576	-0.21952382	8.291667	14.833742	49.0	0.0	1000.0	9308.0	0.005854088050314466	0.08476276	0.30804902	1.0903988	-1.0411539	0.55040807	1.340892	15.493889	-3.670513	9.313226e-10	-0.008242452	0.0	-0.0029663737	0.055768933	-0.022689963	3.5961423	-1.7914891	0.12156873	-0.006039329	79.0	1.6898813	0.0066930335	1590000	1387.8977408409119
53	1.2269841	1.1104945	3.8591027	-0.40530396	14.041667	18.02424	62.0	0.0	1000.0	9727.0	0.006004320987654321	0.14053757	0.33049053	1.3333666	-1.1123568	1.0923151	2.005083	18.4746	-2.7127447	7.450581e-09	-0.008649921	-2.0489097e-08	-0.0023007877	0.04568284	-0.01653872	7.7813845	-3.7854378	0.1155294	-0.0057302043	79.0	1.6542444	0.0050728093	1620000	1419.8771233558655
54	1.6975926	1.5671369	6.292489	-0.0519029	3.5416667	5.3305655	18.0	0.0	1000.0	9828.0	0.005956363636363636	0.11137912	0.31588563	1.2159387	-1.1576982	1.0668523	1.5817252	16.771248	-1.3883934	1.21071935e-08	-0.009004927	2.7939677e-09	-0.0012190177	0.0873999	-0.033411067	3.1426694	-1.9528598	0.1097992	-0.0056562424	79.0	1.6454897	0.0062367767	1650000	1451.8840358257294
55	1.3097663	1.8140029	6.964343	-0.62919515	6.7083335	8.585255	30.0	0.0	1000.0	10062.0	0.005989285714285714	0.15404812	0.3599299	1.850427	-1.1870637	0.4351114	0.7287072	10.858472	-2.2618313	9.313226e-10	-0.009287903	3.7252903e-09	-0.001988648	0.0768701	-0.035837207	4.0620756	-1.7727768	0.10414296	-0.0054239854	79.0	1.6250756	0.006198146	1680000	1484.1129703521729
56	1.8619576	1.800722	6.751884	-1.9055345	8.25	18.030645	84.0	0.0	1000.0	10270.0	0.006005847953216375	0.17711696	0.36722392	1.5608809	-1.4104338	0.8337002	1.5870837	16.872572	-1.807184	3.7252903e-09	-0.008364006	-1.4901161e-08	-0.0026454683	0.10732092	-0.057566896	5.5729203	-2.980514	0.09871897	-0.0049738064	79.0	1.6187149	0.0069177286	1710000	1516.014264345169
57	1.1784554	1.1939582	3.3193197	-1.427253	7.25	8.598692	29.0	0.0	1000.0	10461.0	0.006012068965517241	0.1398714	0.30208045	1.1266288	-1.1117631	0.5687729	0.97969747	13.879002	-1.6547958	4.656613e-09	0.01649867	8.381903e-09	-7.562467e-05	0.06346548	-0.031432323	3.0377643	-1.4784065	0.093745165	-0.0041404143	5.0	1.5976027	0.028485052	1740000	1541.085126399994
58	1.3188235	1.4392669	4.5435166	-0.7066619	12.25	33.235584	167.0	0.0	1000.0	10773.0	0.006086440677966102	0.11112958	0.3058716	0.9633135	-1.1413627	0.9606583	1.8749405	20.362394	-1.3888453	-5.5879354e-09	0.0063162223	-2.9802322e-08	0.0005113948	0.05652259	-0.025229018	26.978743	-22.584023	0.08960475	-0.0038244277	1.0	1.5957034	0.012913631	1770000	1566.22070145607
59	2.1568434	2.5163581	9.920236	-2.6432126	11.708333	12.381031	47.0	0.0	1000.0	11131.0	0.006183888888888889	0.15448996	0.35503805	1.6310755	-1.2344533	1.3649616	4.2797112	64.83438	-1.7822837	-2.7939677e-09	0.005010282	-1.4901161e-08	-0.0010633031	0.09746659	-0.037672743	19.06345	-15.53698	0.08578032	-0.0035796165	1.0	1.5951438	0.015080471	1800000	1590.8205029964447
60	1.9544462	1.8968521	5.9557333	-1.2577881	9.625	12.818646	49.0	0.0	1000.0	11500.0	0.006284153005464481	0.19743952	0.38921356	1.7907674	-1.212468	0.9577559	1.402383	11.895989	-2.3157384	-1.4901161e-08	0.00091585563	0.0	-0.0005267605	0.08803837	-0.041983344	13.159024	-5.3025484	0.082200706	-0.0034018531	1.0	1.595134	0.0037244475	1830000	1615.7803709506989
61	1.7840368	1.6101419	6.128849	-0.94664806	27.916666	81.327484	412.0	0.0	1000.0	12280.0	0.0066021505376344086	0.16789037	0.34927207	1.5962107	-1.2626551	1.4432151	2.0992367	16.80915	-2.7314472	-2.4214387e-08	0.0009471921	-5.9604645e-08	0.0020074556	0.073796034	-0.03848256	105.67646	-96.50262	0.07879885	-0.0029029474	1.0	1.595602	0.0074356017	1860000	1640.4195003509521
62	1.7737576	1.359468	4.979372	-0.95141494	7.4583335	12.75075	46.0	0.0	1000.0	12486.0	0.006606349206349206	0.17367902	0.3578338	1.385578	-1.2691263	2.0538137	6.451888	77.18542	-2.158131	-3.259629e-09	0.0005818676	0.0	0.002368227	0.06135658	-0.029751	22.772186	-17.380114	0.075895905	-0.0028477907	1.0	1.596123	0.006147178	1890000	1665.111890077591
63	1.9284827	1.6090417	4.9502435	-1.9271438	17.291666	35.492348	170.0	0.0	1000.0	12936.0	0.0067375	0.17374612	0.3148718	1.5108379	-1.2700576	1.4568899	3.6074555	51.215843	-2.175735	-1.3038516e-08	-0.00016562815	1.4901161e-08	0.0010041036	0.072993785	-0.032441568	24.505322	-20.59815	0.073048115	-0.0026260242	1.0	1.5969131	0.0017235463	1920000	1689.7383306026459
64	2.279173	1.3391428	4.629489	-0.15347458	7.5416665	10.396231	32.0	0.0	1000.0	13183.0	0.006760512820512821	0.17587799	0.3315782	1.4909931	-1.1740433	1.2416636	3.5417614	55.211216	-1.4941077	-9.313226e-10	-0.0013677173	7.450581e-09	-0.0015124732	0.06904162	-0.031689674	14.804402	-11.8167715	0.07042209	-0.0025918335	1.0	1.5981263	0.003385949	1950000	1714.4439733028412
65	2.384468	1.9235821	7.157818	-0.44192216	11.666667	18.309074	71.0	0.0	1000.0	13485.0	0.00681060606060606	0.19043711	0.33971447	1.4588201	-1.3521624	0.8903354	1.4149277	13.428799	-2.9746532	9.313226e-10	-0.0014961031	-1.8626451e-09	-1.8781284e-05	0.08799685	-0.047612112	9.739547	-3.8510025	0.06783026	-0.0024870113	1.0	1.5993448	0.003795995	1980000	1739.2573084831238
66	2.2732687	2.1125174	8.321848	-1.7442166	5.4583335	7.3822937	22.0	0.0	1000.0	13654.0	0.006793034825870647	0.21118693	0.3585278	1.8507268	-1.1876789	1.0366449	1.4301386	13.57711	-2.2772455	9.313226e-10	-0.0006008607	1.3969839e-09	-0.00015942747	0.09851698	-0.053139403	2.9795947	-1.2820263	0.065343246	-0.0024797693	1.0	1.6009021	0.0015880459	2010000	1764.188862323761
67	2.5556467	2.0697486	7.468363	-0.39297426	7.125	12.484365	41.0	0.0	1000.0	13856.0	0.006792156862745098	0.2422827	0.35275954	2.1478567	-1.0275984	0.62371355	1.0560042	12.235826	-2.1431715	-7.450581e-09	-0.00038798802	-1.1175871e-08	-0.00044715358	0.10136338	-0.05672433	4.9443474	-2.1111763	0.06286348	-0.0024355538	1.0	1.6024431	0.00085494027	2040000	1788.9529185295105
68	2.2555277	2.0397873	7.447158	-0.58347976	8.0	8.722576	32.0	0.0	1000.0	14123.0	0.006822705314009662	0.20881598	0.3585838	1.7794963	-1.3771012	0.7464435	1.3317974	12.986498	-2.0887558	1.8626451e-09	-0.00037877727	1.8626451e-08	-0.0006262548	0.09584723	-0.048644915	4.5322456	-1.236129	0.060427923	-0.0023740046	1.0	1.6038152	0.0034035374	2070000	1813.4535455703735
69	2.0251963	1.4545588	5.8206124	-0.12551138	11.916667	15.641602	47.0	0.0	1000.0	14465.0	0.006888095238095238	0.20102519	0.3748643	1.698904	-1.1588006	0.8525703	1.2960323	15.721847	-2.1631014	0.0	-0.00080289925	5.5879354e-09	0.0011729052	0.07021898	-0.03974878	6.874758	-2.2868338	0.05805392	-0.0022577755	1.0	1.6051066	0.0035872788	2100000	1837.9207348823547
70	1.7997527	1.2483091	5.0260324	-1.0531511	11.0	10.161201	31.0	0.0	1000.0	14791.0	0.006944131455399061	0.19582483	0.33645588	1.4520078	-0.96249443	1.089471	1.6369491	16.330288	-2.012507	-4.1909516e-09	-0.000669946	1.3038516e-08	0.00042483245	0.06839295	-0.03777691	5.5603786	-1.5813664	0.055796143	-0.0021617562	1.0	1.6061015	0.0025945087	2130000	1862.6627814769745
71	1.2250308	1.3274258	4.463541	-1.2071942	13.125	30.620407	119.0	0.0	1000.0	15161.0	0.007018981481481481	0.15223499	0.34231308	1.1667486	-1.4196877	0.9792461	1.4559234	19.031607	-2.5521262	-3.7252903e-09	-0.00025645923	5.2154064e-08	-0.00025397935	0.06656889	-0.03511811	26.297384	-20.681126	0.053634387	-0.0020458587	1.0	1.6074078	0.0009092471	2160000	1887.0446588993073
72	1.9742002	1.8940934	7.4538593	-0.9308364	11.583333	14.674004	58.0	0.0	1000.0	15515.0	0.007084474885844749	0.21510592	0.32873282	1.5822996	-1.0375447	0.827901	1.4755768	29.753214	-1.4201353	-7.450581e-09	-0.001401433	1.8626451e-09	0.00073583715	0.08122992	-0.037816234	9.834792	-2.8730378	0.051588528	-0.001959756	1.0	1.6086171	0.004291647	2190000	1911.4396679401398
73	1.8650869	1.6433574	5.608776	-0.49370003	5.3333335	9.159088	32.0	0.0	1000.0	15738.0	0.00708918918918919	0.16415863	0.33212388	1.5276861	-1.1456752	1.296452	1.5284579	34.08251	-1.023708	1.3038516e-08	-0.0008947773	1.3969839e-08	-4.038193e-05	0.08457661	-0.049998462	4.9847956	-2.25948	0.04962877	-0.0019497313	1.0	1.6098017	0.0027845437	2220000	1936.007224559784
74	2.3169296	1.8270361	6.2310257	-2.2332	7.75	13.386093	62.0	0.0	1000.0	16056.0	0.007136	0.19377767	0.3668996	1.9277098	-1.1013943	0.8234668	1.4031315	21.394823	-2.1197915	3.7252903e-09	-0.00048507197	-1.8626451e-09	-0.00020769518	0.08550194	-0.047969513	18.060093	-13.939557	0.04767904	-0.0019028708	1.0	1.6109765	0.0012893658	2250000	1960.4814734458923
75	1.4555341	1.2964493	4.0620604	-0.8070361	9.5	13.025616	40.0	0.0	1000.0	16330.0	0.0071622807017543855	0.17792575	0.35466707	1.678765	-1.2233573	0.79146236	1.595118	36.824013	-2.7322936	2.7939677e-09	-0.0005522645	2.6077032e-08	0.00022307679	0.066247515	-0.038857438	8.644092	-2.6738198	0.04577617	-0.0018349588	1.0	1.6121204	0.0007733626	2280000	1985.2177634239197
76	2.1721036	1.2791624	5.7585645	0.4369989	21.125	42.78075	199.0	0.0	1000.0	16864.0	0.0073004329004329	0.21091689	0.31522214	1.188401	-1.0460782	1.3890166	3.9960046	57.063885	-2.5436735	5.5879354e-09	-0.00077239115	4.0978193e-08	0.00067947595	0.09748818	-0.055444166	41.19442	-35.55065	0.04394121	-0.001644168	1.0	1.6131263	0.0011638594	2310000	2009.6053326129913
77	2.1586835	1.5061749	6.539329	0.050023027	22.75	46.902603	229.0	0.0	1000.0	17442.0	0.007453846153846154	0.2236693	0.35177118	2.2501938	-1.2862225	1.8399442	5.842346	75.648056	-2.2861881	1.9557774e-08	-0.00067831017	2.2351742e-08	0.00024104782	0.08887203	-0.062078897	26.78782	-16.070938	0.042297043	-0.0014624968	1.0	1.6138167	0.0005827142	2340000	2034.4928753376007
78	2.0530646	1.7956781	5.7679815	-1.5459803	14.0	34.194298	172.0	0.0	1000.0	17839.0	0.007527004219409283	0.2093555	0.32814807	1.8715714	-1.0004661	1.4063547	2.153764	39.56557	-2.6761584	2.7939677e-09	-0.000930603	2.6077032e-08	0.00038580474	0.09321792	-0.05491376	32.96043	-24.795067	0.040834546	-0.0013980567	1.0	1.6144097	0.0016413082	2370000	2059.197725057602
79	2.1997473	1.7886341	5.9246216	-0.44656423	15.958333	28.563496	142.0	0.0	1000.0	18409.0	0.0076704166666666665	0.18670748	0.35373026	1.7461758	-1.2797296	1.3761939	3.2336142	70.74945	-2.3640718	0.0	-0.0006767538	2.2351742e-08	0.00034809252	0.088283435	-0.05433955	27.421316	-13.611151	0.03943649	-0.0013189912	1.0	1.6149261	0.00075181026	2400000	2083.803838968277
80	2.3854048	2.0533953	7.531957	-1.3155179	16.958334	34.777245	173.0	0.0	1000.0	18862.0	0.007762139917695473	0.18244945	0.3533991	1.6454117	-0.9827146	1.9287747	4.7147636	77.841324	-2.3129685	5.5879354e-09	-0.0005009305	7.450581e-09	-0.0006167694	0.102152385	-0.060777567	21.221348	-15.040974	0.0381175	-0.0012380108	1.0	1.6153135	0.00076099654	2430000	2108.858367204666
81	2.3446264	2.057169	7.276617	-1.1885854	7.2083335	10.653556	35.0	0.0	1000.0	19106.0	0.0077666666666666665	0.22975312	0.40237653	1.8060555	-1.1405151	1.1403451	2.5139632	49.52732	-3.28581	1.21071935e-08	-0.00017165305	1.1175871e-08	0.0005134298	0.09382896	-0.05538029	9.374809	-5.44236	0.036879487	-0.0012562238	1.0	1.6156895	0.0009345041	2460000	2133.43585896492
82	2.7040567	2.1981168	9.17778	-0.935283	27.541666	57.85757	261.0	0.0	1000.0	19825.0	0.007961847389558232	0.26342112	0.41719508	2.6195028	-1.3845072	1.026006	2.3138328	51.974857	-2.287455	7.450581e-09	-0.0007945329	-4.4703484e-08	7.593073e-05	0.10386442	-0.03586991	62.615997	-45.508846	0.035623264	-0.0010768697	1.0	1.6156923	0.0011397804	2490000	2158.141803264618
83	1.7260756	1.5686451	4.3440375	-1.4544878	14.833333	24.726278	121.0	0.0	1000.0	20210.0	0.00801984126984127	0.053891234	0.36938134	1.6856414	-1.3081272	1.6519368	2.793189	47.738773	-2.5961628	1.8626451e-09	-0.0008160544	2.2351742e-08	-0.00038585986	0.092015475	-0.057904404	26.02578	-14.85861	0.034546394	-0.0010412559	1.0	1.6156758	0.0011843028	2520000	2182.814649105072
84	2.054717	1.265903	4.915126	-0.66803074	7.625	12.405686	39.0	0.0	1000.0	20422.0	0.008008627450980393	0.17330791	0.34199256	1.8788296	-1.0884174	1.170615	1.0133991	20.520754	-2.6975505	-1.21071935e-08	-0.00073931355	-1.1175871e-08	-8.711452e-05	0.071986005	-0.043792497	4.4695926	-1.2882639	0.033505138	-0.0010689981	1.0	1.615726	0.0012523707	2550000	2207.472056865692
85	2.427718	1.3982629	6.13019	0.026931414	19.958334	27.91427	108.0	0.0	1000.0	20924.0	0.008110077519379845	0.19264582	0.34399608	1.9211079	-1.2112106	1.2287949	2.0845637	25.532112	-2.508388	6.0535967e-09	-0.00042712875	5.5879354e-08	-0.0009782473	0.08163359	-0.04311245	20.469803	-10.899094	0.03243614	-0.0009832717	1.0	1.6158602	0.00085560593	2580000	2232.389786720276
86	1.8248249	1.7448753	5.8075995	-0.55343986	16.416666	27.420973	131.0	0.0	1000.0	21346.0	0.008178544061302683	0.2018886	0.33065957	1.6877543	-1.2629348	1.8017175	4.1876574	61.36113	-2.8336344	1.0244548e-08	-0.00062802795	-1.1175871e-08	-0.00061405776	0.08431892	-0.05134853	17.204031	-10.297705	0.031452868	-0.0009378679	1.0	1.6159623	0.000674551	2610000	2256.7707285881042
87	2.248699	1.4274598	5.421228	-0.24557878	8.833333	10.876836	37.0	0.0	1000.0	21592.0	0.00817878787878788	0.23254177	0.388803	2.132889	-1.2293917	1.1487533	1.5897042	28.271513	-2.6518333	-1.1175871e-08	-0.0007716798	1.8626451e-09	0.00046534464	0.08544263	-0.048244048	4.8486958	-1.8231267	0.030515	-0.00095668994	1.0	1.6161714	0.001200991	2640000	2281.1135227680206
88	2.7838733	1.6391234	6.6940374	-0.0019451038	12.583333	13.143175	40.0	0.0	1000.0	21984.0	0.008233707865168539	0.21646927	0.3336201	1.4432038	-1.150465	1.0579345	1.8211051	34.521908	-2.5879974	3.7252903e-09	-0.0007206561	-7.916242e-09	-6.1370316e-05	0.08355449	-0.04961742	11.574562	-4.8983316	0.02955831	-0.00093941577	1.0	1.616391	0.00056279433	2670000	2305.76274561882
89	2.1283371	2.226402	7.6993356	-0.71181715	9.625	24.475859	91.0	0.0	1000.0	22228.0	0.008232592592592593	0.22509323	0.3899823	1.9634966	-1.1770724	1.2766676	1.4749693	22.533842	-2.5722473	3.7252903e-09	-0.00076678605	5.5879354e-09	-0.0001733359	0.08683993	-0.05421858	19.834084	-6.11011	0.028618895	-0.00094273686	1.0	1.6162763	0.0010862476	2700000	2330.2302272319794
90	2.3834522	1.6946812	6.1479626	-1.1706903	21.333334	32.62753	120.0	0.0	1000.0	22818.0	0.008358241758241758	0.2340076	0.39283034	2.513546	-1.3897146	0.99311584	1.69159	15.052509	-2.323133	-1.3969839e-08	-0.008932559	-1.4901161e-08	-0.0026889532	0.0895507	-0.05343247	28.462091	-21.461441	0.027676158	-0.00089615583	79.0	1.6158624	0.0054537836	2730000	2362.175989151001
91	2.1117442	1.8398498	7.4851694	-0.7340967	6.375	8.199657	24.0	0.0	1000.0	23064.0	0.008356521739130434	0.19471462	0.38637996	2.2180378	-1.5509729	1.4684843	3.0925865	55.54732	-2.7496111	1.8626451e-09	-0.009077918	-9.313226e-09	-0.00040013553	0.07705219	-0.04787705	7.3909774	-4.187784	0.026780002	-0.0009671245	79.0	1.5979751	0.005602873	2760000	2394.077432870865
92	3.0855634	1.9680434	8.986658	0.57390875	15.916667	22.9527	90.0	0.0	1000.0	23473.0	0.008413261648745519	0.23380256	0.38440546	1.7700623	-1.1552718	1.090859	1.6508068	16.431213	-3.1482425	1.1175871e-08	-0.009377716	1.8626451e-08	-0.0018932018	0.08406539	-0.04739731	10.170473	-4.097011	0.025812877	-0.00090852566	79.0	1.5791357	0.0051102377	2790000	2426.1939170360565
93	2.4025888	1.6519876	6.808791	0.41359872	29.541666	47.114204	188.0	0.0	1000.0	24254.0	0.008600709219858156	0.23802333	0.3505488	1.9054457	-0.9142481	2.1349277	4.212722	45.38045	-2.1782002	1.4901161e-08	-0.008984846	1.4901161e-08	-0.00040863175	0.07092294	-0.04392875	33.660603	-18.567888	0.024904352	-0.00077633373	79.0	1.5594171	0.0056096995	2820000	2457.906682729721
94	2.778886	1.4938809	5.5456676	0.5732154	14.625	20.405907	86.0	0.0	1000.0	24844.0	0.008717192982456141	0.25590354	0.33516178	1.4431399	-1.229369	1.7957975	2.8768027	53.303505	-2.1706753	3.7252903e-09	-0.0025264823	-1.1175871e-08	0.00044766068	0.08789046	-0.046715148	22.02804	-12.4253025	0.024128018	-0.00069111213	5.0	1.5322435	0.0029426292	2850000	2482.559337377548
95	1.5388836	1.5036494	6.27783	-0.7055566	20.708334	33.956444	157.0	0.0	1000.0	25441.0	0.008833680555555555	0.17678359	0.34937802	1.5473288	-1.4709039	2.052731	3.5794663	43.775253	-2.3777213	-9.313226e-09	-0.008980029	-2.7939677e-08	-0.003091488	0.058950834	-0.03698575	43.192326	-23.229008	0.023436906	-0.0006861128	79.0	1.5310125	0.005076836	2880000	2514.820833683014
96	2.6737006	2.109706	7.2576766	-0.6686752	23.75	36.34012	181.0	0.0	1000.0	26067.0	0.008957731958762887	0.2289247	0.33674878	1.6066207	-1.0509627	1.7674308	2.677472	28.576721	-2.8452451	-2.7939677e-09	0.009083874	7.450581e-09	-0.004373169	0.0906062	-0.055574454	35.730675	-29.334208	0.022750793	-0.0005673021	4.0	1.5268245	0.019958049	2910000	2539.5234808921814
97	2.6988182	1.4898512	6.0840454	-0.87421566	34.041668	73.78317	376.0	0.0	1000.0	26949.0	0.009166326530612244	0.25538418	0.36328667	1.8744673	-1.1380256	2.0732543	3.396668	63.681313	-2.2609463	-9.313226e-09	0.0037806358	-2.9802322e-08	-0.001794232	0.093321815	-0.061681427	46.220074	-29.672754	0.02218349	-0.0004400052	1.0	1.5270913	0.011282606	2940000	2564.102567911148
98	2.9633782	2.1583548	8.645378	0.073350705	33.375	35.04974	126.0	0.0	1000.0	27934.0	0.009405387205387205	0.245804	0.39204794	1.981593	-1.1570216	2.4680984	3.385779	38.32225	-2.8383164	2.7939677e-09	-0.0001923102	7.450581e-09	0.00082078995	0.113614	-0.07350151	42.826366	-15.065008	0.021743486	-0.00033622794	1.0	1.527467	0.0012639617	2970000	2588.481473684311
99	2.0300682	1.8431776	5.429638	-1.0603441	15.708333	19.766298	80.0	0.0	1000.0	28615.0	0.009538333333333333	0.24836375	0.37305045	1.8836958	-1.4893593	3.2773256	4.4298887	60.792423	-3.6625543	-8.381903e-09	6.3993735e-05	7.450581e-09	0.003320358	0.07643376	-0.051417626	15.629744	-9.446477	0.021407258	-0.00035653636	1.0	1.5277569	0.004425318	3000000	2612.927412509918
100	2.368939	1.4976107	6.6379757	0.032250594	36.0	65.55786	276.0	0.0	1000.0	29604.0	0.00977029702970297	0.25533697	0.3459914	1.7658892	-1.3255559	2.8077548	4.271126	53.66754	-3.6036782	-6.0535967e-09	-0.0005259079	-1.4901161e-08	-9.2214905e-05	0.07409139	-0.046606474	78.71179	-65.30494	0.021050721	-0.0002473723	1.0	1.5283495	0.0013813572	3030000	2637.581110239029
101	1.9729782	1.4517176	4.3237915	-0.8934538	22.083334	39.153458	192.0	0.0	1000.0	30288.0	0.009898039215686275	0.17281498	0.33182403	1.5450287	-1.1822538	2.0172513	2.8289344	43.02915	-2.5831356	-9.313226e-09	-0.00044124515	-1.4901161e-08	6.40449e-05	0.06651426	-0.04003381	37.279037	-27.903402	0.02080335	-0.00023832545	1.0	1.5293251	0.0022040387	3060000	2662.059839487076
102	2.7077892	2.2755527	8.373264	-0.27534613	32.125	47.763577	168.0	0.0	1000.0	31277.0	0.01012200647249191	0.22344479	0.34425265	1.5635015	-1.7234141	2.9447763	6.4040346	74.099525	-4.0224524	-1.8626451e-09	-0.00061422796	3.3527613e-08	-0.0013959557	0.0826583	-0.04512103	65.222404	-41.335754	0.020565024	-0.00016876496	1.0	1.5308462	0.0019839064	3090000	2686.235444545746
103	1.9580917	1.6675438	6.1632423	-0.20611548	22.0	38.36991	157.0	0.0	1000.0	31959.0	0.010243269230769231	0.22322966	0.37009412	1.8318381	-1.2752134	3.1431344	5.55936	58.502857	-5.605678	2.7939677e-09	0.00083376793	2.7939677e-08	0.00062569324	0.06851437	-0.043319862	26.866116	-18.693142	0.020396259	-0.00016926043	1.0	1.5326307	0.005384943	3120000	2710.562025308609
104	2.3152153	1.8599788	6.4763	-0.6144586	20.5	25.80859	88.0	0.0	1000.0	32557.0	0.010335555555555556	0.2057794	0.3113741	1.5393475	-1.2277268	2.2192705	3.931094	50.971436	-3.9703126	-1.4901161e-08	-0.00045090297	0.0	-0.0006154594	0.080213055	-0.049294144	19.668537	-9.477701	0.020226998	-0.0001785215	1.0	1.5342963	0.002189814	3150000	2735.2133374214172
105	2.3120208	2.1224635	8.289533	-1.1560351	40.083332	90.745026	446.0	0.0	1000.0	33633.0	0.010576415094339623	0.22353424	0.3543497	1.8052055	-1.0247408	2.902273	5.6802654	51.57939	-2.9255867	1.1175871e-08	-0.0005025839	0.0	2.463907e-05	0.09555364	-0.0635759	88.15362	-72.21773	0.020048477	-6.730296e-05	1.0	1.5356288	0.004213922	3180000	2759.9497809410095
106	1.6074508	1.3266373	4.3613396	-0.662178	19.875	29.9921	134.0	0.0	1000.0	34287.0	0.010681308411214953	0.21391852	0.34205619	1.5574275	-1.112495	3.9143329	7.1523523	69.42709	-4.1126366	-1.8626451e-09	0.000121341494	-1.1175871e-08	-0.0027842922	0.07368279	-0.04684358	57.64547	-38.877228	0.019981174	-9.149872e-05	1.0	1.5366855	0.008577798	3210000	2784.460192680359
107	2.3953145	1.3728129	6.34858	0.20020397	13.333333	19.836132	83.0	0.0	1000.0	34805.0	0.010742283950617285	0.17997167	0.31317872	1.6863248	-1.1260624	2.180066	2.9399316	39.42965	-3.9496377	-1.6763806e-08	-0.00026527024	3.7252903e-09	-1.46450475e-05	0.08701822	-0.05683951	30.398731	-9.590172	0.019889675	-0.00015251711	1.0	1.5377216	0.0013525668	3240000	2809.0013518333435
108	2.568744	1.8218783	6.0125012	-1.2037712	20.875	24.912033	111.0	0.0	1000.0	35476.0	0.010848929663608562	0.24623105	0.38008186	2.2940814	-1.284212	1.83855	2.3391457	24.584484	-5.4492774	3.7252903e-09	-0.0005580294	-1.8626451e-08	-0.0022174485	0.08335752	-0.053741306	31.08892	-11.769191	0.019737158	-0.00016153976	1.0	1.5387871	0.0037791277	3270000	2833.650197505951
109	2.652374	1.5542791	6.610461	-0.36156237	38.916668	44.303795	184.0	0.0	1000.0	36629.0	0.01109969696969697	0.25942987	0.3598009	2.2076075	-0.969141	2.490691	3.4044242	30.225088	-6.715865	-4.656613e-09	-0.0005771653	5.5879354e-09	0.00073617324	0.09913924	-0.064532466	65.722565	-33.8992	0.019575618	-6.0789287e-05	1.0	1.539777	0.00045883216	3300000	2859.229759454727
110	2.9293873	2.1432247	9.715148	-0.042720374	16.125	19.988148	86.0	0.0	1000.0	37223.0	0.011178078078078078	0.268447	0.42066312	2.41481	-1.5639374	3.205514	4.121028	45.84388	-12.655541	-1.8626451e-09	-0.0012373559	-7.450581e-09	0.00088207325	0.09078807	-0.062247902	20.91564	-10.11289	0.019514829	-0.00010779314	1.0	1.5406462	0.0027176864	3330000	2884.1913356781006
111	2.4923134	2.1659973	7.2559237	-3.4497955	31.458334	39.20563	156.0	0.0	1000.0	38122.0	0.011345833333333333	0.30108786	0.38420895	2.4553797	-1.2230347	2.5714695	3.8029034	39.036186	-4.5892177	-1.21071935e-08	-0.0001871523	-1.4901161e-08	-0.00012352946	0.11203021	-0.079508096	35.867798	-21.369774	0.019407036	-5.7991594e-05	1.0	1.5413272	0.00019601385	3360000	2908.809294462204
112	2.471901	1.3588167	4.6816177	-0.038494784	32.375	31.592209	138.0	0.0	1000.0	39009.0	0.0115070796460177	0.24374908	0.336784	1.9199355	-1.3713994	3.952471	6.796107	73.02388	-4.1139035	-1.8626451e-09	-0.00023640462	2.9802322e-08	-0.0003252572	0.08136058	-0.056223493	28.239613	-19.587355	0.019349044	-7.7188015e-06	1.0	1.5421288	0.0003844248	3390000	2934.2672786712646
113	2.7748134	1.431525	5.269752	0.46132657	31.25	40.722893	168.0	0.0	1000.0	40027.0	0.011703801169590643	0.25108182	0.33267152	1.7204852	-1.4346577	2.2861965	3.0217044	42.79234	-4.3864408	0.0	-0.0005587436	7.450581e-09	-0.00039413152	0.07663748	-0.051692933	49.54362	-21.746365	0.019341325	3.0985102e-05	1.0	1.5429215	0.00017557076	3420000	2958.952789068222
114	3.2153091	1.7230078	5.7915077	-0.2654081	19.0	22.540705	76.0	0.0	1000.0	41039.0	0.01189536231884058	0.2893089	0.36468214	1.908826	-1.3763379	4.1883717	6.24808	57.150925	-4.5065384	7.450581e-09	-0.00058162585	2.2351742e-08	0.00093927886	0.09055243	-0.058614615	48.07519	-30.487171	0.01937231	-8.417293e-06	1.0	1.543603	0.00043068663	3450000	2983.8280441761017
115	1.8226122	1.6756971	4.8168206	-1.3661965	29.833334	40.454365	176.0	0.0	1000.0	41899.0	0.012039942528735631	0.26536298	0.38070795	2.0512898	-1.2954367	3.0724983	4.8180175	67.01858	-5.224214	-9.313226e-10	-0.0003081727	-7.450581e-09	0.000996829	0.09084409	-0.063198775	37.254803	-19.928131	0.019363893	2.2098422e-05	1.0	1.544151	0.0006970009	3480000	3009.086594104767
116	2.5693283	1.9141738	7.105439	-0.7845538	29.041666	45.6969	212.0	0.0	1000.0	42733.0	0.012174643874643875	0.25113103	0.3665513	1.8800646	-1.287288	3.0301397	4.8708863	48.821075	-5.438804	0.0	-0.0006962224	0.0	-6.0794875e-05	0.11858465	-0.0809443	32.668495	-21.550505	0.019385992	4.5012683e-05	1.0	1.5447454	0.00048526557	3510000	3034.25821352005
117	3.2305863	1.8050692	6.3892727	-0.4067505	24.541666	34.506012	140.0	0.0	1000.0	43530.0	0.012296610169491526	0.28788194	0.39155117	1.8906311	-1.4424096	2.5771463	4.0073977	48.5325	-4.217673	-4.656613e-09	-0.00052793906	-7.450581e-09	0.000564673	0.09148513	-0.0613695	26.477377	-14.448635	0.019431004	3.7880614e-05	1.0	1.5453479	0.00045625638	3540000	3059.3893024921417
118	3.4065273	1.7731538	8.227293	-0.44318527	23.5	25.490194	88.0	0.0	1000.0	44215.0	0.01238515406162465	0.31635717	0.37868285	2.217166	-1.2608864	2.5533142	4.089225	60.121586	-5.248967	-1.8626451e-08	-0.0003769989	2.6077032e-08	-7.679034e-05	0.09676194	-0.06555831	20.75484	-11.421266	0.019468885	2.5134534e-05	1.0	1.5455005	0.00030504994	3570000	3084.3851470947266
119	2.8839672	2.4446244	8.945399	-2.6053472	33.791668	49.87733	245.0	0.0	1000.0	45230.0	0.012563888888888888	0.31243432	0.35327727	2.2465618	-1.0657907	2.7391849	3.8300385	60.116604	-4.0411963	-3.7252903e-09	-0.0005266647	-2.9802322e-08	0.00054561766	0.1116752	-0.076671004	48.517685	-31.47527	0.01949402	7.785857e-05	1.0	1.5455227	0.0006657079	3600000	3110.1761634349823
120	3.3856518	2.2958612	8.074837	-1.8429661	29.5	28.535067	110.0	0.0	1000.0	46073.0	0.01269228650137741	0.2910444	0.39491597	1.8041314	-1.6249162	3.3250937	4.419482	44.329258	-4.303705	-7.450581e-09	-0.0006007529	-2.188608e-08	-0.00043466548	0.08686411	-0.05884725	20.610432	-11.92603	0.019571878	9.912439e-05	1.0	1.5454359	0.0003915425	3630000	3135.8471896648407
121	2.816702	1.5911952	5.7881546	-0.6519077	36.375	44.432358	174.0	0.0	1000.0	47182.0	0.012891256830601093	0.24619944	0.3683627	1.8725575	-1.3700438	3.508934	5.5580773	58.04986	-3.4921699	4.656613e-09	-0.0010144939	2.9802322e-08	-0.000973763	0.08019577	-0.055490118	43.1255	-27.518179	0.019671002	0.00016234256	1.0	1.5450891	0.0010376156	3660000	3160.4770414829254
122	2.8699906	1.8235149	7.3699713	-0.7411324	26.333334	29.756884	127.0	0.0	1000.0	47981.0	0.013002981029810299	0.26642588	0.3833051	2.3340635	-1.5589747	3.8286433	5.47996	60.1924	-5.0046515	-1.4901161e-08	-0.00041468255	2.6077032e-08	0.00019441036	0.107450604	-0.07931251	28.374023	-17.557938	0.019833345	0.00015659258	1.0	1.5448054	0.0003683109	3690000	3185.627361536026
123	2.6187599	2.0387104	7.6289096	-0.86596143	34.125	41.97848	181.0	0.0	1000.0	48960.0	0.013161290322580645	0.24784678	0.3432378	1.9927069	-1.1175706	2.623676	3.868551	37.838238	-4.644171	7.450581e-09	-0.00949377	3.7252903e-08	-0.0020107473	0.091478325	-0.06641828	28.794737	-14.441583	0.019989938	0.00016053766	79.0	1.5446155	0.0054602437	3720000	3218.711261034012
124	3.2503655	1.7482466	6.4985704	0.77318454	45.291668	47.937004	226.0	0.0	1000.0	50285.0	0.013409333333333334	0.2905474	0.38783422	3.063084	-1.3859789	3.4913437	5.6919594	59.343502	-5.8846607	1.5832484e-08	-0.008816041	6.7055225e-08	-0.0026316014	0.11326875	-0.079868846	60.66696	-40.460762	0.020150475	0.00025571138	79.0	1.5122166	0.005490652	3750000	3251.9569432735443
125	3.2695105	1.4599085	6.284433	0.87008244	48.208332	63.752106	318.0	0.0	1000.0	51683.0	0.013672751322751323	0.29889205	0.38279355	2.2788515	-1.2153854	4.9429197	7.2785354	56.771446	-3.4907796	2.7939677e-09	-0.0091427285	-3.7252903e-08	-0.008064875	0.075302884	-0.049918976	52.0014	-29.410671	0.020406187	0.00042716786	79.0	1.4947275	0.0049320217	3780000	3285.566751718521
126	2.5039196	1.993136	5.9834514	-2.9851887	30.291666	83.022835	422.0	0.0	1000.0	52792.0	0.013856167979002625	0.31640598	0.3696259	1.9865936	-1.0502906	4.0659046	7.5251036	72.354805	-4.30488	5.5879354e-09	-0.008927817	0.0	-0.0067070494	0.10026989	-0.07079479	47.12716	-36.29064	0.020833354	0.00043153763	79.0	1.4942079	0.005303857	3810000	3318.6443033218384
127	2.7416146	1.5886464	5.3474584	0.23874137	16.25	18.205425	63.0	0.0	1000.0	53386.0	0.013902604166666667	0.27912968	0.377962	1.6373129	-1.159886	3.1274762	5.376675	62.923874	-4.7711987	-5.5879354e-09	-0.009804985	-4.4703484e-08	-0.0015044231	0.09363861	-0.062485624	29.301094	-19.435043	0.021264892	0.00026009232	79.0	1.4896697	0.005777965	3840000	3351.7874751091003
128	2.8803704	2.234312	7.943823	-1.0122045	25.75	28.697052	101.0	0.0	1000.0	54070.0	0.01397157622739018	0.26013634	0.36414737	1.6887282	-1.2733921	2.113251	2.7429736	25.66947	-4.6215506	1.6763806e-08	-0.0097827185	1.8626451e-09	-0.00016288785	0.09992711	-0.06836249	19.1518	-9.534417	0.021524984	0.00021850131	79.0	1.4668181	0.0056026205	3870000	3385.006724834442
129	3.4482014	2.345856	9.941043	0.0070937905	42.75	50.994484	213.0	0.0	1000.0	55234.0	0.014162564102564102	0.29629603	0.35791066	1.992715	-1.0633755	2.5932415	3.416136	52.1262	-6.4662457	-7.450581e-09	0.0072882883	1.4901161e-08	-0.002150016	0.10551454	-0.0754638	72.798935	-53.45069	0.021743486	0.00040945597	6.0	1.4447906	0.016255226	3900000	3410.2980608940125
130	2.7937193	1.672434	6.2544236	-0.88995945	32.083332	38.378506	167.0	0.0	1000.0	56164.0	0.014291094147582697	0.31930056	0.3865761	2.3142571	-1.6336124	3.666776	6.5161233	76.69029	-5.177607	-3.259629e-09	0.0083785225	2.6077032e-08	0.0009912748	0.09526167	-0.067098975	36.533356	-20.468735	0.022152942	0.00043562986	1.0	1.445179	0.019400608	3930000	3436.1831493377686
131	3.2520046	2.3164618	10.546565	-0.42865503	48.083332	66.65516	274.0	0.0	1000.0	57677.0	0.01456489898989899	0.2464665	0.35248968	1.7183536	-1.6923141	4.451039	9.030451	84.07961	-4.040226	1.8626451e-09	-0.0007301709	4.4703484e-08	-0.0018243687	0.10617602	-0.07112211	88.91838	-64.87904	0.022588572	0.0005719643	1.0	1.4453026	0.002238546	3960000	3462.0888006687164
132	2.9621677	1.5227075	5.970021	0.019424282	36.916668	45.2391	164.0	0.0	1000.0	58793.0	0.014735087719298245	0.3025744	0.3636859	2.0956216	-1.2048016	4.637403	8.297175	82.59095	-5.134433	9.313226e-09	-1.7525628e-05	-1.8626451e-08	3.3731107e-05	0.09448135	-0.067198254	51.73421	-38.12182	0.023160536	0.0006220434	1.0	1.4454156	0.0014783437	3990000	3488.024843931198
133	3.4102976	1.894902	6.301546	0.051134005	29.666666	36.41047	168.0	0.0	1000.0	59784.0	0.014871641791044776	0.29976588	0.37854147	2.0024514	-1.0099233	3.6099322	6.424739	62.52214	-4.3139515	-1.8626451e-09	-0.0004581872	2.2351742e-08	-0.00017595082	0.099632405	-0.068082325	46.89694	-32.6923	0.02378258	0.00061502494	1.0	1.4458141	0.00096497184	4020000	3512.9185886383057
134	3.0964406	1.4484003	6.047529	0.62112916	27.5	31.439095	134.0	0.0	1000.0	60593.0	0.014961234567901235	0.3034752	0.361344	2.2786844	-1.1536767	3.6120162	6.0882773	74.592995	-15.908827	9.313226e-10	-0.0009487666	4.0978193e-08	-0.00010595482	0.07257426	-0.050225645	45.459404	-35.99912	0.024397604	0.0005912781	1.0	1.446476	0.0008017737	4050000	3537.583853006363
135	3.5080574	1.9718173	8.9154415	0.6790413	61.208332	61.771748	244.0	0.0	1000.0	62165.0	0.015236519607843137	0.3374375	0.36510205	1.9372263	-0.9450777	3.825118	5.261623	51.324078	-4.676985	1.8626451e-09	-0.00062978733	0.0	0.00040495768	0.101497516	-0.071890146	83.51607	-61.567123	0.024988882	0.000833638	1.0	1.4471381	0.0018736734	4080000	3562.535322189331
136	2.9650824	1.761303	7.198705	0.3237535	26.291666	29.182585	122.0	0.0	1000.0	63031.0	0.015336009732360097	0.35459933	0.387637	2.45023	-0.88243544	4.0918503	5.513983	63.72925	-4.3318987	-7.450581e-09	-0.0005355121	-2.2351742e-08	0.00047267613	0.102548525	-0.0683894	30.140787	-16.910099	0.02582252	0.0007890668	1.0	1.447864	0.00031723455	4110000	3587.2840054035187
137	3.0664856	2.246317	9.283149	-0.5194364	31.541666	34.349888	153.0	0.0	1000.0	63963.0	0.01545	0.2939906	0.3740037	2.0026984	-1.0940887	3.59896	5.8843956	72.30835	-5.076057	-1.8626451e-09	-0.0006603198	4.4703484e-08	0.0012672364	0.112226255	-0.0776556	35.042126	-22.763346	0.026611587	0.00079203956	1.0	1.4485338	0.0014737654	4140000	3612.9825506210327
138	2.988499	1.7567575	5.322802	-0.059638515	50.791668	78.11316	383.0	0.0	1000.0	65416.0	0.015687290167865707	0.32637098	0.41532046	2.2481797	-1.4320439	3.7030795	5.778175	55.83448	-6.373453	3.7252903e-09	-0.0011741733	2.9802322e-08	-0.0016842	0.11073384	-0.078498535	61.969086	-39.33989	0.027403627	0.0009615328	1.0	1.4495285	0.0019461776	4170000	3638.8137214183807
139	3.2261944	1.3439736	6.2323337	0.74240917	23.791666	26.37704	104.0	0.0	1000.0	66390.0	0.015807142857142856	0.32764798	0.34375295	1.6727011	-0.9522383	5.203881	8.286085	68.725174	-5.024889	1.3737008e-08	-0.00088169804	7.450581e-09	0.00028671324	0.07633729	-0.05325816	63.16375	-45.56024	0.02836516	0.00088663213	1.0	1.4506824	0.003976546	4200000	3663.9378759860992
