Epoch	AverageEpRet	StdEpRet	MaxEpRet	MinEpRet	AverageEpCost	StdEpCost	MaxEpCost	MinEpCost	EpLen	CumulativeCost	CostRate	AverageVVals	StdVVals	MaxVVals	MinVVals	AverageCostVVals	StdCostVVals	MaxCostVVals	MinCostVVals	LossPi	DeltaLossPi	SurrCost	DeltaSurrCost	LossV	DeltaLossV	LossVC	DeltaLossVC	Penalty	DeltaPenalty	StopIter	Entropy	KL	TotalEnvInteracts	Time
0	-0.0977815	1.3169487	2.206377	-2.7126315	10.916667	15.850648	53.0	0.0	1000.0	444.0	0.0148	0.59492534	0.51166195	2.1406343	-1.2320397	-0.4127732	0.12357769	0.4080927	-0.91637224	3.7252903e-09	0.019936286	-7.450581e-09	-0.009237039	0.72107756	-0.5917503	19.469221	-6.0504956	0.99999994	-0.031173706	1.0	1.837877	0.037577495	30000	36.48519849777222
1	0.32834694	1.3887526	3.102446	-2.482732	20.625	23.841164	108.0	0.0	1000.0	974.0	0.016233333333333332	0.09375876	0.2908912	0.9629543	-0.8781916	1.8651451	1.8025587	7.7309365	-3.1421719	1.8626451e-09	0.023216441	-1.4901161e-08	-0.0035735904	0.12244421	-0.026216926	16.38844	-2.5883417	0.96882623	-0.026250005	1.0	1.8373451	0.066149734	60000	70.86313080787659
2	1.3078433	2.1803737	7.6016493	-1.7702631	21.416666	23.925085	80.0	0.0	1000.0	1608.0	0.017866666666666666	0.058108505	0.33711708	1.0486159	-0.9369775	2.0892873	1.6184815	12.256356	-1.8211753	1.8626451e-09	0.0033837412	-5.5879354e-09	-0.006898976	0.1659348	-0.020703452	20.150219	-4.319932	0.9425762	-0.02393353	1.0	1.8379362	0.021602865	90000	106.66272926330566
3	1.1890137	1.8457329	5.015519	-1.7197587	10.416667	12.489718	45.0	0.0	1000.0	1892.0	0.015766666666666665	0.1258762	0.3345043	1.3234206	-0.9219375	1.5366186	1.9529314	17.213274	-2.6396818	-2.3283064e-09	-0.0010510827	1.1175871e-08	-0.0019005738	0.113152444	-0.0185109	8.252865	-2.479644	0.9186427	-0.025839806	1.0	1.8387444	0.001714997	120000	142.53333640098572
4	0.24204874	1.2208496	4.1382775	-1.7800273	15.0	21.42623	79.0	0.0	1000.0	2380.0	0.015866666666666668	0.10492632	0.32060608	1.2760806	-0.89628863	0.85930175	0.840122	5.5454507	-1.2115052	-7.450581e-09	-0.0006104312	-1.8626451e-08	-0.0013787	0.11366774	-0.016209522	17.8338	-5.2946997	0.8928029	-0.026210606	1.0	1.8395162	0.0041127643	150000	178.38016867637634
5	0.6770303	2.1189911	4.934804	-2.5768807	13.041667	19.240755	79.0	0.0	1000.0	2746.0	0.015255555555555555	0.057974014	0.3338778	1.0626897	-0.93475425	1.3126888	1.6301241	22.512005	-2.781729	1.3504177e-08	-0.011557873	2.4214387e-08	-0.023823727	0.13638555	-0.021545831	13.677526	-4.7303796	0.8665923	-0.023165166	57.0	1.8402188	0.012200613	180000	219.0675826072693
6	1.2904655	1.9355538	5.8005776	-1.3517523	16.541666	16.92872	70.0	0.0	1000.0	3249.0	0.015471428571428572	0.08609196	0.4032788	1.2269678	-1.2427516	1.500412	1.6302845	24.68515	-1.546039	-7.450581e-09	-0.011032041	-3.7252903e-09	-0.026864942	0.18878685	-0.036235116	18.178625	-3.262396	0.8434271	-0.023155272	29.0	1.8317689	0.013068451	210000	256.9753587245941
7	0.6237582	1.4580019	4.1246047	-1.7322159	14.458333	16.224928	52.0	0.0	1000.0	3695.0	0.015395833333333333	0.11310515	0.38911998	1.422443	-1.178978	1.5447557	1.345315	14.440707	-1.1112225	-5.5879354e-09	-0.011900116	-1.8626451e-09	-0.026304098	0.15844382	-0.036465667	12.301345	-2.1116335	0.82027185	-0.019033492	60.0	1.8136606	0.012274709	240000	298.03282928466797
8	1.0019366	2.1280427	5.197249	-2.419499	15.0	20.922476	73.0	0.0	1000.0	4227.0	0.015655555555555555	0.09725399	0.38068855	1.0298458	-1.3301344	1.2722672	1.2028828	10.345563	-2.1289346	-5.5879354e-09	-0.002239949	-5.5879354e-09	-0.008116461	0.15554982	-0.04941047	18.428448	-3.5893912	0.80123836	-0.024565041	10.0	1.7791634	0.0102754645	270000	334.58525824546814
9	0.90602463	2.2785916	5.7601695	-2.2012284	16.416666	18.931713	72.0	0.0	1000.0	4683.0	0.01561	0.10723618	0.44482028	1.7260185	-1.503116	1.9781203	1.6677235	13.401708	-1.66083	1.6763806e-08	0.0035046935	7.450581e-09	-0.0033304668	0.17500806	-0.040173247	15.154021	-4.5768337	0.7766733	-0.025074422	1.0	1.7754419	0.016979516	300000	370.4634485244751
10	1.2356147	2.8943765	10.526897	-2.5773456	17.791666	18.04157	51.0	0.0	1000.0	5211.0	0.01579090909090909	0.112641804	0.4751764	1.6396585	-1.4078505	1.6215547	1.6165234	12.70976	-1.6390854	5.5879354e-09	-0.00019668546	1.8626451e-08	-0.002920838	0.16859628	-0.041350547	14.299916	-4.336277	0.7515989	-0.024188638	1.0	1.77474	0.0075018127	330000	406.3609194755554
11	0.85005194	1.7666013	4.5118713	-2.0552576	19.583334	23.485662	85.0	0.0	1000.0	5895.0	0.016375	0.16149901	0.47240433	1.9174222	-1.0549241	1.7257633	1.7864155	14.783784	-3.6358457	-9.313226e-10	-0.000694138	0.0	-0.000688432	0.12741037	-0.056815732	19.485369	-7.6953697	0.72741026	-0.022956789	1.0	1.7739409	0.0015516107	360000	442.2797474861145
12	1.168606	1.839453	4.7877107	-1.6137928	17.666666	20.643133	63.0	0.0	1000.0	6418.0	0.016456410256410255	0.09267448	0.39171836	1.1601765	-1.0008588	2.2192056	2.4355004	18.62926	-2.1539042	1.8626451e-09	0.0015612426	7.450581e-09	-0.003776268	0.1331448	-0.036574002	15.930229	-6.6596694	0.70445347	-0.02230823	1.0	1.7732794	0.014897174	390000	478.25503420829773
13	1.6012741	2.352305	5.968728	-2.2572715	15.041667	17.26142	64.0	0.0	1000.0	6843.0	0.016292857142857144	0.111220494	0.44094157	1.5005654	-1.1888678	2.1089664	1.9542795	18.590681	-2.843617	5.5879354e-09	-0.0010001981	1.3038516e-08	-0.0016282052	0.13840672	-0.04651731	14.179122	-4.6990976	0.68214524	-0.022191226	1.0	1.7728126	0.003960664	420000	514.259384393692
14	0.29178682	1.825083	5.4959617	-2.2035868	12.041667	12.85003	45.0	0.0	1000.0	7281.0	0.01618	0.11226948	0.43425858	2.023036	-1.2952839	1.4427086	1.4144843	16.10056	-1.4717633	-6.0535967e-09	-5.4350472e-05	-1.3969839e-08	-0.0001725019	0.13533953	-0.051269203	10.668787	-3.0790875	0.659954	-0.022382736	1.0	1.7725344	0.0037816525	450000	551.1414997577667
15	1.2527701	2.0258918	6.6837196	-2.0022051	22.416666	19.676374	71.0	0.0	1000.0	7939.0	0.016539583333333333	0.10002355	0.41720164	1.7696388	-1.3933048	1.3197519	1.2923391	19.784636	-2.3745742	-1.1175871e-08	-0.0010724061	-2.9802322e-08	-0.0014225137	0.1283769	-0.043926373	18.344719	-5.9678507	0.6375713	-0.020510316	1.0	1.7723954	0.002198146	480000	587.7294557094574
16	1.5462209	2.184796	6.711266	-1.1373619	16.25	18.351316	70.0	0.0	1000.0	8488.0	0.01664313725490196	0.20651326	0.46857873	1.8257623	-1.1538832	2.2234204	2.1880383	23.142729	-1.3778983	7.450581e-09	-0.0005537707	2.9802322e-08	-0.0035714596	0.1637673	-0.053080976	16.53212	-7.130398	0.61706096	-0.020190656	1.0	1.772368	0.010609072	510000	625.7039928436279
17	1.3994036	2.1365366	7.139332	-1.5768543	20.166666	23.525991	95.0	0.0	1000.0	9197.0	0.01703148148148148	0.13753667	0.45391795	2.102656	-1.4669569	2.5040922	2.8049457	24.146322	-6.854589	7.450581e-09	-0.0013820548	7.450581e-09	-0.0012577511	0.13792889	-0.058689576	26.713129	-11.21378	0.5968703	-0.018972278	3.0	1.7726549	0.0021424564	540000	663.853563785553
18	0.53946763	2.302363	8.393454	-2.1680648	20.416666	16.263243	52.0	0.0	1000.0	9801.0	0.017194736842105263	0.15453678	0.43645966	1.59098	-1.2120377	2.4141784	2.2779706	20.55638	-4.6755614	0.0	-0.00090038544	0.0	-0.0022989116	0.13984293	-0.048701942	16.707224	-6.442119	0.577898	-0.018133461	1.0	1.7732394	0.0017474638	570000	702.3852844238281
19	1.8129076	2.3822894	7.734735	-1.3608367	22.041666	24.561962	104.0	0.0	1000.0	10586.0	0.017643333333333334	0.13440494	0.41895658	2.0149558	-1.3532245	2.0307982	2.1500607	22.772652	-3.801243	1.4901161e-08	-0.000778323	2.6077032e-08	-0.0012979847	0.16586289	-0.049123153	27.184723	-13.099039	0.55976456	-0.016868234	1.0	1.77337	0.00052671187	600000	739.5556409358978
20	1.7754017	2.6983202	8.090811	-1.7205187	22.75	29.978117	108.0	0.0	1000.0	11245.0	0.01784920634920635	0.2100317	0.46818146	2.4883795	-1.1093128	2.690598	3.2495594	25.440964	-5.1648493	-1.8626451e-09	-0.00088660745	-2.2351742e-08	-0.0014041283	0.14822634	-0.04667624	33.36583	-15.437606	0.54289633	-0.01558727	1.0	1.7733185	0.0007337718	630000	777.3530750274658
21	0.945218	2.063697	5.5869517	-2.0289938	19.583334	19.765114	78.0	0.0	1000.0	11954.0	0.01811212121212121	0.12873292	0.439204	2.0332043	-1.005953	2.0878444	2.7518997	28.462042	-6.3605776	7.450581e-09	-0.018265743	1.6763806e-08	-0.06404841	0.132409	-0.033786938	27.238033	-16.277153	0.52730906	-0.011241734	39.0	1.7732012	0.013685712	660000	819.475334405899
22	1.5653473	1.8960527	7.5855784	-0.6250013	29.916666	24.736809	84.0	0.0	1000.0	12912.0	0.01871304347826087	0.17935309	0.4863326	2.45106	-1.225964	3.1412194	3.5313122	28.24603	-4.390595	3.7252903e-09	-0.011570571	-2.2351742e-08	-0.035562165	0.14987609	-0.056298677	33.941505	-18.069168	0.5160673	-0.009388268	23.0	1.7621205	0.013027019	690000	860.512763261795
23	1.6711531	2.4884892	8.333495	-0.98909163	17.125	21.444332	92.0	0.0	1000.0	13450.0	0.018680555555555554	0.20554306	0.4409194	2.3587575	-1.2234962	2.8740551	3.3408868	28.760607	-3.9602187	-7.450581e-09	-0.00089722645	-2.4214387e-08	-0.0018216099	0.12212605	-0.039351195	26.387062	-14.049732	0.50667906	-0.012505949	2.0	1.762095	0.0025136273	720000	898.2573044300079
24	2.2026756	3.2079866	10.103744	-2.037818	22.333334	23.091604	70.0	0.0	1000.0	14077.0	0.018769333333333332	0.2348841	0.44894186	2.416936	-0.9678829	2.0564592	2.082061	21.631197	-13.495249	4.656613e-09	-0.0006690547	7.450581e-09	-0.001602673	0.22483535	-0.07399118	16.496563	-6.687811	0.4941731	-0.0119461715	1.0	1.7620139	0.0045693372	750000	934.9060726165771
25	3.3300974	2.565505	11.030001	-1.4337112	26.25	20.714828	65.0	0.0	1000.0	14841.0	0.019026923076923077	0.17472583	0.5846784	3.0568218	-1.4579793	2.015754	1.9039239	17.978546	-7.891577	-4.656613e-09	-0.00030547407	0.0	-0.00052185263	0.30612528	-0.158427	25.18503	-12.282334	0.48222694	-0.010373175	1.0	1.7617463	0.00092792383	780000	971.7029354572296
26	1.7274069	2.4964945	7.794721	-0.9002668	19.875	26.847273	96.0	0.0	1000.0	15456.0	0.01908148148148148	0.29658502	0.47266847	2.3407323	-1.0446737	2.3632672	2.596122	27.088812	-12.47617	-2.7939677e-09	-0.0010465926	-1.4901161e-08	-0.0024034241	0.15322107	-0.06938423	23.436382	-14.829931	0.47185376	-0.010469258	1.0	1.7614555	0.0011162513	810000	1008.2369277477264
27	1.5907345	1.9615942	7.106363	-1.5422226	22.583334	26.348492	88.0	0.0	1000.0	16052.0	0.01910952380952381	0.208394	0.46979016	2.0842764	-1.0673584	2.1227202	2.9777992	30.431376	-9.390109	9.313226e-09	-0.0009763515	7.450581e-09	-0.0015398366	0.124357566	-0.048892215	19.624172	-11.401674	0.4613845	-0.009934127	1.0	1.7612405	0.0009237536	840000	1044.7548351287842
28	2.233216	2.2882938	7.5252657	-1.1500633	21.791666	27.590729	98.0	0.0	1000.0	16708.0	0.019204597701149424	0.18434666	0.4409435	2.2841446	-1.2062517	2.1692631	2.6886628	29.581877	-6.2731233	4.656613e-09	-0.0006725141	1.4901161e-08	-0.0011347812	0.15531914	-0.053211153	26.35117	-13.182026	0.45145038	-0.009650499	1.0	1.7609553	0.0008046795	870000	1081.6201689243317
29	2.2468889	2.9481735	11.241151	-1.5394906	18.833334	21.782383	101.0	0.0	1000.0	17238.0	0.019153333333333335	0.22526266	0.49122548	2.338289	-1.1333475	2.0443954	2.4845452	25.515762	-5.7846007	1.8626451e-09	-0.0006627261	0.0	-0.0014155193	0.18530965	-0.06875789	19.236324	-9.056254	0.44179988	-0.010026634	1.0	1.7604663	0.00054661965	900000	1118.1468179225922
30	1.7695689	3.027258	9.460366	-2.5591075	32.083332	32.845493	133.0	0.0	1000.0	18122.0	0.019486021505376344	0.21918932	0.45177445	1.9455476	-1.1753548	1.756837	1.8661921	16.544544	-4.430328	3.7252903e-09	-0.0008380789	0.0	-0.0015704576	0.17827801	-0.08366889	34.21795	-17.373709	0.43177325	-0.007199198	1.0	1.7601609	0.0009497334	930000	1155.0072844028473
31	1.2787546	1.4947814	4.923534	-0.8738984	29.833334	30.281548	101.0	0.0	1000.0	18973.0	0.019763541666666665	0.19790208	0.48690507	2.2381046	-1.2518222	3.1771772	3.0741432	30.099413	-6.9894433	1.1175871e-08	-0.013488705	2.2351742e-08	-0.043030024	0.14544754	-0.06863572	29.99968	-16.346622	0.42457405	-0.0004760325	50.0	1.7600024	0.012166332	960000	1197.1528117656708
32	1.64741	2.4704444	8.02888	-2.0350347	27.166666	21.97663	87.0	0.0	1000.0	19766.0	0.019965656565656565	0.17751579	0.4659469	2.3382945	-1.2095844	2.7149897	3.5538096	36.448547	-5.932418	-5.122274e-09	-0.013084217	-1.4901161e-08	-0.038345166	0.1316551	-0.050583027	28.055399	-15.428959	0.424098	0.0020111501	60.0	1.7407279	0.012081985	990000	1239.8537685871124
33	2.2307184	2.5035532	8.625507	-1.4538543	24.541666	24.430138	82.0	0.0	1000.0	20495.0	0.02009313725490196	0.16331859	0.5122482	2.2471755	-1.2119583	2.523927	2.3259232	26.142391	-6.2251315	-2.3283064e-09	-0.013613222	1.8626451e-09	-0.039915953	0.20037091	-0.08465017	25.455704	-11.601221	0.42610916	0.00044706464	47.0	1.7187483	0.012356514	1020000	1280.8866097927094
34	2.7515528	2.5516238	8.413662	-1.853581	24.541666	21.590853	71.0	0.0	1000.0	21207.0	0.020197142857142858	0.24564576	0.50455815	2.4878078	-1.1390204	2.6709666	2.2951164	21.161764	-3.7488503	-3.7252903e-09	-0.014240854	-2.2351742e-08	-0.038364206	0.16813971	-0.07581619	24.534899	-13.736889	0.42655623	0.0035121143	76.0	1.7258849	0.012162082	1050000	1325.0202419757843
35	1.2998124	2.3690596	9.938429	-1.3065708	33.5	25.204166	80.0	0.0	1000.0	22143.0	0.02050277777777778	0.26130483	0.5223698	2.478332	-1.0178899	2.8786912	2.927938	27.853437	-5.5847163	-5.5879354e-09	-0.0028615554	-7.450581e-09	-0.013664983	0.17437047	-0.079571575	32.528915	-18.64358	0.43006834	-0.0006033182	7.0	1.6970336	0.007159209	1080000	1362.8555722236633
36	2.943154	3.0822766	10.479924	-1.845184	20.375	28.173292	113.0	0.0	1000.0	22784.0	0.020526126126126126	0.26645347	0.52382106	2.747416	-1.3091799	2.8700747	2.911969	24.56886	-7.1665773	1.6763806e-08	0.002256893	2.4214387e-08	0.00022337306	0.21059796	-0.08271758	25.038229	-16.204	0.42946503	-0.002270162	1.0	1.6960411	0.010268968	1110000	1399.6148908138275
37	1.9623889	2.3349354	6.770571	-1.6359091	20.041666	19.83154	63.0	0.0	1000.0	23335.0	0.020469298245614036	0.24951872	0.51241386	2.535	-1.096584	1.9598687	2.225102	20.180218	-9.363692	1.3969839e-08	0.0005760258	2.3515895e-08	-0.0019953332	0.17902273	-0.085168555	15.380196	-8.729264	0.42719486	-0.0032494664	1.0	1.6955062	0.0067597413	1140000	1436.4976117610931
38	1.8719497	2.4617658	5.926058	-2.1354353	32.041668	26.426752	98.0	0.0	1000.0	24298.0	0.020767521367521368	0.14375469	0.48470086	3.1098113	-1.1938123	2.0846784	2.477736	23.912529	-5.1692195	1.6763806e-08	-0.00035176706	4.4703484e-08	-0.00401833	0.14085281	-0.054854896	30.038368	-17.22969	0.4239454	-0.001162827	1.0	1.6951735	0.008142557	1170000	1473.6361656188965
39	2.5069134	3.0245552	10.119512	-1.9705245	24.75	21.96446	78.0	0.0	1000.0	25079.0	0.020899166666666667	0.30863425	0.55611306	2.7521467	-1.1399195	2.7754114	3.1914504	26.482496	-5.4185495	0.0	-0.0015421016	-1.4901161e-08	-0.0036350037	0.19010912	-0.090834886	33.31398	-22.202766	0.42278257	-0.0010926127	1.0	1.6952237	0.002975476	1200000	1510.9317984580994
40	2.5439568	2.9541104	10.373111	-2.715664	22.375	17.738405	57.0	0.0	1000.0	25826.0	0.020996747967479676	0.26259843	0.5371512	2.286084	-1.2184833	2.6442292	3.434607	32.207893	-9.370779	-1.3969839e-09	-0.0009531609	-2.2351742e-08	-0.0024265137	0.21833026	-0.09141433	25.86089	-15.81545	0.42168996	-0.0016289353	1.0	1.6953548	0.0019253697	1230000	1549.5911345481873
41	1.8069357	2.5663211	8.168587	-2.4762104	33.5	24.984995	81.0	0.0	1000.0	26758.0	0.021236507936507935	0.22340426	0.5312035	2.8861487	-1.2754648	3.1725333	3.3124814	31.904688	-9.195018	-1.1175871e-08	-0.0010682989	-3.7252903e-08	-0.0025992785	0.19215178	-0.08821218	29.15506	-17.0071	0.42006102	0.0006481409	1.0	1.695581	0.0035932227	1260000	1586.0062048435211
42	2.5156975	2.9673843	11.053011	-1.5212224	22.666666	21.068672	78.0	0.0	1000.0	27324.0	0.021181395348837208	0.19593367	0.5372986	2.7313702	-1.3683027	3.151977	2.7126622	27.976446	-7.590482	-1.9557774e-08	-0.000934226	-4.656613e-08	-0.0019469066	0.17326419	-0.07232177	18.690792	-10.779271	0.42070916	1.4871359e-05	1.0	1.6960427	0.0015269597	1290000	1622.4996631145477
43	2.423318	2.927262	10.139538	-2.202918	8.791667	11.9686365	43.0	0.0	1000.0	27714.0	0.020995454545454546	0.3280502	0.5351681	2.082464	-1.0566828	2.1114872	1.9346527	21.657787	-5.0391183	4.656613e-10	-0.00053977733	7.450581e-09	-0.0009610725	0.1888558	-0.07898608	11.3306465	-5.743471	0.42072403	-0.0037965477	1.0	1.6966693	0.0015516162	1320000	1658.9895486831665
44	2.530047	2.0123076	6.138884	-2.2441847	27.666666	30.726843	96.0	0.0	1000.0	28474.0	0.02109185185185185	0.32452443	0.5459317	2.6867564	-1.3601305	1.5055885	1.7438079	16.987724	-4.094707	-9.778887e-09	-0.0005782838	1.4901161e-08	-0.002377885	0.1732822	-0.08146122	27.888489	-15.212336	0.4169275	-0.0027976036	1.0	1.6973755	0.004135522	1350000	1695.510204076767
45	3.3121917	3.3128486	11.685425	-1.6336997	20.625	18.515337	74.0	0.0	1000.0	29109.0	0.021093478260869564	0.25398603	0.5395952	2.0040395	-1.1744854	2.5702353	2.649544	24.047924	-5.8914332	5.5879354e-09	-0.0010064361	2.9802322e-08	-0.001834454	0.22459964	-0.08854955	20.085533	-10.791171	0.41412988	-0.0035465658	1.0	1.6980602	0.003880193	1380000	1732.2268300056458
46	2.6036458	1.6629044	5.663766	-0.1200362	24.416666	24.552525	81.0	0.0	1000.0	30014.0	0.021286524822695035	0.33413312	0.5853239	2.8009012	-1.4338601	2.303625	2.4378462	23.829165	-5.1607404	-1.1175871e-08	7.10499e-05	-7.450581e-09	-0.0014165742	0.16176675	-0.087789536	36.9008	-21.731941	0.41058332	-0.003332615	1.0	1.6984173	0.0048682773	1410000	1768.9921989440918
47	2.9714353	2.7596734	9.947554	-0.56394255	24.208334	26.78149	103.0	0.0	1000.0	30632.0	0.021272222222222224	0.2664777	0.47219574	2.2427247	-1.0500296	3.0739725	3.491853	37.25517	-6.9527903	-2.2351742e-08	-0.0008437279	-3.7252903e-08	-0.0037855739	0.19682077	-0.094636925	31.388435	-19.472504	0.4072507	-0.0031778812	1.0	1.6984568	0.0028188936	1440000	1805.608166694641
48	2.559294	2.135634	8.010128	-1.2953002	26.625	27.886396	123.0	0.0	1000.0	31435.0	0.0213843537414966	0.28128716	0.5422583	2.6782134	-1.0753586	2.7754781	3.1094363	33.798714	-4.299645	2.3283064e-09	0.0014408568	0.0	-0.005758198	0.16069973	-0.075395375	26.949245	-15.817686	0.40407282	-0.0024666488	1.0	1.6986626	0.011274572	1470000	1842.0362145900726
49	2.5605679	2.17143	7.0419664	-1.812216	24.666666	30.197498	113.0	0.0	1000.0	32094.0	0.021396	0.30017826	0.4959811	2.1918688	-1.2023983	2.5763958	2.852955	33.503506	-5.4044127	-4.656613e-09	-0.0007827133	-2.4214387e-08	-0.0007009877	0.16965647	-0.075623706	23.826887	-13.312972	0.40160617	-0.0023002326	1.0	1.6989026	0.0010113696	1500000	1878.3751528263092
50	1.8933457	2.5583837	7.2625823	-1.7646309	24.041666	27.022335	96.0	0.0	1000.0	32856.0	0.021474509803921567	0.21417716	0.52953726	2.7214696	-1.179481	2.1980853	2.6680763	30.443132	-4.3858767	1.1175871e-08	-0.0005738139	2.2351742e-08	-0.002788168	0.20761994	-0.104699574	21.444645	-10.846211	0.39930594	-0.0023047328	1.0	1.6992733	0.0027446966	1530000	1915.274132013321
51	2.7086725	2.3503308	7.5422754	-1.5188315	16.583334	14.482508	44.0	0.0	1000.0	33349.0	0.0213775641025641	0.30249813	0.5518228	3.1118114	-1.326582	2.4659417	2.4859986	30.042353	-6.12415	7.450581e-09	-0.0009273343	1.4901161e-08	-0.0015670597	0.19174439	-0.09723921	14.0365925	-7.4050136	0.3970012	-0.0040408075	1.0	1.6995003	0.001411375	1560000	1951.721920967102
52	3.52966	2.9787035	9.146751	-0.74189585	25.041666	25.869028	95.0	0.0	1000.0	34046.0	0.0214125786163522	0.30866882	0.5592241	2.799469	-1.2323816	1.7275138	1.8899264	21.112068	-4.2212944	0.0	-0.00027607084	6.519258e-09	-0.00015258975	0.24027124	-0.121928275	22.769547	-12.239557	0.3929604	-0.003620416	1.0	1.699745	0.00019125133	1590000	1988.280865907669
53	4.012478	3.1436887	11.534678	-0.6057337	24.916666	23.473242	82.0	0.0	1000.0	34800.0	0.02148148148148148	0.3724931	0.5848557	2.4157546	-1.4513988	2.5046265	2.7233427	25.243753	-3.5653095	7.450581e-09	-0.00049118954	2.9802322e-08	-0.0009936877	0.31643	-0.18808188	18.976595	-10.876919	0.38933998	-0.003281206	1.0	1.7	0.00043838468	1620000	2024.839650630951
54	2.5430336	2.9907339	10.739738	-0.8577116	24.208334	21.46893	78.0	0.0	1000.0	35501.0	0.021515757575757577	0.3192173	0.590788	3.5678005	-1.3552009	2.3877928	2.3940823	20.590986	-7.126461	7.450581e-09	-0.0004352304	1.4901161e-08	-0.00089914724	0.20834126	-0.11394639	21.644968	-13.363956	0.38605878	-0.0031475425	1.0	1.7002938	0.0005763499	1650000	2061.097074508667
55	2.8185833	1.9987042	6.0823016	-0.77878565	24.125	28.205072	113.0	0.0	1000.0	36233.0	0.021567261904761905	0.2724339	0.5290406	2.6623983	-1.2141823	2.2584558	3.133871	39.55019	-8.574731	5.122274e-09	-0.00066694984	-3.7252903e-09	-0.0012497832	0.16159037	-0.078229606	24.40388	-16.411701	0.38291124	-0.0030455291	1.0	1.7005614	0.000790202	1680000	2097.7900133132935
56	2.247431	1.9648122	5.795313	-1.1286371	33.208332	29.746119	92.0	0.0	1000.0	37233.0	0.021773684210526317	0.29158634	0.55584157	2.6761065	-1.2787961	2.3078475	2.9193017	47.772854	-5.3673096	3.7252903e-09	-0.00079971284	-2.8405339e-08	-0.0020749187	0.15996668	-0.093393445	36.074387	-22.68055	0.3798657	-0.0007637739	1.0	1.7009525	0.0006165735	1710000	2134.0641906261444
57	2.473302	2.123579	8.215337	-1.3002759	32.791668	28.40038	100.0	0.0	1000.0	38218.0	0.021964367816091953	0.214219	0.5010916	2.337656	-1.179531	3.2706037	3.2761114	43.89988	-5.443445	7.450581e-09	-0.00082451385	4.8428774e-08	-0.0019334275	0.19784859	-0.09975051	35.45169	-19.232616	0.37910193	0.0011595488	1.0	1.7014496	0.0011687201	1740000	2170.629080057144
58	3.2414112	2.8525236	9.141163	-0.9318455	24.375	24.055166	106.0	0.0	1000.0	39030.0	0.02205084745762712	0.291309	0.5513853	2.0320804	-1.6077524	3.406502	2.9295394	35.53052	-7.3964148	1.4901161e-08	-0.00031974877	8.195639e-08	-0.0005781044	0.17544807	-0.087287135	33.912018	-21.613037	0.38026148	0.0009034276	1.0	1.7013295	0.0005565265	1770000	2207.116970539093
59	2.3759162	2.619784	9.351381	-1.7306075	27.333334	29.858927	119.0	0.0	1000.0	39793.0	0.022107222222222223	0.29031035	0.53120476	2.454039	-1.4798962	2.7304494	3.0628881	34.038292	-8.280554	2.4214387e-08	-0.00089828036	3.7252903e-08	-0.0013034919	0.17777196	-0.093692005	26.67384	-16.383255	0.3811649	0.0013855994	1.0	1.7012451	0.00076442154	1800000	2243.2442457675934
60	3.1585217	2.6374466	7.727893	-2.1912513	26.5	26.762848	111.0	0.0	1000.0	40660.0	0.02221857923497268	0.26154336	0.49767864	2.3368778	-1.3133223	2.7495713	2.6425397	26.412659	-5.4780455	0.0	-0.013673101	-1.8626451e-08	-0.042001337	0.20947957	-0.11300795	32.72989	-18.5491	0.3825505	0.006581545	60.0	1.7011882	0.012133174	1830000	2285.8545377254486
61	1.9334387	2.2969942	6.1739955	-1.9371657	30.666666	23.460367	77.0	0.0	1000.0	41455.0	0.02228763440860215	0.30328894	0.5592355	2.9073699	-1.0830973	2.7100234	2.7357605	24.770794	-6.079326	1.4901161e-08	-0.01601298	3.5390258e-08	-0.043583464	0.25385594	-0.15489079	27.640741	-15.601107	0.38913205	0.010571063	77.0	1.7027938	0.012224931	1860000	2329.6458382606506
62	3.344745	2.643314	9.766071	-0.23773845	19.166666	18.21553	63.0	0.0	1000.0	42068.0	0.022258201058201057	0.31602684	0.56356543	2.7481804	-1.2976328	2.5245824	2.2867608	21.369417	-5.873441	1.1175871e-08	-0.011427627	2.0489097e-08	-0.02696155	0.24950007	-0.13871275	15.74544	-8.493873	0.39970312	0.006283134	79.0	1.677721	0.008161606	1890000	2373.2926087379456
63	3.5688553	2.850152	10.567653	-0.89542943	28.375	44.013077	188.0	0.0	1000.0	42884.0	0.022335416666666667	0.3104226	0.5557576	3.0213714	-1.1700989	2.2556105	2.3783987	23.986952	-4.0988517	-1.4901161e-08	-0.015444561	-7.450581e-09	-0.042596996	0.2161305	-0.1183924	37.56257	-21.695038	0.40598625	0.006960988	55.0	1.6490839	0.01195471	1920000	2414.465167760849
64	4.15951	2.7115083	10.263519	-0.7401881	25.833334	25.63472	77.0	0.0	1000.0	43654.0	0.022386666666666666	0.3442823	0.59369266	3.2688856	-1.3442726	3.0119607	3.4177246	30.795805	-6.5435114	1.1175871e-08	-0.012279831	0.0	-0.04228507	0.25728422	-0.13844399	28.159422	-15.97798	0.41294724	0.0050326586	28.0	1.6300757	0.012366904	1950000	2453.335781812668
65	4.5251365	3.3395774	12.007788	-1.4355394	23.291666	27.633736	81.0	0.0	1000.0	44455.0	0.022452020202020202	0.4720255	0.6025273	3.599157	-1.0198735	2.44699	2.4903061	25.543505	-8.175571	7.450581e-09	-0.012776387	4.4703484e-08	-0.03948036	0.29995626	-0.181624	28.558704	-17.009926	0.4179799	0.0046203732	34.0	1.6178994	0.0120642	1980000	2493.2931385040283
66	4.0037155	2.963921	11.991333	-0.121890426	17.208334	18.330256	64.0	0.0	1000.0	45120.0	0.02244776119402985	0.45494956	0.5639373	3.0698698	-1.069691	2.5374026	2.3160195	21.720165	-5.1997614	1.8626451e-09	-0.015218854	1.1175871e-08	-0.03976834	0.2317181	-0.13829097	21.574305	-12.186998	0.42260027	0.0066367984	74.0	1.616956	0.011874056	2010000	2536.388172864914
67	3.685438	2.569573	8.247503	-1.0128739	13.125	13.386288	38.0	0.0	1000.0	45470.0	0.02228921568627451	0.3524793	0.5817214	3.2440772	-0.97216046	2.4888468	2.370181	26.880821	-5.050587	1.4901161e-08	0.0014541522	2.9802322e-08	-0.0039625913	0.2251547	-0.12651408	12.389689	-6.67668	0.42923707	-0.0031729043	7.0	1.5971411	0.0147924125	2040000	2573.6173057556152
68	2.5442998	2.8192616	9.650483	-1.640133	26.708334	21.983854	72.0	0.0	1000.0	46251.0	0.022343478260869565	0.3820807	0.5896351	3.4071693	-1.1211748	1.4222903	1.668342	30.912035	-4.39252	-3.7252903e-09	0.01114441	2.6077032e-08	-0.0056084916	0.2297778	-0.13408464	23.613665	-11.841858	0.42606416	-0.0029726326	1.0	1.5952995	0.028581867	2070000	2610.1249957084656
69	2.9092052	2.7176473	8.474045	-1.3668876	26.458334	30.15098	113.0	0.0	1000.0	47117.0	0.022436666666666667	0.35302135	0.5286791	2.984476	-1.3398734	2.4541657	2.7952962	28.633783	-5.2952886	-7.450581e-09	0.002292599	0.0	-0.0029934393	0.2034184	-0.114484034	31.914902	-18.250608	0.42309153	-0.0022753775	1.0	1.5947196	0.011874363	2100000	2645.9025704860687
70	2.6322424	2.5565884	10.490961	-1.5992464	28.833334	31.53261	114.0	0.0	1000.0	47863.0	0.022470892018779342	0.32773063	0.5505961	2.719747	-1.2142857	3.2343738	3.704455	35.7525	-7.6428533	3.7252903e-09	0.008412626	-1.1175871e-08	-0.010859085	0.19979338	-0.12679975	34.854774	-21.487598	0.42081615	-0.0009739697	1.0	1.5943258	0.028407052	2130000	2682.601938724518
71	3.1277444	3.0745149	9.867663	-1.0418667	27.875	25.45963	76.0	0.0	1000.0	48592.0	0.022496296296296295	0.34905112	0.5615648	2.571463	-1.2596445	2.5796125	2.7401814	30.512798	-5.625815	-4.656613e-09	0.0085204	-1.1175871e-08	-0.0054815477	0.28990075	-0.1604189	24.81845	-12.92749	0.41984218	-7.742643e-05	1.0	1.5943024	0.02359686	2160000	2718.575178384781
72	5.294553	3.8246975	13.882494	-0.33877054	24.416666	26.01909	100.0	0.0	1000.0	49351.0	0.022534703196347032	0.45149618	0.6412516	3.021919	-1.1218982	2.4042199	2.546979	25.92338	-6.0364904	-9.313226e-09	-0.00075193984	-1.4901161e-08	-0.0055854423	0.3326347	-0.2098962	31.890806	-19.526672	0.41976476	-0.00022220612	1.0	1.5942395	0.006756016	2190000	2755.3321709632874
73	4.3039036	3.947736	11.936732	-1.1148067	26.875	21.915201	92.0	0.0	1000.0	50071.0	0.022554504504504504	0.47265476	0.6449012	3.0962684	-1.1532891	2.2976334	2.9815602	33.40922	-6.614498	-1.1175871e-08	-0.0010548985	-1.6763806e-08	-0.003983527	0.23328224	-0.14320734	29.619892	-18.484278	0.41954255	0.0003309548	1.0	1.5943912	0.0062908838	2220000	2791.8231160640717
74	4.477981	3.6740024	11.253863	-1.0525182	23.666666	18.539747	60.0	0.0	1000.0	50745.0	0.022553333333333335	0.4768272	0.62014663	3.051093	-1.1976182	2.5341985	3.218551	35.698368	-4.6152577	3.7252903e-09	-0.0006093847	-5.5879354e-09	-0.00081622624	0.25566584	-0.15263243	22.90122	-11.2201185	0.4198735	-4.6372414e-05	1.0	1.5944088	0.00073271093	2250000	2828.052948951721
75	2.8577478	2.6115246	8.854135	-0.36611786	23.666666	19.97429	77.0	0.0	1000.0	51520.0	0.022596491228070177	0.44616973	0.6610147	2.8536751	-1.6532649	2.2964127	1.9062451	25.925835	-6.8683424	1.6763806e-08	-0.00066424627	-9.313226e-09	-0.0009434972	0.244831	-0.15254915	23.146523	-10.063829	0.41982713	-0.00038722157	1.0	1.5944309	0.0022309856	2280000	2864.566788673401
76	4.798637	2.811319	11.105126	-0.05492197	16.958334	20.18349	80.0	0.0	1000.0	52088.0	0.02254891774891775	0.41477558	0.6249075	2.7639077	-1.196425	2.7688746	2.6723742	27.213795	-5.334945	-7.450581e-09	-0.0013549526	-2.9802322e-08	-0.0030398201	0.29227743	-0.18417823	22.828209	-12.969973	0.4194399	-0.002540946	1.0	1.59467	0.0025635837	2310000	2901.029205560684
77	3.6443918	2.448465	9.011647	-0.3302153	30.125	23.590805	87.0	0.0	1000.0	52953.0	0.02262948717948718	0.4347418	0.655773	3.5311701	-1.6848596	1.9329063	2.171775	33.320026	-6.9460034	1.8626451e-09	-0.00076889736	7.450581e-09	-0.0032536234	0.2316584	-0.1429756	32.77065	-17.368841	0.41689897	-0.0008689463	1.0	1.5949106	0.0038911593	2340000	2937.294373035431
78	4.148432	4.2322707	15.416937	-1.6185969	22.291666	19.865128	72.0	0.0	1000.0	53683.0	0.022651054852320676	0.49383962	0.6006623	3.0830028	-1.306349	3.0930703	3.133149	35.333443	-5.518058	-1.8626451e-09	-0.0014092356	2.2351742e-08	-0.0018728492	0.30835724	-0.2013217	24.479229	-12.500231	0.41603002	-0.0015246868	1.0	1.5951664	0.0021588684	2370000	2973.701156139374
79	4.1201105	2.944789	10.504157	-0.2764626	24.375	27.566303	101.0	0.0	1000.0	54363.0	0.02265125	0.45956454	0.61586475	3.079011	-1.1498443	2.5433052	2.0555673	20.343506	-5.198927	1.21071935e-08	-0.0010960324	3.7252903e-09	-0.0016388046	0.2720185	-0.18725744	27.338469	-11.242939	0.41450533	-0.0015397072	1.0	1.5952103	0.0013459085	2400000	3010.2263267040253
80	4.21446	3.3401601	10.978823	-1.476761	32.166668	34.842106	130.0	0.0	1000.0	55224.0	0.022725925925925927	0.412292	0.59928936	2.958116	-1.1809405	2.534576	2.6802475	27.672182	-3.9804287	1.1175871e-08	-0.0015778248	2.9802322e-08	-0.0031107035	0.2566284	-0.15253952	38.29201	-21.5936	0.41296563	0.0006124377	1.0	1.5951798	0.0028626353	2430000	3047.0444066524506
81	6.0477204	3.0066764	12.135508	1.0444012	21.541666	25.592934	100.0	0.0	1000.0	55903.0	0.022724796747967478	0.53173375	0.6627243	4.32428	-1.2160268	2.9469109	3.4426444	40.466095	-7.221584	-1.0244548e-08	-0.0009296279	-2.2351742e-08	-0.0015749743	0.3047204	-0.196561	27.968216	-16.688982	0.41357806	-0.000395149	1.0	1.5950382	0.0010252756	2460000	3083.5736713409424
82	3.639356	2.9696765	12.06854	-1.1461194	19.458334	20.047815	72.0	0.0	1000.0	56608.0	0.02273413654618474	0.5190057	0.69540435	3.0066972	-1.4700079	2.1681025	2.419793	28.757614	-5.435187	3.7252903e-09	-0.0007194321	-1.6763806e-08	-0.0030500642	0.24310008	-0.1545194	22.01936	-10.671735	0.4131829	-0.0018900633	1.0	1.5947881	0.003932597	2490000	3120.0821511745453
83	4.195031	3.145401	10.112438	-1.4033333	20.583334	23.46614	88.0	0.0	1000.0	57340.0	0.022753968253968256	0.3882906	0.5848464	2.7666688	-1.5984609	2.6827219	3.028249	33.40751	-4.057814	1.3038516e-08	-0.00113275	2.4214387e-08	-0.0012881528	0.2694863	-0.17703997	22.586308	-11.702601	0.41129285	-0.0029129684	1.0	1.5944991	0.0025501293	2520000	3156.3969416618347
84	4.694634	2.7467282	8.693196	-0.3926154	22.083334	23.061361	83.0	0.0	1000.0	58128.0	0.02279529411764706	0.41209057	0.5910435	2.7531047	-1.4865134	2.690069	2.986236	33.813564	-2.7402859	4.1909516e-09	-0.0013888628	-3.7252903e-09	-0.0036221654	0.22113311	-0.14891627	25.594189	-13.043946	0.40837988	-0.003417015	1.0	1.594176	0.0036099087	2550000	3192.882735967636
85	4.365972	2.4967673	10.399646	0.38051233	30.708334	25.896395	102.0	0.0	1000.0	58968.0	0.02285581395348837	0.49045938	0.64920956	2.7644036	-1.4427141	2.6930869	2.7231035	27.841274	-4.1774216	1.1175871e-08	-0.0008188996	2.6077032e-08	-0.0012487695	0.2634251	-0.1737753	36.10665	-22.669634	0.40496287	-0.0014919639	1.0	1.5938406	0.0012098511	2580000	3229.92764544487
86	5.9342804	3.440084	14.565421	0.15183993	25.416666	21.594593	73.0	0.0	1000.0	59617.0	0.02284176245210728	0.52793175	0.59216106	2.9296124	-0.9110933	2.7979615	3.215773	39.950375	-5.082049	-9.313226e-10	-0.0011312315	2.0489097e-08	-0.0057750675	0.3439474	-0.22799192	22.086634	-12.540859	0.4034709	-0.0012181699	1.0	1.5935938	0.003611194	2610000	3266.6074862480164
87	4.4018254	3.1759386	12.01335	-0.8884953	37.291668	28.894173	107.0	0.0	1000.0	60716.0	0.022998484848484848	0.59005547	0.6742574	3.1090937	-1.0496618	2.4549053	2.965263	39.559483	-7.540683	-2.7939677e-09	-0.0010102456	-3.7252903e-08	-0.0023330618	0.3494187	-0.24665996	42.976036	-25.95657	0.40225273	0.0022619963	1.0	1.5936142	0.0007769216	2640000	3303.352480173111
88	5.186142	3.3680189	11.958244	0.41170558	25.333334	27.769386	101.0	0.0	1000.0	61557.0	0.023055056179775282	0.49806908	0.64071673	3.1889896	-1.1918834	3.3827069	3.4887648	42.59852	-5.9384446	-9.313226e-10	-0.013753563	1.21071935e-08	-0.050739925	0.3115722	-0.21589816	32.477455	-20.242851	0.40451473	0.004961252	33.0	1.593612	0.012207039	2670000	3342.735484600067
89	5.4937234	2.559023	9.547935	-0.8637134	29.666666	26.63592	100.0	0.0	1000.0	62464.0	0.023134814814814816	0.56208	0.686674	3.0867631	-1.6415297	2.95566	3.4128506	38.376934	-6.071579	5.5879354e-09	-0.014276193	2.2351742e-08	-0.050628304	0.30657402	-0.20177813	36.814327	-21.415768	0.40947598	0.0069744885	31.0	1.6078837	0.012592329	2700000	3382.289517402649
90	3.7612102	2.3582313	10.861726	-0.80545396	21.541666	29.968012	146.0	0.0	1000.0	63228.0	0.02316043956043956	0.54819	0.60083187	2.8437734	-1.1041535	2.9821963	2.963499	36.134315	-6.602158	-9.313226e-09	-0.014073863	3.7252903e-09	-0.042591218	0.2540396	-0.17198251	40.82366	-30.140993	0.41645047	0.00671345	47.0	1.5948342	0.012138697	2730000	3423.412539958954
91	4.816546	2.565676	9.78698	-0.0503828	26.458334	24.298454	103.0	0.0	1000.0	64022.0	0.023196376811594203	0.48393595	0.6412909	2.5358894	-1.1438301	2.3622537	2.8348355	45.14897	-7.225974	1.8626451e-09	-0.0075552235	1.8626451e-09	-0.029442664	0.2820915	-0.18776396	27.736874	-14.893801	0.42316392	0.0033670962	11.0	1.5890489	0.009355983	2760000	3460.795495033264
92	4.798019	2.4453106	9.303413	0.43529496	31.041666	36.087254	155.0	0.0	1000.0	64863.0	0.023248387096774195	0.5071907	0.61495686	2.6344686	-1.1110846	2.652193	2.8065624	39.88652	-6.868086	-9.313226e-10	-0.014629982	-1.4901161e-08	-0.04711109	0.338597	-0.2367396	34.17072	-18.34874	0.42653102	0.007183641	37.0	1.5878613	0.012702495	2790000	3500.6047461032867
93	6.208483	3.5290303	17.106573	-0.30041113	35.0	24.747055	80.0	0.0	1000.0	65902.0	0.02336950354609929	0.4964569	0.6177689	2.9593709	-1.3314159	2.8640366	2.8545616	31.2046	-7.377004	-1.0244548e-08	-0.012704249	-2.7939677e-08	-0.044798173	0.3019949	-0.21217859	37.223587	-19.276829	0.43371466	0.0094091	27.0	1.5848918	0.012310742	2820000	3539.630169391632
94	5.598145	3.551776	14.03511	-0.42145562	27.375	21.435587	84.0	0.0	1000.0	66792.0	0.023435789473684212	0.5885195	0.5927733	2.332466	-1.2760651	3.4380345	3.0737839	39.296535	-5.379307	-5.5879354e-09	-0.016168524	-1.3038516e-08	-0.054097734	0.26275432	-0.15961087	23.993507	-11.875523	0.44312376	0.010407031	36.0	1.5775228	0.013206723	2850000	3579.084083557129
95	4.4129205	3.3831997	11.245631	-2.5188217	27.333334	20.280668	77.0	1.0	1000.0	67564.0	0.023459722222222222	0.6129491	0.6039377	3.1036365	-0.9846682	3.2746022	2.9170263	28.56952	-5.58732	-1.21071935e-08	-0.012905006	-4.8428774e-08	-0.036222696	0.34049413	-0.2253969	21.542778	-10.270809	0.4535308	0.011002243	41.0	1.5744414	0.012356045	2880000	3619.8329882621765
96	5.5937705	3.4826372	12.223223	-0.032156862	18.25	19.969248	65.0	0.0	1000.0	68123.0	0.02340996563573883	0.53006935	0.64845705	4.1598353	-1.1477723	2.5500443	2.3328722	26.63296	-4.456666	5.5879354e-09	-0.013979562	0.0	-0.034429967	0.37404823	-0.2723843	17.95948	-8.618101	0.46453303	0.009190172	62.0	1.5683401	0.0121475365	2910000	3662.274301290512
97	8.220653	2.5606282	13.214145	1.1361262	25.833334	37.378323	170.0	0.0	1000.0	68907.0	0.023437755102040818	0.66730624	0.6888107	3.4019597	-1.2858089	1.9792793	1.9298904	24.796272	-5.8324165	-1.21071935e-08	-0.010661211	-1.4901161e-08	-0.03443505	0.40067536	-0.28563744	44.015877	-26.190536	0.4737232	0.0054773986	16.0	1.5451134	0.013249516	2940000	3700.370896100998
98	7.092996	4.8177643	18.690344	-0.107004076	21.625	21.571224	66.0	0.0	1000.0	69502.0	0.0234013468013468	0.78095007	0.6680439	3.4376097	-1.3471724	2.7000284	3.4976864	40.397095	-6.9082837	-3.7252903e-09	0.0027324422	2.2351742e-08	-0.0036243289	0.3850725	-0.27695215	24.303885	-14.373329	0.4792006	0.0027849078	2.0	1.5424595	0.010979388	2970000	3736.6462240219116
99	7.160317	3.533072	14.849371	-0.38933948	23.0	18.373442	67.0	0.0	1000.0	70238.0	0.023412666666666665	0.7542148	0.6728096	3.4543197	-1.180547	2.0330527	2.1494985	22.524036	-4.8009367	3.7252903e-09	0.003099091	0.0	-0.0033260537	0.31151485	-0.2202904	20.721863	-8.968047	0.4819855	0.0017987788	1.0	1.5415953	0.013002554	3000000	3773.056033372879
100	6.8659654	3.9204664	18.361528	2.3452728	21.708334	23.89993	99.0	0.0	1000.0	70848.0	0.02338217821782178	0.72815424	0.70333785	3.1970196	-1.2177947	2.413054	2.336661	24.567034	-6.5214677	-7.450581e-09	0.0035364015	-1.4901161e-08	-0.008272004	0.3098517	-0.22239763	23.88453	-11.8194275	0.4837843	0.00057414174	1.0	1.54124	0.018490912	3030000	3810.27534532547
101	7.2415504	3.620407	15.864822	-0.5571347	15.625	12.469337	45.0	0.0	1000.0	71365.0	0.023321895424836602	0.75236017	0.6353488	2.6923091	-1.1149211	2.0960126	2.0569203	23.975376	-6.0729165	0.0	-0.00072397105	-1.8626451e-08	-0.002255205	0.38119268	-0.2659027	14.46624	-7.381461	0.48435843	-0.0024569333	1.0	1.5409272	0.003937852	3060000	3846.7294397354126
102	7.143205	3.4085815	13.199578	0.47517115	29.583334	29.265902	113.0	0.0	1000.0	72383.0	0.023424919093851134	0.7721161	0.7223952	3.651943	-1.2131336	1.8096728	1.8110081	20.183857	-6.4253125	-1.1175871e-08	0.00019185571	-2.9802322e-08	-0.0038601067	0.35407448	-0.249723	39.065796	-21.929071	0.4819015	-0.00071021914	1.0	1.5409489	0.008789271	3090000	3883.0765404701233
103	7.973909	3.3169656	14.300589	0.27147835	29.083334	21.44162	77.0	0.0	1000.0	73163.0	0.02344967948717949	0.78178436	0.67766076	3.4100883	-0.93368983	3.2661843	3.2379985	39.359142	-6.329051	5.5879354e-09	-0.0025225012	2.0489097e-08	-0.005944683	0.36388904	-0.26930648	32.893105	-18.067638	0.48119128	0.00069630146	1.0	1.5414876	0.0049578045	3120000	3919.2854969501495
104	7.2726445	4.0927515	16.394032	-4.635089	37.958332	30.836233	111.0	0.0	1000.0	74216.0	0.02356063492063492	0.75634503	0.6811353	3.425468	-1.2302539	2.767641	2.50459	30.245165	-6.915995	8.381903e-09	-0.0011043762	1.1175871e-08	-0.002053408	0.40593213	-0.2973641	39.807503	-20.467686	0.48188758	0.0047535896	1.0	1.5422727	0.0015735417	3150000	3955.8250789642334
105	5.7856727	4.3021445	17.79514	0.79074186	27.208334	20.838623	77.0	0.0	1000.0	75044.0	0.02359874213836478	0.7695573	0.67565805	3.093328	-1.197446	3.4030359	2.6481638	25.00764	-7.206979	-3.7252903e-09	0.0016217132	1.4901161e-08	-0.0063896165	0.40911132	-0.30152956	26.69756	-14.748108	0.48664117	0.005052507	1.0	1.5429606	0.01393854	3180000	3993.038826227188
106	8.7303505	4.632073	20.185328	-0.7687	39.958332	34.276424	158.0	0.0	1000.0	76147.0	0.023721806853582553	0.70836717	0.658418	4.8647227	-0.9777585	2.9697108	3.0470455	29.32336	-6.167767	3.7252903e-09	-0.0013179954	3.3527613e-08	-0.0026374673	0.46231267	-0.32849875	42.212185	-23.620632	0.49169368	0.009241521	1.0	1.5434141	0.0027572257	3210000	4029.616106748581
107	6.4567375	3.855227	13.213858	-6.5993705	33.041668	33.156796	141.0	0.0	1000.0	77044.0	0.023779012345679012	0.8191395	0.6707263	3.6191509	-0.92656	3.5159492	3.1378634	32.253113	-5.3117757	-5.122274e-09	-0.0009854287	-5.5879354e-09	-0.004036445	0.40420604	-0.29120865	32.401005	-17.561928	0.5009352	0.011013627	1.0	1.5441155	0.00651054	3240000	4066.01389503479
108	5.617823	2.4762695	11.236291	0.49406165	28.75	22.798483	94.0	0.0	1000.0	77864.0	0.023811620795107034	0.69980973	0.6655831	3.2810984	-1.1294097	2.9993312	2.919418	29.219604	-10.210401	-2.3283064e-09	-0.0014676133	-1.4901161e-08	-0.0045669693	0.2576861	-0.1835375	28.549767	-16.182877	0.5119488	0.011347234	1.0	1.5447713	0.0036817472	3270000	4102.734850883484
109	7.1339645	4.6797886	16.88847	-0.4682584	38.541668	36.572964	129.0	0.0	1000.0	78935.0	0.02391969696969697	0.673398	0.622791	3.0176277	-0.9770233	2.9189858	3.4583056	38.612343	-13.099129	-1.4901161e-08	-0.00096932845	-2.9802322e-08	-0.005408356	0.40740722	-0.30336678	41.406578	-26.161686	0.52329606	0.014673591	1.0	1.5452961	0.0068473984	3300000	4138.9691433906555
110	8.645168	2.603281	15.612867	5.2594156	28.333334	24.009836	89.0	0.0	1000.0	79801.0	0.023964264264264266	0.8495409	0.7035301	3.5212355	-0.9689616	3.856011	4.00422	46.25407	-6.7467012	0.0	-0.0010161286	1.4901161e-08	-0.0026790414	0.3395514	-0.24584396	34.348072	-17.434034	0.53796965	0.014660299	1.0	1.5458635	0.0020791504	3330000	4177.015373945236
111	7.4154243	3.990336	19.795666	0.14925782	30.791666	24.596712	104.0	0.0	1000.0	80706.0	0.024019642857142857	0.7598559	0.5973449	3.0442967	-1.1915978	3.0276458	2.603252	28.620197	-5.764439	1.6763806e-08	-0.001247339	5.4948032e-08	-0.0019866894	0.33801767	-0.24167301	25.735954	-11.95263	0.55262995	0.015459061	1.0	1.5465168	0.003907026	3360000	4214.989620447159
112	7.7307014	3.8440542	13.67731	1.8198851	27.875	21.894278	76.0	0.0	1000.0	81497.0	0.02404041297935103	0.79852945	0.70271933	3.3039627	-0.9233654	2.7866437	2.613474	27.42704	-7.3898664	0.0	-0.0013232327	-3.7252903e-09	-0.002263453	0.34345078	-0.24584633	21.257853	-9.752982	0.568089	0.0152567625	1.0	1.5471838	0.0016287838	3390000	4252.775523900986
113	7.7282205	4.5683494	16.270521	-0.89753795	42.625	30.233553	121.0	0.0	1000.0	82769.0	0.024201461988304092	0.8083917	0.647912	3.149964	-1.0569525	3.0803978	3.0796416	34.476658	-6.2886477	1.1175871e-08	-0.0014452972	4.0978193e-08	-0.005417253	0.4122815	-0.2903021	38.72756	-19.374489	0.5833458	0.019734204	1.0	1.5477412	0.0043001906	3420000	4290.151155233383
114	8.731795	3.796726	15.047356	2.262648	44.041668	53.29906	266.0	0.0	1000.0	84070.0	0.024368115942028985	0.9167383	0.7449246	3.8234835	-1.1010088	3.9798925	3.2550855	39.299686	-3.7461133	1.1175871e-08	-0.0016679816	1.4901161e-08	-0.0032005976	0.4788432	-0.36529127	80.90761	-61.142517	0.60308	0.024190128	1.0	1.5482173	0.0031734195	3450000	4327.5930597782135
115	7.6335006	4.477993	16.319586	0.5200229	39.875	35.927372	131.0	0.0	1000.0	85113.0	0.024457758620689656	0.874073	0.7458374	3.5628765	-1.4589353	3.7241323	4.013367	41.907806	-9.160824	5.5879354e-09	-0.0016148197	1.1175871e-08	-0.004742196	0.41468465	-0.30912372	35.79533	-20.662926	0.6272701	0.027211249	1.0	1.5485829	0.0022376014	3480000	4365.895285844803
116	7.0553784	3.5512745	14.497239	0.3148946	36.708332	30.489725	143.0	0.0	1000.0	86388.0	0.024611965811965814	0.7943861	0.69293785	3.3268356	-1.024054	3.768064	3.810464	34.69736	-7.2720733	-1.1175871e-08	-0.0015803287	-1.4901161e-08	-0.0040195817	0.34581447	-0.2593795	40.31124	-22.326012	0.65448135	0.029195845	1.0	1.5486677	0.0011611984	3510000	4403.590613603592
117	7.9130974	3.587845	13.844957	1.8112855	37.291668	33.230858	134.0	0.0	1000.0	87591.0	0.02474322033898305	0.7953654	0.64778054	3.4619708	-1.0782149	4.0496345	3.6070976	32.930885	-7.2423673	-1.3038516e-08	-0.002581401	-5.2154064e-08	-0.006026285	0.3623679	-0.2611028	48.202255	-30.321335	0.6836772	0.03130293	1.0	1.5486015	0.0030913125	3540000	4440.426092386246
118	8.569442	5.229224	16.051296	-10.284104	34.375	45.936382	192.0	0.0	1000.0	88530.0	0.02479831932773109	0.8426363	0.6622998	3.56047	-1.4711138	3.7675912	3.9869556	34.787857	-10.912707	-1.3969839e-08	-0.003214874	-4.4703484e-08	-0.008707756	0.5516743	-0.42676395	50.52902	-32.125557	0.7149801	0.032445014	1.0	1.5484827	0.0059766495	3570000	4476.93220448494
119	9.27935	4.583028	18.3186	0.48098555	41.541668	29.653524	95.0	0.0	1000.0	89736.0	0.024926666666666666	0.99452585	0.6979958	4.1049767	-0.99325323	3.6645052	4.1739545	39.510326	-9.056594	-3.7252903e-09	-0.0054465556	-2.2351742e-08	-0.0141842775	0.41871226	-0.31179523	42.5409	-27.927347	0.74742514	0.035876513	3.0	1.5485966	0.008340195	3600000	4514.117258548737
120	8.220217	3.6376066	18.66501	3.9705555	30.041666	23.617579	89.0	0.0	1000.0	90557.0	0.024946831955922864	0.9595308	0.6799407	4.7674785	-0.8550555	3.7475135	3.9734626	37.52251	-6.878237	-1.21071935e-08	-0.0055185873	-1.8626451e-08	-0.016584868	0.32339776	-0.22659712	31.431267	-16.733337	0.78330165	0.03536433	4.0	1.5488108	0.011341874	3630000	4551.698897361755
121	10.297145	3.444527	17.073542	3.4781084	36.625	29.183062	104.0	0.0	1000.0	91612.0	0.025030601092896176	0.88264525	0.6531576	3.0248275	-0.8311863	3.1886525	2.90948	31.523964	-5.2529225	-1.4901161e-08	-0.008242564	-9.313226e-09	-0.019849747	0.39624396	-0.26285452	32.042824	-13.714647	0.818666	0.037299752	6.0	1.5485057	0.010478141	3660000	4589.549117565155
122	8.9194145	3.212806	13.1318445	1.8848706	32.75	39.17615	188.0	0.0	1000.0	92603.0	0.025095663956639567	0.9243841	0.6608202	3.3062248	-1.0015738	3.732281	3.5858727	39.76546	-5.97639	1.3038516e-08	-0.003007302	3.7252903e-09	-0.006144124	0.38981682	-0.27302796	43.995117	-23.327068	0.85596573	0.037448168	2.0	1.549139	0.004532448	3690000	4626.387465000153
123	7.6094894	3.1911662	14.116446	1.1199247	41.583332	36.39931	148.0	7.0	1000.0	93735.0	0.02519758064516129	0.91959184	0.6580348	3.4196742	-0.91643554	3.2637234	3.5103989	38.92963	-8.509469	-1.8626451e-09	-0.0025123658	-3.7252903e-09	-0.010661107	0.32158062	-0.22429973	40.005863	-23.986792	0.8934139	0.040780842	1.0	1.5494015	0.009508144	3720000	4663.529655218124
124	7.3220577	2.958554	13.207743	0.5043216	35.25	29.955872	108.0	0.0	1000.0	94885.0	0.025302666666666668	0.7805612	0.63823783	3.2274482	-1.0535092	4.0271816	4.1482	48.13489	-4.6662745	-9.313226e-10	-0.0034114197	1.4901161e-08	-0.014372977	0.3593921	-0.25240204	43.02115	-23.879086	0.93419474	0.041882634	1.0	1.5497001	0.014976759	3750000	4700.359083890915
125	8.277829	3.7764187	13.291349	0.033470348	41.708332	37.088272	166.0	2.0	1000.0	96201.0	0.02545	0.84367174	0.6900096	3.084772	-0.94643337	3.8592868	3.4003315	36.461975	-5.9054756	-2.2351742e-08	-0.004468022	-4.4703484e-08	-0.011762442	0.41437507	-0.27980638	61.994343	-41.259434	0.9760774	0.045216143	2.0	1.5500007	0.007907426	3780000	4737.415379285812
126	10.198052	3.2155502	17.33599	4.7946844	28.166666	22.482708	81.0	0.0	1000.0	97118.0	0.02549028871391076	1.0322459	0.67451125	3.7397747	-0.772441	4.1976	3.8275661	43.542694	-7.5244393	2.6077032e-08	-0.009518256	3.7252903e-08	-0.025080992	0.39922446	-0.28063393	42.437855	-22.606285	1.0212935	0.043568373	6.0	1.5507874	0.018082475	3810000	4774.367636919022
127	10.491596	2.7597847	17.501554	4.361965	25.041666	28.464128	96.0	0.0	1000.0	97945.0	0.025506510416666666	1.0535167	0.6708896	4.3272367	-0.63175935	3.3514512	3.2941864	34.692444	-5.855966	7.450581e-09	-0.007894119	2.2351742e-08	-0.018049577	0.35070756	-0.23955284	28.759445	-16.177298	1.0648619	0.0404166	7.0	1.5516677	0.011847501	3840000	4811.473027706146
128	8.72812	4.518293	20.836386	2.3457143	41.958332	44.25822	182.0	0.0	1000.0	99120.0	0.025612403100775193	1.0185775	0.66634643	3.2729971	-0.8303825	3.1010084	3.1055646	26.135622	-5.178625	-1.8626451e-08	-0.004255614	-2.9802322e-08	-0.009083552	0.36646464	-0.24861039	59.687515	-39.46889	1.1052785	0.043813944	2.0	1.5516102	0.006194611	3870000	4847.862144947052
129	10.278655	4.3323717	19.800169	2.985395	24.666666	27.927982	137.0	0.0	1000.0	99965.0	0.02563205128205128	0.9698362	0.66554785	3.283199	-1.1763593	3.352648	3.093473	45.68389	-7.108406	0.0	-0.0032198965	2.2351742e-08	-0.009331311	0.45441592	-0.30742282	37.623154	-23.214203	1.1490924	0.040227175	2.0	1.5510839	0.008038905	3900000	4884.475199699402
130	10.467366	4.25683	22.562029	1.5381107	22.125	13.809153	56.0	0.0	1000.0	100867.0	0.025665903307888042	1.124982	0.7421606	3.8388076	-0.9175763	2.9056	3.025492	36.598072	-9.898867	-1.1175871e-08	-0.006578517	-9.313226e-09	-0.021052586	0.43558425	-0.30743954	29.95195	-14.959755	1.1893196	0.035615444	2.0	1.5498549	0.021639746	3930000	4921.903651237488
131	9.587014	4.000883	15.424684	3.3138616	35.0	45.47985	167.0	0.0	1000.0	101930.0	0.02573989898989899	1.024589	0.65557337	3.2158744	-0.99650496	3.0393794	2.8015187	35.895626	-6.7803493	-2.9802322e-08	-0.010781201	-2.9802322e-08	-0.022592453	0.40536702	-0.2765583	41.106148	-23.996159	1.224935	0.037671447	7.0	1.5489502	0.009553668	3960000	4958.915026187897
132	9.354546	3.7426453	16.315083	1.9248857	42.458332	38.902634	131.0	0.0	1000.0	103175.0	0.025858395989974938	0.97769624	0.65528595	3.8617215	-0.8203945	3.4960184	3.5034437	42.845592	-5.3027453	0.0	-0.0054529896	7.450581e-09	-0.012789097	0.35272866	-0.23094796	59.325264	-31.880997	1.2626065	0.041808248	2.0	1.5460155	0.009940643	3990000	4995.84747838974
133	8.730353	4.9571447	17.268745	-7.8656015	34.541668	30.372656	144.0	0.0	1000.0	104155.0	0.025909203980099504	1.0184908	0.67119277	3.5780451	-1.078366	4.1225104	3.7192273	39.67533	-5.341274	-2.2351742e-08	-0.010581464	-2.2351742e-08	-0.024937768	0.51214963	-0.35981667	35.91905	-18.510376	1.3044147	0.04311025	7.0	1.5447936	0.01726192	4020000	5033.707104682922
134	8.641345	3.0399768	14.645495	3.0652552	36.833332	28.260199	95.0	0.0	1000.0	105190.0	0.02597283950617284	0.98122305	0.670195	3.733989	-1.7612969	3.2578347	2.8383677	38.134647	-4.542169	0.0	-0.008461302	0.0	-0.022682367	0.36821496	-0.25767833	38.53412	-17.005482	1.347525	0.04486406	5.0	1.5432384	0.02448839	4050000	5070.892946004868
135	9.080031	4.1037693	18.17356	2.2335577	33.125	24.62944	97.0	0.0	1000.0	106172.0	0.026022549019607842	0.9652665	0.67001545	3.2981467	-0.8402531	3.9126766	3.3491106	30.53951	-3.842905	-2.2351742e-08	-0.010365389	-2.9802322e-08	-0.02268229	0.3438946	-0.22888547	29.993217	-13.45612	1.392389	0.04526949	8.0	1.5450909	0.013401546	4080000	5108.893389225006
136	8.793146	4.2554135	21.503725	2.3891287	35.791668	29.389595	94.0	0.0	1000.0	107098.0	0.026057907542579077	0.9785569	0.6568281	3.2415893	-1.0012976	3.3318474	2.5330698	30.662914	-7.0932307	1.21071935e-08	-0.0037190018	1.3038516e-08	-0.011316316	0.4514466	-0.3166702	28.68141	-13.539815	1.4376585	0.046164393	2.0	1.5501499	0.012222022	4110000	5145.158559799194
137	9.831158	3.8273642	17.031221	1.7281995	26.166666	28.401388	118.0	0.0	1000.0	107924.0	0.026068599033816427	1.0042192	0.731621	3.7355971	-1.1837971	2.9374807	2.9565566	40.30953	-5.506612	1.8626451e-08	-0.0050534843	1.4901161e-08	-0.012144983	0.42771387	-0.2925462	25.183155	-13.571341	1.483823	0.042858243	2.0	1.5521051	0.011328328	4140000	5181.811607122421
