Epoch	AverageEpRet	StdEpRet	MaxEpRet	MinEpRet	AverageEpCost	StdEpCost	MaxEpCost	MinEpCost	EpLen	CumulativeCost	CostRate	AverageVVals	StdVVals	MaxVVals	MinVVals	AverageCostVVals	StdCostVVals	MaxCostVVals	MinCostVVals	LossPi	DeltaLossPi	SurrCost	DeltaSurrCost	LossV	DeltaLossV	LossVC	DeltaLossVC	Penalty	DeltaPenalty	StopIter	Entropy	KL	TotalEnvInteracts	Time
0	0.7779074	1.9716078	5.750725	-1.6912328	83.26667	67.13515	208.0	0.0	1000.0	2498.0	0.08326666666666667	0.611177	0.5430859	2.028936	-1.2112343	-0.44123104	0.12094053	0.10231483	-0.845433	-1.5182493e-07	0.02179251	-3.0110678e-07	-0.026654134	0.7690597	-0.6537509	143.57492	-98.1245	0.99999994	0.0320639	1.0	1.837877	0.123662345	30000	69.66348719596863
1	0.37323824	2.1262565	6.1692715	-2.7863333	52.033333	47.081123	158.0	0.0	1000.0	4059.0	0.06765	0.19026196	0.3485811	1.3921783	-0.9465105	4.395308	6.272115	18.253063	-7.09172	1.14977645e-08	0.033314098	-1.0172526e-09	-0.014182209	0.16306446	-0.04787869	29.37116	-6.879904	1.0320638	0.030136228	1.0	1.8381112	0.12692717	60000	138.80882024765015
2	0.050397627	1.4104042	3.7238197	-2.05995	62.333332	69.086586	246.0	0.0	1000.0	5929.0	0.06587777777777777	0.04402869	0.47890225	1.4435571	-1.3475773	5.9056215	4.9249325	19.88165	-2.7232337	2.2933023e-08	-0.0005438154	3.2552084e-08	-0.009010368	0.08224887	-0.048189025	40.64015	-5.404587	1.0622001	0.031109452	1.0	1.8382796	0.017223807	90000	207.79151344299316
3	0.43715325	1.4044129	2.9397373	-1.6478697	100.166664	85.2221	338.0	0.0	1000.0	8934.0	0.07445	0.04846255	0.32517004	0.87805444	-0.90784335	8.558498	6.492201	24.653553	-2.5819783	1.833621e-08	-0.003696108	4.0690104e-08	-0.018545622	0.04711407	-0.005309958	72.32724	-10.589558	1.0933095	0.03218019	2.0	1.83865	0.023831667	120000	277.1873621940613
4	1.3380105	2.3449092	7.3283286	-1.9203694	78.6	63.73309	201.0	0.0	1000.0	11292.0	0.07528	0.07704892	0.34307912	0.91867685	-0.8130316	8.992208	7.074646	30.313135	-5.566981	1.053288e-08	-0.0020491364	1.6276042e-08	-0.01577083	0.13118872	-0.016003095	39.63443	-8.649263	1.1254897	0.03306067	2.0	1.8393319	0.024539657	150000	346.22603058815
5	0.46167362	2.2312467	6.374013	-2.2798033	59.966667	41.6281	155.0	0.0	1000.0	13091.0	0.07272777777777778	0.0826971	0.35543135	1.3338459	-0.8160966	6.680864	6.2132998	29.967958	-3.2682729	-1.794282e-08	-0.01288669	-3.2552084e-08	-0.030644685	0.122168794	-0.036125243	26.45953	-5.4248695	1.1585504	0.034327388	22.0	1.8400348	0.0130004	180000	417.8399064540863
6	-0.21246943	2.9134493	8.589536	-4.5476375	36.466667	37.778065	119.0	0.0	1000.0	14185.0	0.06754761904761905	0.045708522	0.47355807	1.7347239	-1.1812737	3.9297402	4.950441	29.604446	-1.9528646	-5.1757367e-09	-0.0097245285	-6.1035155e-09	-0.024617992	0.14198558	-0.029079184	17.070368	-2.964448	1.1928778	0.032461524	22.0	1.8491678	0.013353785	210000	489.7075536251068
7	-0.26407167	2.8173862	8.045824	-3.294165	19.166666	18.455503	58.0	0.0	1000.0	14760.0	0.0615	-0.03610216	0.45370838	1.7310491	-1.3374609	1.6093998	3.148398	24.36456	-1.8120188	-8.002744e-09	-0.0007456848	-2.0345052e-08	-0.0017255453	0.15393756	-0.034405045	8.633391	-1.602839	1.2253393	0.026659131	2.0	1.8572016	0.0011535948	240000	559.3675572872162
8	-0.83365756	2.5438352	7.6983304	-5.1827335	22.9	27.49709	105.0	0.0	1000.0	15447.0	0.05721111111111111	-0.011737305	0.47955906	1.8429574	-1.4990121	1.7217633	3.496555	28.58244	-1.2226157	-1.2669574e-08	-0.0012933995	-2.4414062e-08	-0.0027556804	0.15299655	-0.037847154	10.784796	-2.934154	1.2519984	0.02350223	1.0	1.8577578	0.0035818298	270000	628.1887030601501
9	-0.81678647	3.2741096	9.353037	-4.6311245	20.3	22.06075	67.0	0.0	1000.0	16056.0	0.05352	-0.06306163	0.50113463	1.8661155	-1.5782747	2.0104094	3.8975773	29.7125	-1.1310438	5.410147e-09	-0.008617578	4.0690105e-09	-0.018093921	0.1744122	-0.04133624	10.456463	-3.4695482	1.2755007	0.021644235	19.0	1.8580369	0.011831014	300000	699.8674635887146
10	-1.141539	1.9459808	4.34253	-3.3097618	14.533334	16.736654	60.0	0.0	1000.0	16492.0	0.049975757575757576	-0.045220364	0.5336689	1.8526222	-1.5381669	1.0549731	2.47813	24.449905	-1.3693734	4.0690105e-09	-0.01108693	4.0690105e-09	-0.019602416	0.12684314	-0.05240106	5.8048215	-1.318707	1.2971449	0.019341111	36.0	1.8627737	0.011754753	330000	772.8554911613464
11	-0.70563376	1.8766978	2.2722213	-3.7866228	18.966667	26.527325	111.0	0.0	1000.0	17061.0	0.047391666666666665	-0.07723252	0.52034956	1.3635588	-1.7097241	1.8089432	3.006179	28.208809	-0.7604136	1.2712753e-08	-0.0011530572	3.0517577e-09	-0.0016963938	0.10225167	-0.027913481	8.317422	-1.2355337	1.316486	0.014608264	2.0	1.864161	0.001951471	360000	842.2140169143677
12	-0.4680292	3.1020253	10.65745	-3.5145555	16.533333	19.561415	66.0	0.0	1000.0	17557.0	0.045017948717948716	-0.099248715	0.49233034	1.2792712	-1.6190357	1.3521925	2.6461492	23.093815	-0.4869549	-5.802822e-09	-0.00064527494	-1.6276042e-08	-0.0019442993	0.14453994	-0.0472747	7.298445	-0.9519901	1.3310943	0.011900663	1.0	1.8642898	0.006284201	390000	912.3986685276031
13	0.47449976	3.3132694	8.774813	-4.1956744	20.833334	22.730425	89.0	0.0	1000.0	18182.0	0.04329047619047619	0.0835096	0.5585776	2.194452	-1.272985	1.8168385	2.9006922	25.310888	-0.660643	-1.3025029e-09	-0.011792314	0.0	-0.022933967	0.14114489	-0.03434129	8.080176	-2.0167642	1.3429949	0.013267517	36.0	1.8644073	0.013261938	420000	985.8933730125427
14	1.1746749	2.8287268	7.9177995	-3.7921402	21.333334	23.374249	96.0	0.0	1000.0	18822.0	0.041826666666666665	0.08381716	0.5755992	2.0767214	-1.5681031	1.9386584	2.777032	23.849094	-1.0385817	4.0042947e-09	-0.001719712	1.2207031e-08	-0.0025624307	0.15006828	-0.03506265	12.386167	-2.897213	1.3562624	0.009017944	2.0	1.8608527	0.0024752724	450000	1054.9706473350525
15	-0.45071298	1.8021022	3.0785441	-2.8827968	13.433333	16.86749	64.0	0.0	1000.0	19225.0	0.040052083333333335	0.011706094	0.54601336	2.0378804	-1.5076858	1.3464823	2.5983398	23.971674	-1.4465642	1.2756877e-08	-0.007040071	1.5767416e-08	-0.012425067	0.0901875	-0.025986396	7.0739865	-1.8362427	1.3652804	0.007420659	16.0	1.8607316	0.009681734	480000	1126.2760496139526
16	1.6786565	2.9513917	7.942491	-3.251559	28.9	24.227188	107.0	0.0	1000.0	20092.0	0.03939607843137255	0.09868531	0.5093265	1.5257457	-1.5453949	2.4518244	2.7437246	26.734299	-1.0343072	-8.4169416e-10	-0.0076512475	-1.6276042e-08	-0.016197931	0.15379828	-0.054586843	14.516208	-2.65137	1.372701	0.006804824	11.0	1.8569586	0.013879409	510000	1196.669942855835
17	0.88797325	2.5601945	5.838353	-3.6146412	23.0	28.08321	114.0	0.0	1000.0	20782.0	0.038485185185185185	0.16455097	0.55135924	1.7199314	-1.365878	2.1432786	2.7758112	22.618828	-1.0340011	2.4851263e-09	-0.004491202	1.4241537e-08	-0.0123626115	0.1239263	-0.03543906	14.141677	-4.051608	1.3795059	0.0057621	6.0	1.8549798	0.007032301	540000	1266.573124885559
18	0.08692841	3.2136276	7.666542	-3.7596822	14.5	23.5411	98.0	0.0	1000.0	21217.0	0.03722280701754386	0.04239343	0.55711585	1.8316722	-1.5480288	1.3898252	2.8217058	26.781778	-1.0964416	2.4323437e-08	-0.0014757278	5.2897136e-08	-0.0024424153	0.108709455	-0.036521517	9.91918	-3.4435587	1.385268	0.003350377	1.0	1.852371	0.00090017484	570000	1336.2465996742249
19	0.4812958	3.1033041	9.588798	-3.9522555	10.033334	15.0144005	54.0	0.0	1000.0	21518.0	0.03586333333333333	0.07868301	0.54553455	1.78844	-1.5844284	1.0019569	2.355551	23.334435	-3.5157113	-2.175772e-09	-0.0010545619	-8.138021e-09	-0.0017722473	0.124387756	-0.039923795	5.4364495	-1.3653989	1.3886184	0.0007824898	1.0	1.8514671	0.0043398044	600000	1405.7618312835693
20	1.4898313	3.8021595	11.907384	-3.0700688	12.433333	17.764542	60.0	0.0	1000.0	21891.0	0.03474761904761905	0.095145874	0.5870778	2.322119	-1.5779233	1.0739503	2.3845484	27.786627	-2.0288877	-4.747831e-10	-0.0004949483	-8.138021e-09	-0.0006097326	0.1809894	-0.062123805	7.4290133	-2.3072228	1.3894008	-0.0011844635	1.0	1.8507524	0.0014951528	630000	1474.75639462471
21	0.35428444	2.6729214	8.395489	-3.7593338	8.566667	11.84816	42.0	0.0	1000.0	22148.0	0.03355757575757576	0.13270319	0.63448274	2.3672445	-1.8391424	1.1327984	2.0153534	26.2611	-0.58825296	9.220248e-10	-0.001305805	3.0517577e-09	-0.0019378031	0.1353765	-0.044555284	4.579604	-1.4901145	1.3882164	-0.0034246445	3.0	1.8500992	0.0012013069	660000	1544.9920704364777
22	2.001992	3.4885857	10.540747	-2.4853027	13.366667	14.402508	48.0	0.0	1000.0	22549.0	0.032679710144927536	0.147812	0.6012021	2.0423198	-2.0760956	1.170835	2.2862353	25.987661	-0.9412731	5.513799e-09	-0.0011863732	1.8310548e-08	-0.0013608235	0.14893281	-0.041316524	7.069968	-2.0373101	1.3847917	-0.004968524	1.0	1.8490442	0.0030967447	690000	1614.3436346054077
23	1.1375684	3.0573826	9.063016	-3.4789295	10.5	12.771713	48.0	0.0	1000.0	22864.0	0.03175555555555556	0.19580519	0.63164234	2.087935	-1.9334961	1.046188	2.066282	24.051767	-2.1553645	2.69724e-09	-0.0009116481	-5.086263e-10	-0.0017417633	0.13522199	-0.03321936	5.048625	-1.5514395	1.3798232	-0.0066974163	1.0	1.8486992	0.001873833	720000	1683.0613334178925
24	0.644559	1.9676332	5.0644445	-3.2022653	13.433333	15.717684	64.0	0.0	1000.0	23267.0	0.031022666666666667	0.12830833	0.5830259	2.1255047	-1.9326773	0.8600266	1.6618543	19.036953	-1.2005752	-9.839787e-09	-0.0009775676	-2.4414062e-08	-0.00064127706	0.113188915	-0.041203998	5.9395027	-2.0723214	1.3731258	-0.007840872	1.0	1.8484924	0.0017669274	750000	1752.250364780426
25	1.3036081	2.9108012	9.005487	-2.0670657	14.666667	19.368935	74.0	0.0	1000.0	23707.0	0.030393589743589744	0.10821327	0.5491527	1.7812985	-2.0403302	1.4265683	2.519087	25.656418	-1.2044297	-1.1975281e-08	-0.00952795	-1.6276042e-08	-0.017539676	0.12950623	-0.037683904	8.136073	-3.0718002	1.3652849	-0.0043370724	57.0	1.8484004	0.012058751	780000	1827.535705089569
26	1.9704572	3.495453	10.850947	-2.894928	13.233334	15.219907	45.0	0.0	1000.0	24104.0	0.029758024691358024	0.24194367	0.6032699	1.7036177	-1.7943449	1.6204259	2.6060824	20.904566	-1.222445	6.150686e-09	-0.0015771516	1.6276042e-08	-0.0025315613	0.14050634	-0.046495356	8.232266	-4.357548	1.3609478	-0.009404421	2.0	1.8426709	0.0018568578	810000	1897.5535612106323
27	2.3494382	2.6940193	10.278281	-1.6694835	14.7	18.486301	80.0	0.0	1000.0	24545.0	0.029220238095238094	0.2520118	0.60925543	1.6346552	-1.9009591	1.287617	1.9932512	21.066824	-1.1977952	-1.3710047e-08	-0.0030970236	-2.009074e-08	-0.006153788	0.124501124	-0.03583461	7.507633	-2.7113514	1.3515434	-0.009670258	7.0	1.8424866	0.007070311	840000	1968.1933147907257
28	1.941861	2.985036	9.975016	-2.5044932	14.0	15.483324	49.0	0.0	1000.0	24965.0	0.028695402298850575	0.26964727	0.5751478	1.7126933	-1.7981644	1.1965655	2.0999124	19.445162	-1.9906117	5.8065126e-09	-0.008927074	4.0690105e-09	-0.018319506	0.14309232	-0.033535987	6.3656807	-2.2498407	1.3418732	-0.00957191	23.0	1.8413088	0.013574532	870000	2039.3966763019562
29	3.2420535	3.1499987	12.118148	-2.084685	11.3	13.515793	40.0	0.0	1000.0	25304.0	0.028115555555555557	0.2677154	0.5859657	1.8723848	-1.740918	1.303239	2.2159927	23.776764	-2.2690482	-1.7289244e-08	-0.00902608	-2.6448568e-08	-0.01800378	0.2153555	-0.07059798	5.8282104	-1.9228797	1.3323013	-0.006308317	49.0	1.832527	0.012271674	900000	2114.4157242774963
30	4.107974	3.2551608	10.521823	-1.5659652	7.9666667	9.343387	39.0	0.0	1000.0	25543.0	0.027465591397849463	0.41747636	0.6417661	2.152278	-1.9731498	1.1873072	1.7701856	18.963936	-1.468886	-7.814357e-09	-0.008824261	-1.8310548e-08	-0.018465968	0.2554139	-0.10041171	4.183415	-1.383095	1.325993	-0.009809136	39.0	1.818018	0.012913896	930000	2187.4240458011627
31	3.8898845	3.4834237	10.533488	-2.1025167	6.1	12.977801	51.0	0.0	1000.0	25726.0	0.026797916666666668	0.4496537	0.63653785	2.1596522	-1.850474	0.818051	1.5975232	19.894049	-2.807843	5.7579963e-09	-0.009156026	1.3224284e-08	-0.015831867	0.20683344	-0.056243435	4.8716288	-1.9074447	1.3161838	-0.0060834885	79.0	1.8030506	0.011986048	960000	2265.304613351822
32	4.0121527	2.8914707	10.11777	-1.1664379	13.333333	12.517545	39.0	0.0	1000.0	26126.0	0.02638989898989899	0.440011	0.6506722	2.3628883	-1.7117175	0.7605491	1.6614578	29.918497	-1.5217656	3.3448924e-10	0.00085619773	-4.0690105e-09	-0.0066609373	0.22405879	-0.06978403	6.657209	-2.3188372	1.3101003	-0.014827728	6.0	1.7814317	0.015295483	990000	2335.452662229538
33	3.2635868	2.9748273	9.262426	-2.5697067	10.233334	11.167463	33.0	0.0	1000.0	26433.0	0.02591470588235294	0.40124342	0.6497814	2.1737	-1.4990938	1.1151048	1.9409033	23.745983	-1.1749135	-2.9357212e-09	0.0012223682	-5.5948894e-09	0.00060345663	0.18764623	-0.0650758	5.200907	-2.0188868	1.2952726	-0.016338825	1.0	1.7798191	0.011780158	1020000	2404.6072359085083
34	4.211287	3.0149088	12.361258	-1.8200599	11.7	12.5648985	58.0	0.0	1000.0	26784.0	0.02550857142857143	0.4283752	0.62938946	2.258084	-1.8729749	1.1856523	1.9114076	19.168251	-0.1768654	-1.1459982e-08	-0.00053729594	-6.1035155e-09	-0.00048248086	0.18479379	-0.05386184	6.766897	-2.2815661	1.2789338	-0.01676166	1.0	1.7795243	0.0017877612	1050000	2473.5955164432526
35	5.4364963	2.6884499	11.872725	-0.28234148	11.233334	13.063137	46.0	0.0	1000.0	27121.0	0.025112037037037037	0.5436392	0.6269604	1.8930014	-1.775838	1.234262	1.9124763	20.192297	-1.6700835	-2.2483977e-09	0.0008559791	0.0	0.0010983073	0.21365935	-0.06821065	5.679603	-1.7183063	1.2621721	-0.017201424	1.0	1.7793851	0.013124971	1080000	2542.717720270157
36	5.6837363	3.1370234	11.171807	-0.6841963	19.933332	16.683191	76.0	0.0	1000.0	27719.0	0.024972072072072072	0.5513506	0.6579823	2.507693	-1.7977165	1.2714057	1.8423392	20.128555	-2.198603	2.890885e-08	-0.00092376553	4.0690104e-08	-0.00070643716	0.22883564	-0.07651506	10.2121315	-3.4208012	1.2449707	-0.016278505	1.0	1.779228	0.003439637	1110000	2612.089756011963
37	5.060615	2.7721994	10.261037	-1.216576	11.5	19.03637	95.0	0.0	1000.0	28064.0	0.02461754385964912	0.5772482	0.61688405	1.9763566	-1.7502143	1.6639427	2.152447	21.187044	-2.0507374	-4.238874e-09	-0.0008881849	-1.0172526e-08	-0.0021200194	0.14655912	-0.0421212	6.324375	-2.0554695	1.2286922	-0.016706467	1.0	1.7790642	0.002319118	1140000	2681.48406624794
38	6.498383	3.4983194	15.909917	0.5127078	16.933332	16.237679	50.0	0.0	1000.0	28572.0	0.02442051282051282	0.6323498	0.60772276	2.260769	-1.8683174	1.4024233	1.8773729	20.22993	-0.97312534	8.639244e-09	-0.00102969	1.5767416e-08	-0.00232067	0.24252334	-0.08105536	8.537602	-2.6388679	1.2119857	-0.016292334	1.0	1.7790165	0.004602107	1170000	2751.10099029541
39	6.1816955	2.961664	12.020788	-0.19518992	12.533334	11.652563	37.0	0.0	1000.0	28948.0	0.024123333333333333	0.64296776	0.6706315	2.412584	-1.6654599	1.583788	2.1514213	21.034029	-0.6771082	2.9610943e-09	-0.001001587	2.0345052e-09	-0.002716496	0.21650618	-0.06540224	7.44999	-2.8344378	1.1956934	-0.016604662	1.0	1.7790619	0.0036876297	1200000	2820.4555246829987
40	6.4138618	2.4848218	13.0101595	0.88281643	17.833334	17.339903	53.0	0.0	1000.0	29483.0	0.023969918699186993	0.6183206	0.66418254	2.50616	-1.6048485	1.2859746	1.7623142	19.722286	-1.8834859	4.103804e-09	-0.00066144025	1.0172526e-08	-0.002514911	0.19273072	-0.049981564	8.836003	-3.2734604	1.1790887	-0.016117573	1.0	1.779201	0.005485691	1230000	2889.6036500930786
41	4.984489	2.872299	11.048623	-0.10501629	10.3	16.555262	73.0	0.0	1000.0	29792.0	0.023644444444444444	0.62825906	0.66745424	2.4182708	-1.4543957	1.5136179	2.1679444	20.471754	-4.511271	-6.6348234e-09	-0.0005993242	-1.6276042e-08	-0.00012675374	0.22824007	-0.078840986	7.452186	-3.3601851	1.1629711	-0.01683259	1.0	1.7793279	0.0041784937	1260000	2959.214502811432
42	5.190176	3.2879589	9.90168	-1.7767398	12.366667	13.370324	42.0	0.0	1000.0	30163.0	0.02338217054263566	0.5062796	0.6440981	2.3538163	-1.6424757	1.085762	2.0402493	21.971653	-4.743972	-7.585608e-09	-0.0005029146	-1.2207031e-08	-0.0012364684	0.2011834	-0.073277876	6.728999	-2.5941043	1.1461385	-0.01714313	1.0	1.7793317	0.0008811884	1290000	3028.5370557308197
43	5.960674	3.2824998	12.931028	-0.41274872	14.7	12.894831	43.0	0.0	1000.0	30604.0	0.023184848484848485	0.6186613	0.637394	2.62321	-1.4302064	1.1732833	1.9431963	18.341667	-2.5159066	6.56987e-09	-0.0009450672	0.0	-0.0009050232	0.19707228	-0.060891554	8.328364	-3.2589874	1.1289954	-0.017051458	1.0	1.7791529	0.003332194	1320000	3098.5926637649536
44	6.436689	2.689701	12.09996	-0.2280565	11.6	15.808437	57.0	0.0	1000.0	30952.0	0.022927407407407407	0.64945245	0.6549917	2.3297582	-1.6416669	1.322336	2.0227149	20.33147	-3.19337	0.0	-0.000990943	0.0	-0.0039815065	0.21044019	-0.06613898	5.847381	-2.5348704	1.111944	-0.017438173	1.0	1.7789111	0.005989668	1350000	3167.615707874298
45	5.6527815	3.6343548	13.306808	-0.43153146	10.466666	11.351161	37.0	0.0	1000.0	31266.0	0.022656521739130436	0.61051947	0.6548499	2.306215	-1.802918	1.1486324	1.6830653	19.722095	-2.7971628	2.795577e-09	-0.00080678525	8.138021e-09	-0.00062569376	0.22175968	-0.06354998	5.097396	-1.8949726	1.0945058	-0.017931938	1.0	1.7787063	0.0028526704	1380000	3236.7901475429535
46	5.874754	2.6522417	11.839801	-1.8475715	14.733334	19.892935	77.0	0.0	1000.0	31708.0	0.022487943262411346	0.65287983	0.64209163	2.497276	-1.5689279	1.1873473	1.7541261	21.045908	-0.89549094	-7.00601e-09	-0.00062953075	-1.7293294e-08	-0.0014485982	0.19591616	-0.06914985	7.190182	-2.7311625	1.0765738	-0.017693639	1.0	1.7784317	0.007109152	1410000	3306.7800142765045
47	5.9150057	3.329686	11.828765	-1.7919194	11.666667	12.605113	41.0	0.0	1000.0	32058.0	0.0222625	0.56147414	0.6471838	2.1870298	-1.8488107	1.586437	2.4320333	23.61364	-0.8750046	-7.3969004e-09	-0.0008692479	-8.138021e-09	-0.0006492594	0.2074885	-0.06994088	8.121091	-3.8152308	1.0588802	-0.017951608	1.0	1.7781947	0.0028642335	1440000	3376.2401835918427
48	7.435497	3.317183	13.683974	0.6137714	10.533334	12.708877	40.0	0.0	1000.0	32374.0	0.02202312925170068	0.72027475	0.6607859	2.5932927	-1.4709613	1.2274576	1.5930172	18.86486	-3.1064756	-6.4387433e-09	-0.00039108875	2.0345052e-09	-0.0003030416	0.22401541	-0.07806371	5.892918	-2.296687	1.0409286	-0.018347979	1.0	1.7779759	0.00080988824	1470000	3445.221073627472
49	7.2133803	2.9368439	14.629783	0.86991125	10.566667	11.540317	40.0	0.0	1000.0	32691.0	0.021794	0.7677267	0.71012264	3.1653018	-1.3885634	1.0639774	1.7865037	20.883287	-1.842313	-1.8511724e-09	-0.0006206225	-8.138021e-09	-0.0004083923	0.22896802	-0.08221197	6.483946	-2.5679862	1.0225806	-0.018672585	1.0	1.7775578	0.002219355	1500000	3515.026257753372
50	6.800128	3.0655875	12.840721	1.33855	15.566667	10.82492	35.0	0.0	1000.0	33158.0	0.0216718954248366	0.69015306	0.63497984	2.5598226	-1.3258642	1.0663892	1.7324524	22.196812	-0.9695492	2.0464084e-09	-0.0009606605	8.138021e-09	-0.0013542562	0.21169613	-0.07415815	8.809982	-3.246129	1.003908	-0.018217623	1.0	1.777148	0.0012523764	1530000	3585.1799051761627
51	6.978615	4.515446	18.07706	0.30124694	15.966666	14.508579	51.0	0.0	1000.0	33637.0	0.02156217948717949	0.72609156	0.64835507	2.5633793	-1.1877809	1.5888132	2.4160643	23.688507	-0.9986582	2.0198438e-09	-0.0013376115	4.0690105e-09	-0.0016940715	0.19299051	-0.06444368	7.982971	-2.7910576	0.9856904	-0.017740607	1.0	1.7768707	0.0023894995	1560000	3654.564286708832
52	7.036114	2.9511986	11.673879	1.0233632	12.333333	14.517424	51.0	0.0	1000.0	34007.0	0.021388050314465407	0.7726491	0.7242053	2.8740134	-1.3469893	1.5729511	2.0844724	22.478762	-1.6339977	1.6136886e-08	-0.00049296964	4.0690104e-08	-0.0022123128	0.24125275	-0.108038306	7.308936	-3.7803345	0.9679498	-0.017834961	1.0	1.7765625	0.0039645773	1590000	3724.7959485054016
53	7.569314	2.6482239	11.942428	0.48661974	13.8	14.767983	48.0	0.0	1000.0	34421.0	0.02124753086419753	0.70354277	0.6157282	2.532962	-1.4139327	1.3282241	2.0693934	22.733164	-2.0266438	-3.7815706e-09	-0.00016790423	5.086263e-09	0.00030102435	0.25572926	-0.11623682	7.950254	-3.1600895	0.95011485	-0.017684639	1.0	1.7762427	0.0012994959	1620000	3794.4704575538635
54	9.751264	3.523397	16.749523	1.9468379	15.2	10.202614	38.0	0.0	1000.0	34877.0	0.021137575757575758	0.8166905	0.6458077	2.9186	-1.5753363	1.4744024	2.0643911	24.898008	-3.315334	5.4063882e-09	-0.0012439841	-4.0690105e-09	-0.0022470688	0.28823248	-0.13870513	7.267634	-2.7712898	0.9324302	-0.017316401	1.0	1.7759893	0.0016418974	1650000	3864.248658657074
55	8.934723	3.2887993	16.747396	2.6676645	11.433333	13.669146	50.0	0.0	1000.0	35220.0	0.020964285714285713	0.9859975	0.6979672	3.168728	-1.0739422	1.5089753	1.816816	23.590034	-0.80133843	1.8220367e-08	-0.00095158786	2.0345052e-08	-0.0008191854	0.22712295	-0.08236562	5.9630375	-2.2847338	0.9151138	-0.01751113	1.0	1.775807	0.0026301104	1680000	3934.223746776581
56	8.296483	4.1268263	17.4016	-0.872076	16.433332	16.94045	56.0	0.0	1000.0	35713.0	0.020884795321637426	0.8597129	0.68995804	2.6571107	-1.3060576	1.3192403	2.1849205	25.852575	-1.174731	-1.8023234e-08	-0.001080604	-3.3569336e-08	-0.0022347972	0.25258103	-0.09319593	8.987077	-3.5854464	0.8976027	-0.016960025	1.0	1.7756231	0.002546965	1710000	4004.3315513134003
57	8.686491	2.873648	14.207496	3.077555	16.333334	21.367159	78.0	0.0	1000.0	36203.0	0.02080632183908046	0.962986	0.69285995	2.9918323	-1.4894584	1.4377583	2.02736	20.38632	-1.3610567	1.8809656e-09	-0.0013515553	-4.0690105e-09	-0.00347571	0.2562226	-0.100345165	9.995513	-4.255365	0.88064265	-0.016451955	1.0	1.7754459	0.0041605593	1740000	4074.228547811508
58	8.041669	2.6944575	13.435866	3.5868146	16.133333	14.006506	58.0	0.0	1000.0	36687.0	0.0207271186440678	0.9388449	0.66083133	2.638089	-1.4796972	1.871188	2.4439425	19.971117	-2.7201657	-5.8070815e-09	-0.0013516798	-1.0172526e-08	-0.0009010559	0.2606105	-0.105367795	10.090162	-4.9835405	0.8641907	-0.016022682	1.0	1.7753034	0.0015407	1770000	4143.522282838821
59	8.32194	4.4025106	17.536697	-1.0978634	15.966666	12.810109	40.0	0.0	1000.0	37166.0	0.02064777777777778	0.80019194	0.6693207	2.6973717	-1.9652174	1.6696764	2.3650765	23.786875	-2.0477295	2.5647497e-09	-0.0008155059	2.2379558e-08	-0.00063896074	0.23855755	-0.10971865	8.086477	-3.6439848	0.848168	-0.015672266	1.0	1.7751253	0.00081452104	1800000	4213.356586933136
60	8.702687	2.8802505	15.88969	2.0620658	13.166667	12.712418	46.0	0.0	1000.0	37561.0	0.02052513661202186	0.9224294	0.6890237	3.1818635	-1.2612122	1.6610976	2.1507938	20.620382	-5.348568	6.6614243e-09	-0.0009318524	0.0	-0.00061374716	0.24181348	-0.0969235	6.858946	-2.8962045	0.83249575	-0.015746772	1.0	1.7749959	0.0016895012	1830000	4283.427273035049
61	8.835732	2.6601288	13.422476	-0.46693748	13.1	11.446543	49.0	0.0	1000.0	37954.0	0.020405376344086023	0.9390323	0.7016382	3.1840787	-1.2489784	1.2848856	1.8261813	20.763424	-1.598889	-1.9670658e-09	-0.0005638288	-6.866455e-09	-0.00040806097	0.2746513	-0.11402185	5.8719854	-2.5066798	0.816749	-0.01580298	1.0	1.7751348	0.0013766441	1860000	4353.506986618042
62	6.51823	3.7786767	12.962711	-0.78075415	16.8	15.034183	50.0	0.0	1000.0	38458.0	0.020348148148148146	0.73516977	0.7133738	2.799568	-1.2919962	1.1867187	2.0381236	24.23382	-1.9591553	2.844978e-09	-0.0005714604	-1.4241537e-08	-0.0002107076	0.1866958	-0.081516206	7.610942	-2.926466	0.800946	-0.0153282285	1.0	1.775197	0.0019082347	1890000	4422.8849930763245
63	8.539348	3.0416324	15.834203	2.6264508	13.4	16.232887	64.0	0.0	1000.0	38860.0	0.02023958333333333	0.8938035	0.63902855	2.6821759	-1.3680886	2.068679	2.3442802	23.126009	-1.8164467	6.508569e-10	-0.00057710696	4.0690105e-09	-0.0003129313	0.26635367	-0.1124908	8.591382	-4.302954	0.78561777	-0.015350223	1.0	1.7749949	0.0007347135	1920000	4492.619816064835
64	8.105248	4.0926075	18.191732	-0.8669609	16.6	14.145906	52.0	0.0	1000.0	39358.0	0.020183589743589744	0.8633694	0.6390018	2.8735652	-1.2030941	1.2307183	1.7245575	23.588451	-2.16035	1.6804089e-08	-0.00048595155	1.2207031e-08	-0.0005552673	0.26008418	-0.12801288	7.326074	-3.563546	0.77026755	-0.014914691	1.0	1.7748032	0.00095168763	1950000	4562.361825704575
65	8.745331	3.438893	14.074772	-0.92155015	11.666667	12.485548	38.0	0.0	1000.0	39708.0	0.020054545454545453	0.92069256	0.74800515	3.0023293	-1.3513098	1.587433	1.9851342	19.24295	-3.048265	5.671063e-10	-0.0008635584	-4.0690105e-09	-0.0009990641	0.2376278	-0.096609056	6.9983196	-3.469134	0.75535285	-0.015187979	1.0	1.7747519	0.003037627	1980000	4631.978939294815
66	8.842153	4.106833	18.049313	0.19682398	16.5	19.234951	80.0	0.0	1000.0	40203.0	0.020001492537313433	0.85072255	0.7014663	2.7128024	-1.2667692	1.3503212	2.1398292	21.632734	-2.5496497	1.3482074e-08	-0.0010113114	1.93278e-08	-0.0026114553	0.24413854	-0.11530988	7.6952367	-3.3046808	0.7401649	-0.014763355	1.0	1.7746594	0.0036311226	2010000	4701.326395750046
67	9.613211	3.7329583	16.80427	-1.168715	15.133333	13.887004	40.0	0.0	1000.0	40657.0	0.019929901960784313	1.0626646	0.7495126	3.128319	-1.476075	1.571476	2.232307	23.046684	-3.7543817	3.3023704e-09	-0.0011455087	1.9073486e-08	-0.0003674652	0.2613724	-0.11743362	8.013332	-4.052964	0.7254015	-0.014547586	1.0	1.7745016	0.0020110996	2040000	4771.232471704483
68	9.012816	4.2845736	17.537422	-0.099342756	12.3	10.6274805	39.0	0.0	1000.0	41026.0	0.019819323671497583	1.013915	0.7270078	2.5406713	-1.5617881	1.5535285	1.9046242	19.485222	-2.3602107	-2.0076587e-09	-0.0004482567	-4.83195e-09	-0.00013827134	0.32076526	-0.16655734	6.28496	-3.441019	0.71085393	-0.0146996975	1.0	1.7743134	0.0007266651	2070000	4841.124272584915
69	9.282876	2.7273762	14.878425	4.564505	15.833333	17.23965	65.0	0.0	1000.0	41501.0	0.01976238095238095	0.97799206	0.7607563	3.0912154	-1.5474901	1.3610721	1.986774	24.51047	-1.6826565	-7.302997e-09	-0.00028260867	-6.1035155e-09	-0.00017717082	0.28712037	-0.13500202	9.632769	-4.687727	0.69615424	-0.0143533945	1.0	1.7741175	0.0002553495	2100000	4910.85134601593
70	11.175274	3.9879146	18.809683	-0.9124401	17.3	13.468853	60.0	0.0	1000.0	42020.0	0.01972769953051643	1.010022	0.7122838	2.7435887	-1.6554517	1.6988558	2.3134217	22.36622	-2.4300761	-1.0172527e-08	-0.0006519094	-1.0172526e-08	-0.0011085145	0.34579018	-0.15665914	7.594219	-3.898311	0.68180084	-0.013854682	1.0	1.774041	0.0008057916	2130000	4982.611199855804
71	9.9187355	2.76152	14.685371	1.6920211	16.166666	16.114347	55.0	0.0	1000.0	42505.0	0.01967824074074074	1.0845461	0.73220074	2.965197	-1.5874091	1.6549968	2.257056	22.402746	-2.5636158	-6.2513044e-09	-0.0009448361	0.0	-0.0013677734	0.24300613	-0.11415386	7.707238	-3.719686	0.66794616	-0.013542891	1.0	1.77402	0.0013353331	2160000	5054.309875011444
72	11.35087	3.080878	16.47325	3.5439553	21.566668	13.980185	52.0	0.0	1000.0	43152.0	0.019704109589041095	1.100392	0.66077507	2.847788	-1.4077135	1.707775	2.402219	23.156372	-2.9940436	-1.0624954e-09	-0.00094177667	5.086263e-09	-0.00042289734	0.2888398	-0.12084681	9.142839	-4.1500154	0.65440327	-0.012546122	1.0	1.7740417	0.0011091748	2190000	5124.157010316849
73	10.247745	3.7715833	18.625786	1.8848176	19.0	14.2314205	55.0	0.0	1000.0	43722.0	0.019694594594594595	1.1118453	0.7029665	2.785408	-1.437452	2.2592754	2.671179	30.193192	-2.346446	-2.3342022e-08	-0.0009714461	-4.0690104e-08	-0.0009333659	0.28433755	-0.13273215	9.450672	-4.9786215	0.64185715	-0.011999428	1.0	1.7740512	0.0011061841	2220000	5194.170299768448
74	10.719633	4.4303083	18.259226	-1.8286444	23.466667	19.742903	77.0	0.0	1000.0	44426.0	0.019744888888888888	1.041716	0.7282632	3.3110025	-1.386267	1.9016117	2.4833372	22.583874	-2.5733159	-2.6310724e-08	-0.0007253751	-3.2552084e-08	-0.0012902872	0.31245816	-0.16193244	10.95436	-5.092462	0.6298577	-0.010935545	1.0	1.7740073	0.0011623045	2250000	5264.81774687767
75	9.889236	3.7682188	16.564976	-0.15683462	18.5	15.163003	60.0	0.0	1000.0	44981.0	0.019728508771929824	1.1069288	0.7500625	3.0282311	-1.2846782	2.1470234	2.641953	19.966621	-3.6624453	-4.1268042e-09	-0.009276798	-3.051758e-08	-0.023952547	0.31505138	-0.15598808	9.229701	-4.797471	0.6189222	-0.00023138523	79.0	1.7738879	0.010544192	2280000	5344.930446386337
76	10.668529	3.8530612	16.537716	-0.7433702	14.533334	14.013644	54.0	0.0	1000.0	45417.0	0.019661038961038962	1.125467	0.7065858	2.9286258	-1.2682863	2.0080535	2.1551092	21.57311	-2.8327365	-4.579992e-09	-0.0077446084	6.1035155e-09	-0.015399965	0.32570827	-0.15833472	7.2474227	-3.9548748	0.6186908	-0.0037070513	79.0	1.7633932	0.007666963	2310000	5423.20975112915
77	10.627547	3.7675722	17.927393	-0.59948146	18.133333	18.14154	54.0	0.0	1000.0	45961.0	0.019641452991452993	1.0809968	0.7369481	3.0428104	-1.2941971	1.3974607	2.113828	20.136555	-1.5588101	-6.1035155e-09	0.0015582541	-6.1035155e-09	-0.0007750488	0.31212512	-0.14482638	7.990879	-3.5983992	0.61498374	-0.010601521	2.0	1.7496867	0.0045457957	2340000	5493.157430171967
78	10.920801	3.308376	17.900234	1.7036759	16.233334	13.300835	52.0	0.0	1000.0	46448.0	0.01959831223628692	1.2005882	0.74982625	3.5856545	-1.1043051	1.8549172	2.1070547	23.020233	-1.9118278	-3.7797725e-09	-0.00019748676	-1.4241537e-08	-0.0014672811	0.3254782	-0.16500938	8.707251	-4.140306	0.6043822	-0.010720372	1.0	1.7495644	0.0062629962	2370000	5561.778289079666
79	9.803928	3.8990722	17.197332	1.052028	16.166666	17.439579	68.0	0.0	1000.0	46933.0	0.019555416666666665	1.0221342	0.75016195	3.0460029	-1.3624358	1.6192396	2.0650983	23.650381	-2.5594316	1.0889952e-08	-0.0013098787	2.2379558e-08	-0.0010359619	0.28125918	-0.14554243	8.040589	-4.1422095	0.59366184	-0.01068747	1.0	1.7492495	0.0027552408	2400000	5631.112231254578
80	11.125325	2.966094	17.08376	1.9107105	17.1	15.254179	49.0	0.0	1000.0	47446.0	0.019525102880658438	1.1017417	0.66562384	2.83743	-1.0489206	2.0082524	2.6613166	25.658743	-3.1470094	2.4624578e-09	-0.00019806284	4.0690105e-09	0.0008711629	0.3055775	-0.15633301	9.161225	-4.724944	0.5829744	-0.010518014	1.0	1.7490503	0.0018556408	2430000	5701.710390806198
81	11.254844	3.2314165	16.629091	5.215053	19.166666	14.285386	54.0	0.0	1000.0	48021.0	0.019520731707317072	1.0836601	0.7004254	3.3842866	-1.2952577	1.7363391	2.1023562	22.21052	-4.422096	3.5251464e-09	-0.0005468438	2.0345052e-08	-0.0004870056	0.28494924	-0.14337356	8.65018	-4.688785	0.57245636	-0.010114491	1.0	1.7487984	0.0011844403	2460000	5771.662046670914
82	11.442862	3.9223363	20.918367	1.6292801	14.033334	14.604756	55.0	0.0	1000.0	48442.0	0.019454618473895582	1.1809522	0.7558989	2.9335418	-1.5278615	1.7048743	1.8588047	21.835619	-1.866808	-9.927331e-09	-0.00035614707	-2.0345052e-08	-0.00056392007	0.32372493	-0.16563152	6.9341984	-3.454788	0.56234187	-0.010374427	1.0	1.7485263	0.0013055432	2490000	5842.082002878189
83	11.126942	4.0751414	18.27776	0.17691717	21.566668	18.826725	67.0	0.0	1000.0	49089.0	0.019479761904761906	1.1985406	0.7688571	3.0689516	-1.4093671	1.668173	2.415868	21.607218	-2.034516	-2.8897167e-09	-0.0005425639	2.1362304e-08	-0.00047461753	0.30776516	-0.15900819	9.714766	-5.4056296	0.55196744	-0.009671271	1.0	1.748667	0.0011585645	2520000	5912.395094633102
84	10.293412	3.726817	18.736395	2.7790623	18.3	13.198864	43.0	0.0	1000.0	49638.0	0.019465882352941177	1.1925763	0.75950307	3.277349	-1.2395484	2.0241604	2.4698503	30.976944	-3.4891837	2.4783706e-09	-0.00058462657	1.2207031e-08	0.00010156453	0.34129068	-0.18333024	9.488139	-5.193157	0.5422962	-0.009454608	1.0	1.7489059	0.0016099128	2550000	5984.159987688065
85	11.143509	3.6586454	17.811295	0.40960705	23.0	17.565117	66.0	0.0	1000.0	50328.0	0.019506976744186045	1.0554649	0.6977272	2.7674298	-1.3776069	2.1191697	2.9770222	26.775822	-2.2156317	1.2739901e-08	-0.00015460161	6.1035155e-09	-0.0024375916	0.34721035	-0.1834466	9.540944	-4.8460755	0.53284156	-0.008696377	1.0	1.7491136	0.0044278638	2580000	6054.532954216003
86	12.798151	3.163378	18.624582	4.709081	27.2	19.187496	79.0	0.0	1000.0	51144.0	0.019595402298850574	1.2922428	0.7033118	2.9692006	-1.2703514	2.2604125	2.5373478	23.379221	-4.74014	5.187658e-09	-0.00029698503	3.2552084e-08	-0.0010579021	0.29890186	-0.14541711	11.40637	-5.982212	0.5241452	-0.007483661	1.0	1.749337	0.0027587544	2610000	6125.4779007434845
