Epoch	AverageEpRet	StdEpRet	MaxEpRet	MinEpRet	AverageEpCost	StdEpCost	MaxEpCost	MinEpCost	EpLen	CumulativeCost	CostRate	AverageVVals	StdVVals	MaxVVals	MinVVals	AverageCostVVals	StdCostVVals	MaxCostVVals	MinCostVVals	LossPi	DeltaLossPi	SurrCost	DeltaSurrCost	LossV	DeltaLossV	LossVC	DeltaLossVC	Penalty	DeltaPenalty	StopIter	Entropy	KL	TotalEnvInteracts	Time
0	1.2072625	1.8345107	4.963356	-1.8035861	37.083332	90.29808	449.0	0.0	1000.0	1059.0	0.0353	0.5492139	0.5510131	2.0239978	-1.2550879	-0.3823136	0.11466428	0.1008755	-0.73381054	7.450581e-09	0.009937752	2.9802322e-08	-0.012445315	0.8835215	-0.7069645	142.34076	-60.6565	0.99999994	0.032035768	1.0	1.837877	0.06286052	30000	41.03113675117493
1	0.092298865	2.42931	8.282522	-3.8149083	16.916666	16.170746	48.0	0.0	1000.0	1610.0	0.026833333333333334	0.004036542	0.3355366	0.9961525	-1.0441378	2.3469794	3.7021937	24.092012	-5.9278603	-3.7252903e-09	0.025544725	3.7252903e-09	-0.0072084665	0.19326794	-0.04460343	23.53291	-11.7081175	1.0320357	0.0048532486	1.0	1.8383718	0.08075469	60000	81.09122109413147
2	-0.14824964	1.9471552	5.49159	-3.0799458	22.958334	28.894175	120.0	0.0	1000.0	2210.0	0.024555555555555556	-0.083048336	0.43267286	1.456715	-1.5315725	2.3792968	1.4378183	7.722123	-1.878411	2.2351742e-08	0.0006060195	1.4901161e-08	-0.0044550695	0.13238366	-0.03084381	20.883438	-2.14409	1.036889	0.0008845329	1.0	1.8387263	0.012401544	90000	122.07904577255249
3	0.5046089	1.7306528	4.6686068	-2.577775	21.583334	19.640343	57.0	0.0	1000.0	2953.0	0.024608333333333333	-0.14539593	0.43414542	1.2269377	-1.5007365	2.337656	1.0786515	5.964501	-0.78900695	-1.21071935e-08	-0.011832556	-5.5879354e-09	-0.025976377	0.1292045	-0.019527372	20.572449	-1.9524624	1.0377735	-0.00043594837	46.0	1.8389108	0.012374826	120000	168.03726172447205
4	0.44101715	1.7324402	5.3786554	-2.4679298	19.208334	18.999954	56.0	0.0	1000.0	3508.0	0.023386666666666667	-0.100955345	0.44282395	1.1449076	-1.5335895	2.3190644	1.735837	9.821582	-2.1360786	1.8626451e-09	-0.0112379985	-1.3038516e-08	-0.023193885	0.15281603	-0.025355399	14.167072	-1.7314806	1.0373375	-0.004245758	54.0	1.8300037	0.012120293	150000	214.79574513435364
5	-0.1776365	1.4788345	2.614288	-2.660022	13.291667	17.917587	64.0	0.0	1000.0	3945.0	0.021916666666666668	-0.04561814	0.38808233	1.3108215	-1.5379088	2.0984516	1.6760408	9.436709	-1.6989186	9.313226e-10	-0.0098714605	0.0	-0.023134267	0.19387418	-0.0660122	14.834458	-2.8720968	1.0330918	-0.0121821165	36.0	1.8075879	0.01242361	180000	260.1914689540863
6	0.557918	1.8385923	3.7636607	-2.2809882	21.666666	41.89139	199.0	0.0	1000.0	4570.0	0.021761904761904764	-0.13025777	0.511708	1.3351562	-1.4897925	1.4356828	1.3906609	8.318047	-2.0154927	1.6763806e-08	-0.010060871	2.6077032e-08	-0.023624588	0.16933519	-0.048768137	27.187157	-13.176909	1.0209097	-0.012661457	31.0	1.802555	0.010914523	210000	304.8113000392914
7	0.24159722	2.148024	4.151779	-3.088637	12.125	13.188734	44.0	0.0	1000.0	4894.0	0.020391666666666666	-0.044240072	0.3820496	1.1519786	-1.2679682	1.6489003	1.5861881	20.330013	-3.7042487	5.5879354e-09	-0.011341626	5.5879354e-09	-0.022063686	0.15928349	-0.026849741	9.487442	-1.6181431	1.0082482	-0.015271008	54.0	1.7997756	0.0121975755	240000	351.80990076065063
8	2.6467955	3.2023644	9.127557	-2.4846876	19.666666	14.82865	45.0	0.0	1000.0	5504.0	0.020385185185185187	0.007959611	0.48311335	1.628129	-1.4981699	1.8118484	1.5857071	22.49878	-1.0270507	-1.8626451e-09	0.003949893	7.450581e-09	-0.0006484287	0.2178812	-0.048392996	14.597743	-2.4662971	0.9929772	-0.020631135	2.0	1.77425	0.016141355	270000	393.975793838501
9	1.9193172	2.4180489	6.8989935	-1.5077724	17.125	20.102472	68.0	0.0	1000.0	6060.0	0.0202	0.08788906	0.48465753	1.5874817	-1.3228726	2.299221	1.4982233	10.561545	-0.6365437	-5.5879354e-09	0.001782276	0.0	-0.002175634	0.16502544	-0.028154876	16.014437	-2.1368976	0.97234607	-0.021971822	1.0	1.7735796	0.012316728	300000	436.50053691864014
10	1.7183895	2.5985768	8.219117	-2.847454	25.041666	21.038614	67.0	0.0	1000.0	6767.0	0.020506060606060608	0.033612855	0.45286053	1.6437335	-1.3669331	1.9480324	1.4317347	14.000197	-1.1868135	-9.313226e-10	-0.00038395193	-7.450581e-09	-0.0006495539	0.16358998	-0.041983634	19.258827	-3.6622033	0.95037425	-0.019354701	1.0	1.7734151	0.0045127943	330000	478.81132221221924
11	2.4382436	2.2768955	7.577006	-0.8514995	21.166666	22.232985	95.0	0.0	1000.0	7433.0	0.020647222222222223	0.13677207	0.5774687	2.1370902	-1.5705092	2.6330485	2.1823492	20.655176	-3.359505	-1.6763806e-08	-0.0008866179	-2.2351742e-08	-0.0011704527	0.19191906	-0.059614204	18.816826	-3.9066434	0.93101954	-0.019091249	1.0	1.77354	0.0028242539	360000	521.3720805644989
12	1.416234	3.0380633	7.726998	-2.7555795	25.041666	21.48154	82.0	0.0	1000.0	8132.0	0.02085128205128205	0.081093624	0.5186064	1.5427853	-1.3055993	2.2800975	1.981346	23.318737	-1.7715362	3.7252903e-09	-0.0007221885	2.2351742e-08	-0.00127212	0.21222226	-0.06839379	15.718523	-2.7005534	0.9119283	-0.016967654	1.0	1.7735153	0.0010004954	390000	563.9842011928558
13	2.9279711	3.7067282	15.395098	-0.99784076	21.541666	16.680775	53.0	0.0	1000.0	8823.0	0.021007142857142856	0.060339633	0.5573481	2.0967891	-1.5293932	2.5201666	1.8909519	18.194153	-2.4057262	3.7252903e-09	-0.00046846643	2.6077032e-08	-0.0026084129	0.20403591	-0.055833783	14.550041	-2.867735	0.89496064	-0.016880333	1.0	1.7735469	0.0064385124	420000	606.892694234848
14	1.7371254	3.077153	8.95454	-2.7088876	20.958334	21.837427	73.0	0.0	1000.0	9399.0	0.020886666666666668	0.111054465	0.5662135	2.1292713	-1.5907601	2.0908282	1.7584047	17.901825	-1.3350524	-1.8626451e-09	-0.00062897825	0.0	-0.0013085064	0.18077435	-0.045788147	13.707464	-2.9969776	0.8780803	-0.017053604	1.0	1.7735535	0.0032036947	450000	649.5318307876587
15	2.3574831	2.341559	6.7367516	-1.266025	29.375	26.439888	93.0	0.0	1000.0	10319.0	0.021497916666666665	0.101316884	0.58646804	2.0460794	-1.5071275	2.5931964	2.5462544	20.386599	-2.091395	-1.21071935e-08	8.8997185e-06	-3.7252903e-08	-0.0044249417	0.15851936	-0.032808743	24.002525	-4.518921	0.8610267	-0.012781382	1.0	1.7736459	0.008952279	480000	692.5968964099884
16	1.2706356	2.832374	8.942016	-2.4963486	23.125	15.155616	60.0	0.0	1000.0	11073.0	0.021711764705882354	0.13004753	0.5668685	2.1490047	-1.4396585	3.1160407	2.9363816	26.197008	-1.9541063	1.3038516e-08	0.0031589523	2.6077032e-08	-0.00094173057	0.20681074	-0.06267535	21.63662	-7.00339	0.8482453	-0.012429953	1.0	1.7737684	0.013674337	510000	735.5686590671539
17	1.6499392	2.9771717	10.34142	-2.2367926	27.458334	21.226908	82.0	0.0	1000.0	11847.0	0.02193888888888889	-0.0015413655	0.536696	1.7435348	-1.7649083	2.4752574	1.6106969	17.904339	-2.6702757	-7.450581e-09	-0.00021673227	-1.4901161e-08	-0.0013079043	0.20604727	-0.061647102	19.060406	-5.130145	0.83581537	-0.0098418	1.0	1.7737184	0.0018912395	540000	778.0899393558502
18	2.1555912	3.4469323	9.746348	-2.5675845	22.166666	17.999228	67.0	0.0	1000.0	12565.0	0.022043859649122807	0.053797655	0.5718457	1.6588452	-1.6649668	2.851958	2.6246681	24.630476	-2.7252517	-9.313226e-09	-0.0011706641	-7.450581e-09	-0.0019910717	0.2056204	-0.05450134	16.722303	-5.029375	0.8259736	-0.010257304	1.0	1.77352	0.0033976245	570000	821.0670793056488
19	1.7348944	2.211063	7.2168193	-2.3903592	29.041666	23.614048	119.0	0.0	1000.0	13422.0	0.02237	0.06670857	0.5611741	2.0172749	-1.4677547	2.6864746	2.1861944	17.590557	-1.7736882	8.381903e-09	-0.0016391658	2.142042e-08	-0.0041711554	0.17231137	-0.059813876	24.398045	-8.181999	0.81571627	-0.00705868	1.0	1.773423	0.0038367067	600000	864.0020401477814
20	1.7711931	2.5660715	6.737686	-2.035884	22.416666	23.959892	95.0	0.0	1000.0	14077.0	0.022344444444444445	0.095675044	0.5572243	1.4788693	-1.7255089	3.0301578	2.1315293	18.021212	-1.8409724	1.4901161e-08	-0.0008738686	2.4214387e-08	-0.0021839538	0.19333127	-0.04866225	17.850632	-6.898411	0.8086576	-0.0076574087	1.0	1.7734494	0.0030281576	630000	907.5092394351959
21	2.098292	2.3662229	10.042414	-0.9674672	25.958334	22.609877	65.0	0.0	1000.0	14902.0	0.02257878787878788	0.100552194	0.56173885	2.5098162	-1.6346152	2.3818474	2.2791932	20.789972	-2.7153301	-4.1909516e-09	-0.0009810643	0.0	-0.0021288143	0.1764176	-0.052889876	20.803871	-6.694284	0.8010002	-0.0064167976	1.0	1.7736745	0.0016355391	660000	950.638769865036
22	2.6652882	3.0995216	8.838376	-2.50971	29.791666	21.47475	69.0	0.0	1000.0	15764.0	0.022846376811594203	0.10397364	0.5427894	1.9210991	-1.5526891	2.9400296	2.4393003	24.380163	-2.2355475	-1.6763806e-08	-0.00034998753	-3.3527613e-08	-0.000948553	0.16339266	-0.043654226	20.959576	-6.4959393	0.7945834	-0.0032683015	1.0	1.7740803	0.00097466685	690000	993.3423075675964
23	1.6527348	3.0752776	8.569792	-2.4618397	55.583332	109.78726	570.0	0.0	1000.0	17247.0	0.023954166666666665	0.09147879	0.5804122	1.716	-1.8526534	2.6987724	2.2657204	19.506392	-4.2772026	-3.7252903e-08	-0.0016964499	-1.1920929e-07	-0.0033084056	0.14864767	-0.04017215	163.55286	-140.35455	0.7913151	0.008776188	1.0	1.7742959	0.0015669819	720000	1037.0857617855072
24	2.994972	4.1986046	16.276642	-1.6513057	26.791666	18.848032	65.0	0.0	1000.0	17960.0	0.023946666666666668	0.12917855	0.6043141	2.2715325	-1.6282339	3.2359817	3.284592	72.10371	-7.8787146	-9.313226e-09	-0.0017039813	-3.3527613e-08	-0.008737972	0.22111705	-0.06749247	24.850002	-10.635884	0.80009127	0.008681238	1.0	1.7746102	0.009734428	750000	1079.7168357372284
25	2.0131006	2.5212185	7.7835536	-2.448534	25.5	24.271038	87.0	0.0	1000.0	18755.0	0.024044871794871796	0.16936888	0.6555825	2.1440773	-1.8749111	2.664375	2.3084836	17.688192	-3.9707022	3.7252903e-09	-0.011961909	0.0	-0.028881857	0.19101882	-0.059764497	21.377777	-5.2692714	0.8087725	0.013215125	39.0	1.7751446	0.012249457	780000	1126.4256534576416
26	2.0475466	2.729913	5.9056106	-3.1782963	31.125	19.532692	66.0	0.0	1000.0	19673.0	0.024287654320987655	0.06338684	0.61101043	1.7781633	-1.6026338	3.0901816	2.6615646	19.86534	-2.1921175	5.5879354e-09	-0.011335023	2.9802322e-08	-0.028684963	0.21335754	-0.053239644	22.214458	-6.0370865	0.8219876	0.015591979	41.0	1.7613286	0.012903674	810000	1173.4577250480652
27	2.4205897	2.032643	6.1646214	-3.3279595	33.583332	26.49987	111.0	0.0	1000.0	20637.0	0.02456785714285714	0.15049787	0.587523	1.7451729	-1.6583487	3.0200438	2.643576	21.889963	-4.438439	-5.5879354e-09	-0.003888381	-2.8871e-08	-0.013472182	0.22239785	-0.074225515	23.397974	-7.4770126	0.8375796	0.0131780505	8.0	1.7502929	0.010723697	840000	1217.2212677001953
28	1.1422545	2.2873774	5.947231	-4.075369	38.833332	34.17195	104.0	0.0	1000.0	21690.0	0.02493103448275862	0.060271952	0.643407	1.6130555	-1.7935004	3.4695961	3.365964	25.820597	-2.7280262	7.450581e-09	-0.0012967088	3.7252903e-09	-0.002013051	0.18048681	-0.056987993	27.990446	-9.835685	0.85075766	0.01567787	2.0	1.7481759	0.0013683154	870000	1260.6816971302032
29	2.533368	2.2488432	6.192187	-1.6873269	31.333334	18.356804	72.0	0.0	1000.0	22553.0	0.025058888888888887	0.07893929	0.6057029	1.7710016	-1.5629485	4.0575686	2.9717073	22.09396	-1.6605666	1.8626451e-09	-0.0050289216	1.4901161e-08	-0.012955273	0.18432394	-0.052750204	19.903324	-6.337603	0.8664355	0.01699543	6.0	1.7470902	0.0075937137	900000	1304.726352930069
30	1.4880458	2.539398	7.948252	-3.2020326	27.833334	20.210695	60.0	0.0	1000.0	23460.0	0.025225806451612903	0.11307057	0.63609946	1.7593801	-1.6407558	3.2099388	2.657173	19.579273	-3.7871675	-8.381903e-09	-0.012042383	-1.4901161e-08	-0.02642662	0.18838277	-0.058543913	19.22334	-6.0232477	0.88343096	0.02001381	36.0	1.7441332	0.012377598	930000	1352.107232093811
31	3.322152	3.5770519	14.812073	-0.8740139	29.875	16.114985	63.0	0.0	1000.0	24298.0	0.025310416666666665	0.101071924	0.635026	1.8443993	-2.224463	3.2523572	2.5743997	21.394938	-4.2061276	-2.2351742e-08	-0.010621259	-4.8428774e-08	-0.024116285	0.23978706	-0.07001911	17.61345	-5.433965	0.90344477	0.02175957	39.0	1.7392824	0.012525202	960000	1398.8950378894806
32	2.9584086	2.348331	7.185984	-0.9242748	25.625	26.998167	105.0	0.0	1000.0	25004.0	0.025256565656565658	0.21875332	0.6766377	2.212419	-1.6736487	2.809846	2.4537191	20.597803	-2.8158777	-1.1175871e-08	-0.010662821	-3.7252903e-08	-0.023995936	0.19326286	-0.055922657	21.384106	-7.931648	0.92520434	0.019083738	27.0	1.7480814	0.012780419	990000	1445.2363712787628
33	2.9288924	2.9854333	8.892755	-2.4273908	29.333334	18.533003	75.0	0.0	1000.0	25808.0	0.025301960784313727	0.19859266	0.70045066	1.7362652	-1.6664743	2.994077	3.3007183	26.880302	-4.0335665	-1.1175871e-08	-0.0012711661	-3.7252903e-08	-0.0016279595	0.22699378	-0.08517139	21.18074	-9.253109	0.9442881	0.016494453	2.0	1.7482692	0.0014505652	1020000	1488.968813419342
34	2.674507	2.6765518	7.232807	-2.8203082	25.708334	19.95929	64.0	0.0	1000.0	26564.0	0.02529904761904762	0.22155799	0.7017585	2.1361125	-1.9705921	2.9639297	3.3955421	27.425858	-5.5281615	2.7939677e-09	-0.001061962	7.450581e-09	-0.0020730072	0.2479671	-0.08919417	17.006964	-6.218261	0.9607825	0.015547097	3.0	1.7479019	0.0027932418	1050000	1532.538598537445
35	2.185037	3.654232	10.515129	-6.119109	23.541666	18.56291	78.0	0.0	1000.0	27277.0	0.02525648148148148	0.18099001	0.64079344	2.0040095	-1.7093242	2.6376736	2.6514673	21.31096	-5.815991	1.8626451e-09	-0.0011989088	7.450581e-09	-0.0034808244	0.23732352	-0.10483441	16.29591	-5.911437	0.9763296	0.013432145	1.0	1.7471902	0.0043188836	1080000	1576.0932486057281
36	2.92554	3.6513352	11.185671	-3.180925	17.416666	16.555254	57.0	0.0	1000.0	27773.0	0.025020720720720722	0.16013955	0.6467519	2.4149778	-1.5852476	2.4578323	2.3678062	19.206839	-3.7604327	1.8626451e-09	-0.0005555297	1.8626451e-08	-0.0076169935	0.22316006	-0.088682	13.081284	-4.789831	0.98976177	0.0089995265	1.0	1.7469866	0.01048498	1110000	1619.160850763321
37	3.1065533	3.346973	10.83345	-3.828514	25.541666	19.403563	73.0	0.0	1000.0	28443.0	0.02495	0.18169385	0.7000887	2.2223227	-1.779712	2.0181081	2.0900643	22.997763	-4.308264	7.916242e-09	-0.010901885	1.1175871e-08	-0.022766253	0.22322686	-0.07123944	15.491538	-6.2873154	0.9987613	0.010986567	29.0	1.7469043	0.01266134	1140000	1665.399071931839
38	1.6888714	3.588622	10.223503	-2.6139407	20.041666	18.724937	56.0	0.0	1000.0	29063.0	0.02484017094017094	0.17673121	0.7166888	1.9453269	-1.8891088	1.9837444	2.6363084	22.126852	-10.633976	5.5879354e-09	-0.012136651	1.8626451e-09	-0.027911294	0.25600043	-0.10849267	15.506095	-6.2984757	1.0097479	0.009261489	27.0	1.7314603	0.012654863	1170000	1711.1635274887085
39	1.9538063	2.5839634	8.975608	-1.7110857	29.083334	29.441916	122.0	0.0	1000.0	29946.0	0.024955	0.10793313	0.6771922	2.0302856	-1.7741684	2.489023	2.6413503	23.244703	-2.2159953	7.450581e-09	-0.0014535728	1.8626451e-08	-0.0023436619	0.2433701	-0.08765525	22.56575	-10.302874	1.0190094	0.0072710514	2.0	1.7210922	0.00142258	1200000	1754.8901691436768
40	4.1013546	3.7438512	9.547386	-3.5906465	15.416667	15.726613	68.0	0.0	1000.0	30378.0	0.024697560975609757	0.22058776	0.7282017	2.3195045	-1.8719677	2.873877	3.2835588	28.809042	-8.749897	-1.1175871e-08	-0.0050524483	-1.3038516e-08	-0.01657576	0.27830634	-0.10045238	16.636017	-8.643958	1.0262804	0.0028290749	6.0	1.7203956	0.01494235	1230000	1800.8336009979248
41	1.4975281	2.2444909	7.396007	-1.7456844	20.375	22.214508	82.0	0.0	1000.0	30938.0	0.024553968253968255	0.21431829	0.7820989	2.146793	-1.826569	1.7767216	2.023631	18.492188	-4.1237288	-8.381903e-09	-0.0020799336	-1.8626451e-08	-0.005412682	0.26842248	-0.10503906	11.796445	-4.0302978	1.0291095	0.0004273653	7.0	1.7172952	0.0047431374	1260000	1845.1126301288605
42	2.5702655	3.6187992	11.2196245	-2.7702706	19.625	23.813183	82.0	0.0	1000.0	31533.0	0.024444186046511628	0.19812706	0.75470376	2.3016062	-1.7682021	1.6110129	2.4048507	22.038889	-7.7863913	1.1175871e-08	-0.0016178149	1.21071935e-08	-0.0030657966	0.2304917	-0.083172046	16.335155	-6.5235376	1.0295368	-0.002506137	1.0	1.7148077	0.0060597043	1290000	1890.1824097633362
43	3.2977486	3.6664934	12.262717	-2.9093966	32.375	21.885712	67.0	0.0	1000.0	32415.0	0.024556818181818183	0.1204665	0.7184268	2.3467414	-2.1401992	2.6340327	3.3907151	27.58397	-4.0008097	1.8626451e-09	-0.0011447545	7.450581e-09	-0.0034224438	0.271928	-0.108847976	20.970472	-8.699142	1.0270307	0.000980258	1.0	1.7146189	0.003888244	1320000	1933.8200101852417
44	2.2398684	3.262311	10.581186	-2.6649873	18.833334	18.550982	76.0	0.0	1000.0	32970.0	0.024422222222222224	0.23951295	0.7411323	2.0517275	-1.8016752	3.2059624	3.3534596	28.29521	-5.6237135	7.450581e-09	-0.0016742968	1.4901161e-08	-0.0037594307	0.2590442	-0.104370505	17.21872	-9.476431	1.028011	-0.0018043518	1.0	1.7144485	0.003332499	1350000	1975.7729222774506
45	2.922644	2.9656684	8.127472	-1.5101084	15.416667	21.39688	93.0	0.0	1000.0	33403.0	0.024205072463768115	0.17289476	0.76605475	2.206269	-1.8690016	2.2002146	2.3524694	24.815926	-3.6095002	-1.8626451e-08	-0.0015477231	-3.7252903e-08	-0.0024179965	0.32889062	-0.1337144	18.55634	-9.738836	1.0262066	-0.0057473183	1.0	1.7142158	0.0034501036	1380000	2021.8482248783112
46	1.8726826	3.8883078	11.024802	-4.5609994	20.125	21.682005	65.0	0.0	1000.0	33909.0	0.024048936170212767	0.23054126	0.77289224	2.1414652	-2.0229757	1.8010222	2.6826367	24.01797	-3.5201302	0.0	-0.0008932828	0.0	-0.0019226252	0.25930533	-0.1098094	15.508432	-8.838072	1.0204593	-0.007296324	1.0	1.7137847	0.002581645	1410000	2065.97682929039
47	3.3694417	3.0553563	12.393584	-2.5414643	24.625	22.687757	89.0	0.0	1000.0	34744.0	0.02412777777777778	0.2208277	0.78320897	2.2889776	-1.8649015	2.133778	2.679637	21.541588	-4.9600296	-1.6763806e-08	-0.0016646159	-1.3969839e-08	-0.0026703149	0.30148828	-0.12828617	17.82906	-7.680919	1.013163	-0.006633997	3.0	1.713078	0.0024150792	1440000	2110.7427909374237
48	2.2155154	2.56734	7.0661774	-1.7895606	13.458333	14.479812	45.0	0.0	1000.0	35181.0	0.02393265306122449	0.12463714	0.7522322	2.8201644	-1.9593403	2.5078356	3.0261214	30.37152	-6.3446655	-1.44355e-08	-0.0012483078	-2.9802322e-08	-0.002255349	0.22091794	-0.108842626	13.576648	-7.366424	1.006529	-0.010893464	1.0	1.7111156	0.001967929	1470000	2155.5035219192505
49	3.1448896	3.6247196	13.205147	-3.4323401	19.458334	20.229887	88.0	0.0	1000.0	35755.0	0.023836666666666666	0.1538752	0.7100368	2.1337476	-1.5033032	1.9886504	2.2200909	20.625319	-2.6628208	-1.7695129e-08	-0.0011818326	-1.1175871e-08	-0.0019177895	0.23860666	-0.10276578	15.310633	-7.10582	0.9956355	-0.012128234	1.0	1.7102383	0.002455316	1500000	2199.990560531616
50	1.583696	3.320977	9.199682	-4.151044	18.0	16.152914	51.0	0.0	1000.0	36306.0	0.02372941176470588	0.22949018	0.70469946	2.2907891	-1.4980999	1.9974077	2.6879478	28.857355	-4.8575125	-1.3969839e-08	-0.0007619686	-1.1175871e-08	-0.0014559957	0.27902496	-0.1399179	12.751326	-4.9648795	0.9835073	-0.013782144	1.0	1.7094921	0.0016806661	1530000	2244.935415506363
51	2.6363497	3.6192734	13.410589	-2.9838333	21.083334	21.813444	75.0	0.0	1000.0	36932.0	0.023674358974358975	0.18266442	0.7270394	2.225322	-1.9474952	2.197944	2.7878973	28.51053	-4.6423035	-1.8626451e-09	-0.0012439634	0.0	-0.0024863486	0.279881	-0.12575883	15.989301	-7.960629	0.96972513	-0.014023542	1.0	1.7088314	0.004104385	1560000	2289.7256298065186
52	3.1430042	2.7221189	10.861316	-1.1160846	17.5	20.402206	70.0	0.0	1000.0	37491.0	0.023579245283018867	0.20004681	0.7754958	2.5602605	-1.6804358	2.4019406	2.940692	29.264206	-4.174364	1.3969839e-09	-0.0056275395	-3.7252903e-09	-0.015855953	0.25042516	-0.09415584	16.844595	-9.335523	0.9557016	-0.015129864	8.0	1.7082366	0.010545952	1590000	2335.3583562374115
53	3.1691246	3.6129959	10.219337	-2.8550804	21.083334	13.759592	45.0	0.0	1000.0	38175.0	0.023564814814814816	0.21849534	0.7738576	2.6210606	-1.732702	2.1038413	3.2132068	27.289383	-5.845126	-7.450581e-09	-0.009917941	-1.4901161e-08	-0.023747738	0.29075456	-0.12241262	15.10168	-7.4732223	0.9405717	-0.01351589	20.0	1.7077627	0.012561189	1620000	2382.759323835373
54	2.2570002	2.7591875	8.649144	-2.588966	16.583334	16.64561	58.0	0.0	1000.0	38593.0	0.02338969696969697	0.19152984	0.7813475	2.291952	-1.8639978	2.3956838	2.7544684	27.486168	-2.08313	0.0	-0.01111696	0.0	-0.025055178	0.25431427	-0.124268636	11.986491	-6.170026	0.92705584	-0.013358653	34.0	1.7024734	0.012209851	1650000	2430.6722650527954
55	2.918131	3.6977053	14.574105	-2.679592	17.541666	18.305235	68.0	0.0	1000.0	39102.0	0.023275	0.16711156	0.71091926	2.3647106	-1.8440454	1.8243395	2.4854114	26.186462	-3.5976336	-1.8626451e-08	-0.011072407	-4.0978193e-08	-0.026010446	0.2763099	-0.1309363	11.670467	-5.573082	0.9136972	-0.010874093	53.0	1.6817527	0.012159338	1680000	2481.403650999069
56	3.532171	3.7981849	15.594307	-2.7658336	16.5	19.33477	77.0	0.0	1000.0	39665.0	0.023195906432748537	0.26269034	0.79302883	2.552794	-1.8960078	1.7909005	2.1298702	23.940956	-3.6281683	-3.7252903e-09	-0.00081618736	-3.7252903e-09	-0.0014903052	0.30247957	-0.13646828	14.705235	-6.899481	0.9028231	-0.019362926	2.0	1.6528598	0.0014323826	1710000	2526.6309530735016
57	2.3213603	2.9771154	8.269724	-1.7705112	11.625	11.283515	47.0	0.0	1000.0	40052.0	0.0230183908045977	0.2723718	0.7510772	2.5396636	-1.6493365	1.9568365	2.512892	22.884567	-5.4712725	3.7252903e-09	-0.00044764893	-7.450581e-09	-0.0010300505	0.24925098	-0.10921987	8.61331	-4.216625	0.88346016	-0.021953642	3.0	1.6520149	0.0028575957	1740000	2571.8528003692627
58	2.7628644	3.3108437	11.134737	-3.0052967	16.833334	17.290813	70.0	0.0	1000.0	40612.0	0.022944632768361582	0.22714972	0.72332895	2.6267233	-1.7530437	1.3036381	2.3123138	20.781551	-5.596998	5.5879354e-09	-0.00025550614	9.313226e-09	-0.000538168	0.3085893	-0.13144797	15.71833	-8.929265	0.8615065	-0.02281034	1.0	1.6512341	0.0016259205	1770000	2616.7539932727814
59	2.7088737	2.7624152	8.68002	-1.8097446	19.625	19.982935	83.0	0.0	1000.0	41228.0	0.022904444444444446	0.1962209	0.76390475	2.9170797	-1.824512	2.2147977	2.9414485	30.925112	-7.021796	3.7252903e-09	-0.0007071253	7.450581e-09	-0.0012200716	0.276201	-0.11924647	16.512749	-8.531047	0.8386962	-0.022274137	1.0	1.6510644	0.0027538585	1800000	2662.399467945099
60	2.0604284	2.8498082	7.120417	-2.1505742	15.875	15.414583	57.0	0.0	1000.0	41648.0	0.02275846994535519	0.14194632	0.76589376	2.3794088	-2.0831752	1.8404299	2.264486	21.421955	-7.559602	3.7252903e-09	-0.0007142991	3.7252903e-09	-0.001939463	0.28059042	-0.15617746	12.21622	-6.6110897	0.81642205	-0.022938788	1.0	1.6510429	0.0010542935	1830000	2711.165310382843
61	2.090477	2.4878635	7.0228634	-2.0239754	14.25	15.116905	50.0	0.0	1000.0	42118.0	0.022644086021505375	0.17376433	0.71610445	2.0993671	-1.9231507	1.4095047	1.8741914	23.358738	-5.9629087	1.1175871e-08	-0.00052145484	1.9557774e-08	-0.00080698356	0.27391025	-0.1353727	11.853679	-6.5412416	0.79348326	-0.023890734	1.0	1.6511214	0.00079895137	1860000	2756.1711101531982
62	2.7358315	2.7242043	7.829773	-2.4002151	15.041667	18.593185	68.0	0.0	1000.0	42546.0	0.02251111111111111	0.1275938	0.7991272	2.0037057	-1.9982444	2.0309997	2.9410083	30.240667	-2.4841738	-3.7252903e-09	-0.0011264128	-1.3038516e-08	-0.0029794835	0.26889783	-0.13131735	13.314943	-7.639001	0.7695925	-0.024389446	1.0	1.6512916	0.003663512	1890000	2799.3435394763947
63	1.9852117	2.8336911	9.1851635	-1.8930031	19.958334	18.530334	63.0	0.0	1000.0	43186.0	0.022492708333333333	0.10666717	0.7476993	2.0827944	-1.9865446	1.5204601	2.2286506	23.747438	-5.394071	-1.6763806e-08	-0.0009675177	-2.2351742e-08	-0.0027882503	0.2527293	-0.11775093	16.381762	-8.120068	0.7452031	-0.023295462	1.0	1.6515386	0.0022069644	1920000	2841.5717191696167
64	2.3373811	2.4872746	8.2788	-1.7052237	19.208334	17.879175	57.0	0.0	1000.0	43699.0	0.02240974358974359	0.13633756	0.75544655	2.1884973	-1.9366004	2.124072	2.784016	31.501291	-3.66768	7.450581e-09	-0.0004510397	1.4901161e-08	-0.00030904077	0.27363506	-0.13050064	11.226753	-6.0972433	0.7219076	-0.022518516	1.0	1.65187	0.00094448845	1950000	2883.656505584717
65	2.5777395	3.4498298	8.564957	-3.6984937	11.375	20.38139	81.0	0.0	1000.0	44094.0	0.02226969696969697	0.2250497	0.79042894	2.3085442	-1.7699171	1.7732513	2.3653986	33.79274	-3.8429332	1.1175871e-08	-0.0009512749	2.7939677e-08	-0.0028710123	0.32068658	-0.17744204	15.867671	-9.579808	0.6993891	-0.02386719	1.0	1.6522952	0.0018811631	1980000	2925.6584441661835
66	2.5448172	3.0380957	7.901344	-2.1538868	16.0	17.20465	61.0	0.0	1000.0	44563.0	0.022170646766169155	0.2110428	0.7758042	2.2348397	-2.030915	1.3061973	2.1300309	29.389858	-4.7184105	-3.7252903e-09	-0.00090859085	0.0	-0.00096876326	0.29099238	-0.15103419	11.122057	-5.851307	0.6755219	-0.02372551	1.0	1.6527903	0.0015201082	2010000	2967.5739917755127
67	3.3860757	3.6384773	11.315656	-3.7033072	26.75	60.8093	275.0	0.0	1000.0	45286.0	0.022199019607843137	0.2745853	0.78023773	2.9013245	-1.9005162	1.3186203	1.9547213	21.223799	-7.438124	-1.4901161e-08	-0.0012910585	-1.4901161e-08	-0.0023639053	0.32173842	-0.14535123	62.95907	-50.038692	0.6517964	-0.020451367	1.0	1.6531994	0.001598614	2040000	3009.3292949199677
68	1.630168	2.2607815	4.9702635	-2.0590446	17.875	17.548296	64.0	0.0	1000.0	45766.0	0.02210917874396135	0.21317641	0.8155504	2.498293	-1.9620005	1.4978706	3.197336	40.713097	-3.1987844	3.7252903e-09	-9.6314296e-05	7.450581e-09	-0.00068656134	0.29912168	-0.15908763	13.290921	-6.2084103	0.63134503	-0.020036578	3.0	1.6537235	0.0020949089	2070000	3051.723562479019
69	1.9398966	3.1207368	7.7278113	-3.6874702	15.291667	15.4770775	46.0	0.0	1000.0	46198.0	0.02199904761904762	0.17213091	0.78560036	2.2904117	-2.039612	1.9141401	2.8248847	24.744675	-3.103127	-7.450581e-09	-0.00040216814	-1.1175871e-08	-0.0008638762	0.30998233	-0.1580712	11.85189	-6.694953	0.61130846	-0.02049476	1.0	1.6548009	0.0056054317	2100000	3093.8406705856323
70	3.8821595	4.043848	14.312755	-2.1284485	23.0	21.93741	83.0	0.0	1000.0	46876.0	0.022007511737089203	0.14109021	0.7960147	2.494717	-1.9524376	1.287989	2.0304005	21.728586	-5.731635	7.450581e-09	-0.0003592798	7.450581e-09	-0.002022908	0.39750636	-0.21165648	21.28918	-11.934076	0.5908137	-0.018692017	1.0	1.6553118	0.0048484392	2130000	3136.252288341522
71	4.2002296	3.3585417	11.238238	-1.2713042	19.75	16.225622	65.0	0.0	1000.0	47397.0	0.021943055555555556	0.36903772	0.74525535	2.451563	-1.9350126	2.415861	3.0922306	36.808853	-3.8626747	-5.5879354e-09	-0.00014058687	-3.7252903e-09	0.00020259293	0.29489613	-0.1443821	15.541089	-8.577366	0.5721217	-0.017955363	1.0	1.655878	0.0070699565	2160000	3178.3225820064545
72	2.855388	2.8914194	8.00739	-2.1742482	24.625	54.60297	279.0	0.0	1000.0	48046.0	0.021938812785388128	0.30211207	0.79283255	2.563415	-1.7072562	1.8538713	2.4924693	22.042305	-3.0651326	-2.2351742e-08	-0.00046195858	-5.2154064e-08	-0.0033936333	0.3101756	-0.15103596	63.635925	-52.545155	0.5541663	-0.015963495	1.0	1.6564165	0.005834615	2190000	3220.5626950263977
73	4.0316844	3.3947246	12.200042	-0.381719	17.958334	12.005136	45.0	0.0	1000.0	48577.0	0.02188153153153153	0.23550172	0.7850206	2.7226493	-1.7738742	3.1177847	4.768198	50.951935	-4.0948544	-5.5879354e-09	-0.0009524633	1.1175871e-08	-0.0020482896	0.34336215	-0.19104242	28.96909	-21.330118	0.5382028	-0.015941024	1.0	1.6567411	0.0024887465	2220000	3262.4675011634827
74	3.162739	2.6172302	8.059854	-1.0224514	15.375	17.20662	56.0	0.0	1000.0	49060.0	0.021804444444444446	0.32071579	0.7475292	2.8177419	-1.6069841	1.8760093	1.9779626	19.814917	-3.1910882	-7.450581e-09	-0.00015385996	-1.1175871e-08	-0.0029865804	0.31842107	-0.16279401	11.550148	-3.9011078	0.5222618	-0.016488075	1.0	1.6570495	0.0051118294	2250000	3306.1770071983337
75	3.3261788	3.9774253	12.644003	-3.7038977	16.541666	18.181904	59.0	0.0	1000.0	49489.0	0.021705701754385964	0.41797063	0.74845606	2.8291628	-1.7882156	1.6443971	1.8947184	16.534605	-3.0870335	3.7252903e-09	-0.00024242635	1.4901161e-08	-0.00018505519	0.31924495	-0.17420849	10.587179	-3.384469	0.5057737	-0.016606241	1.0	1.6573524	0.0005197752	2280000	3351.023611307144
76	3.4999037	2.806035	9.070143	-1.4664512	24.0	30.807196	117.0	0.0	1000.0	50163.0	0.021715584415584417	0.32625318	0.77447665	2.6723285	-1.8566918	1.6829925	2.064869	20.276329	-2.7269998	1.2572855e-08	-0.0011708055	2.7939677e-08	-0.0011271778	0.34477878	-0.20058641	26.290115	-15.119344	0.48916748	-0.014888465	1.0	1.6576121	0.006313062	2310000	3397.000488758087
77	4.727673	4.1688447	15.400504	-1.1015819	25.208334	16.565474	64.0	0.0	1000.0	50866.0	0.021737606837606838	0.21601902	0.7107039	2.141845	-1.7072482	2.3441176	3.2077367	30.932657	-2.2891152	-7.450581e-09	-0.0003109509	-3.7252903e-09	-0.00021175627	0.3236144	-0.15427867	15.099464	-6.118338	0.47427902	-0.013107359	1.0	1.6580217	0.0037781256	2340000	3443.9111330509186
78	4.606708	3.5220075	12.130873	-1.367967	19.375	13.927828	47.0	0.0	1000.0	51463.0	0.02171434599156118	0.41486603	0.7974137	2.4386942	-1.7796474	2.1438107	2.1779273	19.01667	-1.9872489	-1.0244548e-08	-0.00058552856	-1.4901161e-08	-0.0012293607	0.28793505	-0.14546451	11.445451	-4.333136	0.46117166	-0.012939274	1.0	1.658349	0.0011819755	2370000	3488.6762266159058
79	4.4971266	3.5531847	13.354995	-1.8410267	18.0	14.399074	50.0	0.0	1000.0	51950.0	0.021645833333333333	0.3281042	0.7476383	2.5514972	-1.7786689	2.0569124	2.1510918	21.758339	-3.2222319	-1.3038516e-08	-0.0009443849	-2.2351742e-08	-0.0007275315	0.26706058	-0.13456014	11.33247	-4.2991753	0.44823238	-0.013050735	1.0	1.6585865	0.0023525136	2400000	3532.9348487854004
80	4.324573	3.907034	9.527417	-2.1217709	15.583333	13.662348	56.0	0.0	1000.0	52452.0	0.021585185185185186	0.40146634	0.73033285	2.8408308	-1.7042013	1.6684823	2.0302985	20.421072	-3.565986	9.313226e-10	-0.00045094592	-1.8626451e-09	-0.00070549827	0.27062315	-0.13337967	11.107969	-4.6599426	0.43518165	-0.013594925	1.0	1.6587207	0.00040624867	2430000	3578.2652225494385
81	6.322983	3.4102407	12.694617	0.8859668	16.0	18.168196	56.0	0.0	1000.0	52968.0	0.02153170731707317	0.384718	0.7654767	2.5153701	-1.7056249	2.0132916	2.433077	22.782305	-5.0539513	5.5879354e-09	-0.00024351233	1.1175871e-08	0.00026351213	0.29985282	-0.1698533	14.443739	-6.4535193	0.42158672	-0.013908058	1.0	1.6589012	0.0006002402	2460000	3623.2621557712555
82	4.23838	3.8489978	14.712335	-0.9023224	21.375	20.204811	74.0	0.0	1000.0	53674.0	0.02155582329317269	0.38080356	0.7999188	3.111828	-1.7007531	2.3866515	2.864098	22.38429	-3.3258867	-1.3038516e-08	-0.0007715678	-2.9802322e-08	-0.002163006	0.26660886	-0.15226138	22.2761	-11.394148	0.40767866	-0.013043433	1.0	1.6590872	0.0016203374	2490000	3667.7665956020355
83	3.6509724	3.4519632	11.382211	-1.0422827	20.291666	17.699999	61.0	0.0	1000.0	54384.0	0.02158095238095238	0.32802963	0.7822184	2.957347	-1.7891529	2.4599423	2.5674155	24.66382	-1.9340204	-8.381903e-09	-0.00036953937	-4.656613e-09	-0.0012418847	0.28551066	-0.1471735	18.00069	-6.966897	0.39463523	-0.012484968	1.0	1.6592981	0.0006496569	2520000	3712.759719133377
84	3.031643	3.245131	9.244854	-2.0551836	12.708333	16.781635	50.0	0.0	1000.0	54807.0	0.02149294117647059	0.2986134	0.69088095	2.1458964	-1.7091187	2.5851479	3.093486	27.70131	-2.58033	0.0	-0.00059385214	-7.450581e-09	-0.0012637669	0.24780852	-0.129855	13.804078	-6.968235	0.38215026	-0.013364494	1.0	1.6596528	0.0012357982	2550000	3758.182959794998
85	4.2248735	3.466397	10.756624	-2.5851767	20.708334	21.514488	79.0	0.0	1000.0	55369.0	0.021460852713178293	0.24483754	0.7729813	2.7884939	-1.6696473	1.5173286	1.8974665	20.290476	-4.973376	5.5879354e-09	-0.00082695275	-1.1175871e-08	-0.002335064	0.29151642	-0.17065248	13.858682	-5.6729946	0.36878577	-0.012599498	1.0	1.6600925	0.0014766885	2580000	3804.45019364357
86	4.219851	3.5561576	11.142339	-2.3901742	17.916666	14.949684	45.0	0.0	1000.0	55869.0	0.02140574712643678	0.32822284	0.81526166	2.8395631	-1.7490807	1.9541383	2.3936725	27.209309	-2.3762593	7.450581e-09	-0.0006996663	3.7252903e-09	-0.0012212942	0.35232782	-0.19430435	12.086193	-5.092214	0.35618627	-0.0124105215	1.0	1.6604571	0.0008690059	2610000	3849.791221857071
87	3.9911206	3.9138763	13.325767	-2.354779	26.666666	21.63074	81.0	0.0	1000.0	56600.0	0.02143939393939394	0.36201966	0.73212695	2.4432473	-1.7388768	1.8627307	2.3843129	20.448162	-4.180857	2.7939677e-09	-0.0005427202	-7.450581e-09	0.00029908423	0.26513213	-0.14114568	15.386885	-6.4424686	0.34377575	-0.01059863	1.0	1.6607213	0.001093253	2640000	3895.469373703003
88	5.1161523	3.0908616	10.950897	-2.0857642	14.0	18.38251	81.0	0.0	1000.0	57063.0	0.02137191011235955	0.3852284	0.7694351	2.851745	-1.5974606	2.5498831	2.611651	22.057266	-3.2666168	9.313226e-10	-0.0005528554	1.8626451e-09	-0.00082945125	0.30522862	-0.1812735	12.685236	-6.3211493	0.33317712	-0.011265963	1.0	1.6609272	0.0008736572	2670000	3940.928113937378
89	4.9925585	3.3871145	12.513081	-1.6153375	19.041666	21.638083	82.0	0.0	1000.0	57631.0	0.021344814814814816	0.4298935	0.76021844	2.664476	-1.7331606	1.5873828	2.2596118	25.065159	-3.1476119	-1.6763806e-08	-0.0008849961	-7.450581e-09	-0.0010394373	0.31019846	-0.16634059	14.197363	-6.239972	0.32191116	-0.01088658	3.0	1.6611874	0.0009444532	2700000	3987.193196296692
90	3.6944838	3.5016148	10.104561	-1.8183913	14.166667	12.081896	45.0	0.0	1000.0	58043.0	0.02126117216117216	0.3117941	0.7665762	2.5761344	-1.577633	1.9472432	2.4720306	24.173105	-4.8705254	-3.7252903e-09	-0.008146202	-5.122274e-09	-0.011522823	0.26713324	-0.16442376	10.564055	-5.4038515	0.31102458	-0.010667801	79.0	1.6613839	0.006214667	2730000	4041.5615203380585
91	4.225453	2.6198092	9.691587	-1.6935815	22.916666	22.384737	80.0	0.0	1000.0	58716.0	0.02127391304347826	0.3115119	0.76250404	2.6544526	-1.8831165	1.7587534	2.1375158	20.014874	-3.8507755	1.6763806e-08	-0.008627402	2.2351742e-08	-0.014556467	0.2896117	-0.16496606	13.090553	-4.9988956	0.30035678	-0.008808792	79.0	1.6422136	0.00650411	2760000	4095.1850521564484
92	4.2195144	3.7085888	12.907225	-1.0006359	19.166666	14.478911	44.0	0.0	1000.0	59210.0	0.021222222222222222	0.3520765	0.741998	2.5333295	-1.6981479	1.9806117	2.5289798	22.276054	-4.0955076	1.0244548e-08	0.00019622612	-1.1175871e-08	0.00047593005	0.27412534	-0.17014013	11.767	-4.945368	0.29154798	-0.009973109	6.0	1.630677	0.0037635558	2790000	4141.946656227112
93	3.4599361	3.563819	11.25144	-2.5030358	29.375	20.627272	76.0	0.0	1000.0	60066.0	0.0213	0.3670454	0.80867726	2.4697719	-1.5882161	2.1290455	2.7001505	25.379948	-4.8262877	7.450581e-09	3.5255216e-05	3.7252903e-08	-0.0011319676	0.29232365	-0.17656498	22.387123	-11.593348	0.28157488	-0.008150816	1.0	1.6292286	0.0034738146	2820000	4187.5407955646515
94	4.6839995	3.5603518	12.8499155	0.26766294	22.125	22.973377	77.0	0.0	1000.0	60755.0	0.021317543859649124	0.354732	0.76620513	2.427746	-1.5805101	2.7883923	3.2910962	36.014317	-4.695214	-1.3969839e-09	4.191103e-05	-1.4901161e-08	0.0011601219	0.29125172	-0.18426245	18.168552	-9.12991	0.27342406	-0.0076300204	1.0	1.6289439	0.0064643202	2850000	4233.1353306770325
95	5.602019	3.957158	14.820063	-0.9713953	27.75	19.205576	72.0	0.0	1000.0	61614.0	0.02139375	0.39315653	0.7375013	2.519482	-1.729883	2.6327724	2.6835573	21.525267	-5.395405	3.7252903e-09	-0.0003771265	7.450581e-09	-0.0019376613	0.30551237	-0.19619554	20.393858	-10.715958	0.26579404	-0.006290436	1.0	1.6286985	0.00079531316	2880000	4279.385945796967
96	3.788576	3.902999	16.703827	-1.9804327	34.291668	35.02199	122.0	0.0	1000.0	62547.0	0.02149381443298969	0.40606633	0.7561845	2.574895	-1.6012462	3.1710482	3.0840254	24.637028	-2.832119	-3.7252903e-09	-0.0006479467	-4.8428774e-08	-0.0001741664	0.29523578	-0.1879797	26.605848	-16.042255	0.2595036	-0.00410071	1.0	1.6285598	0.002797414	2910000	4326.163778781891
97	3.7582705	2.7028964	9.518761	-0.69723827	24.458334	21.400892	66.0	0.0	1000.0	63266.0	0.021519047619047618	0.27421716	0.70221806	2.3218684	-1.4671234	3.3054485	3.5352764	32.353268	-4.333184	-1.44355e-08	-0.00042773204	3.7252903e-09	-0.0018638088	0.24659613	-0.14321578	18.80046	-10.142988	0.2554029	-0.003727883	1.0	1.6287559	0.00094546296	2940000	4371.430121898651
98	5.872186	3.7048912	12.859025	-1.2060641	57.625	123.85502	637.0	0.0	1000.0	64753.0	0.021802356902356903	0.4247302	0.6940051	2.857957	-1.5990202	2.4964223	2.7499573	27.546295	-7.011641	-2.7939677e-08	-0.0007031625	-1.1920929e-07	-0.0020632863	0.28033686	-0.1716086	195.82501	-172.43272	0.251675	0.0014936328	1.0	1.629071	0.0010707667	2970000	4417.924479961395
99	5.3207617	4.416904	14.932373	-2.9083776	59.791668	84.62761	358.0	0.0	1000.0	66479.0	0.022159666666666668	0.49549675	0.76414967	2.877587	-1.6479232	3.6186035	4.0827427	40.28395	-5.0251827	-1.4901161e-08	-0.001297432	-5.9604645e-08	-0.004253923	0.29226482	-0.18155323	146.39412	-107.86445	0.25316864	0.0057559013	1.0	1.6295276	0.0027699242	3000000	4463.633964300156
100	3.7064857	2.7904174	11.787955	0.06705807	46.333332	44.256516	150.0	0.0	1000.0	67704.0	0.022344554455445545	0.48032212	0.7210512	2.7960353	-1.617841	6.3978415	8.669893	77.00363	-1.6266942	0.0	-0.0012509855	-7.450581e-09	-0.005427587	0.29298675	-0.17905824	85.37564	-53.19983	0.25892454	0.007932216	1.0	1.6299127	0.0036920412	3030000	4510.42871594429
101	4.8881454	3.1482882	10.44351	-2.4967494	54.125	59.638012	233.0	0.0	1000.0	69156.0	0.0226	0.4163711	0.6853607	2.7252316	-1.7319143	4.889512	5.911294	54.259956	-4.0954547	1.8626451e-08	-0.001505296	5.9604645e-08	-0.004027687	0.2935752	-0.19404998	81.59375	-46.27076	0.26685676	0.010731399	1.0	1.6301953	0.0024546657	3060000	4557.494293928146
102	4.831989	3.3063056	14.351047	-0.13969499	47.416668	61.004723	227.0	0.0	1000.0	70851.0	0.022929126213592232	0.4153855	0.6501921	2.5908093	-1.5643485	4.324393	3.795524	42.846527	-4.173196	-3.7252903e-09	-0.0006356342	0.0	-0.0017187037	0.29269314	-0.1791164	171.17555	-133.116	0.27758816	0.012675375	1.0	1.6303716	0.002355666	3090000	4603.982358217239
103	5.0361805	3.2433138	13.718969	-0.6500875	57.416668	46.952026	170.0	0.0	1000.0	72641.0	0.023282371794871796	0.41096854	0.7121861	2.6285145	-1.7262796	5.2242727	7.567855	68.38963	-24.391834	-1.1175871e-08	-0.0011034951	-6.7055225e-08	-0.0046396325	0.30043256	-0.20747948	120.053696	-77.20712	0.29026353	0.015458733	1.0	1.6303911	0.000975629	3120000	4649.373832702637
104	4.2977242	3.5142365	13.861331	-2.0607204	65.25	113.27924	571.0	0.0	1000.0	74702.0	0.023714920634920634	0.36576888	0.7309642	2.8845115	-1.7070503	4.9102798	4.81037	54.723713	-10.095604	2.2351742e-08	-0.0028061457	1.3411045e-07	-0.013122946	0.37876767	-0.26590687	230.3713	-160.91261	0.30572227	0.018651813	1.0	1.6302058	0.0046134396	3150000	4695.195672988892
105	4.475626	4.7113667	13.193058	-5.395138	63.416668	62.282898	274.0	0.0	1000.0	76611.0	0.024091509433962262	0.4037551	0.7218766	2.4721086	-2.0114985	5.5776606	6.4525704	52.62167	-14.240407	-2.7008355e-08	-0.0026608922	-3.7252903e-08	-0.009795239	0.29536647	-0.1901027	116.66272	-70.610405	0.32437408	0.021552593	1.0	1.630147	0.0052702096	3180000	4740.868490695953
106	5.460165	3.5092542	11.8993845	-0.97366107	53.791668	68.33129	324.0	0.0	1000.0	78125.0	0.024338006230529594	0.46757936	0.7318442	2.6880133	-1.8318089	6.404647	5.5781717	54.924877	-12.538999	0.0	-0.0016108733	2.9802322e-08	-0.0036669392	0.31997755	-0.21137795	85.519424	-49.80149	0.34592667	0.02366826	1.0	1.6302078	0.0017671117	3210000	4785.806324958801
107	4.30636	3.3702693	12.456762	-2.3873713	52.208332	41.12884	156.0	0.0	1000.0	79789.0	0.024626234567901233	0.43786147	0.7513343	2.9583387	-1.6788033	5.081173	4.9921184	49.00001	-9.065464	9.313226e-09	-0.012917979	2.6077032e-08	-0.052209605	0.33593604	-0.21830153	83.49657	-47.406273	0.36959493	0.028165072	22.0	1.6301575	0.012754975	3240000	4834.275901794434
108	4.6922765	3.9790986	10.636901	-1.9026885	66.0	71.01995	325.0	0.0	1000.0	81528.0	0.02493211009174312	0.38082758	0.7390565	2.6120584	-1.9805903	5.665733	4.985677	36.547634	-14.25778	1.4901161e-08	-0.0140384855	7.4505806e-08	-0.051765554	0.32717007	-0.21606512	108.34186	-69.998665	0.39776	0.0335868	28.0	1.617867	0.012317043	3270000	4883.863923788071
109	6.3843746	4.033093	16.264963	1.0924698	77.125	83.44275	397.0	0.0	1000.0	83605.0	0.025334848484848484	0.46332672	0.7108631	2.685694	-1.7770557	6.305483	5.929502	48.977062	-8.616695	-2.2351742e-08	-0.014398322	-8.940697e-08	-0.056002304	0.3370986	-0.22311711	145.87802	-100.24	0.4313468	0.035831243	16.0	1.6013317	0.01338128	3300000	4933.104154348373
110	2.649449	4.2241426	13.292939	-3.9849155	67.875	76.72424	307.0	0.0	1000.0	85608.0	0.02570810810810811	0.29590645	0.7260438	2.579763	-1.472708	6.6079373	6.909271	57.9841	-17.410564	-7.4505806e-08	-0.002657001	-2.3841858e-07	-0.009954838	0.3477334	-0.23658131	117.52118	-76.7397	0.46717805	0.036474288	2.0	1.6034791	0.005281442	3330000	4980.4032661914825
111	4.213858	3.6117706	11.366339	-1.7277652	63.208332	52.383186	224.0	0.0	1000.0	87401.0	0.026012202380952382	0.34706858	0.7194723	2.600931	-1.7662243	6.233643	5.5890894	47.706863	-17.273645	1.8626451e-08	-0.013397598	2.9802322e-08	-0.046702307	0.31722453	-0.20706683	76.191475	-39.720158	0.50365233	0.042496383	22.0	1.6043345	0.012520649	3360000	5029.089548826218
112	3.9475632	4.3077536	13.894489	-4.512463	67.625	43.681435	188.0	0.0	1000.0	89874.0	0.026511504424778762	0.3498991	0.7267322	2.9066594	-2.0250254	6.640415	5.8803325	41.675644	-11.820738	-5.5879354e-09	-0.0039358223	-5.2154064e-08	-0.013989325	0.3937644	-0.24844447	80.31741	-39.737682	0.5461487	0.04244554	2.0	1.6080652	0.0043727225	3390000	5075.772540092468
113	7.251124	5.587145	16.856876	-4.96448	105.291664	55.46056	246.0	0.0	1000.0	93516.0	0.027343859649122806	0.5644816	0.80640584	3.0889013	-1.9991666	8.385093	6.6143246	42.554085	-4.161542	-2.0954758e-08	-0.00923835	-7.450581e-09	-0.028315527	0.5246699	-0.3677637	112.80374	-56.66831	0.58859426	0.04793483	8.0	1.6084387	0.009609917	3420000	5123.472227096558
114	7.9997864	5.411789	16.10219	-4.4122767	89.25	49.982704	193.0	0.0	1000.0	96384.0	0.027937391304347827	0.89090246	0.93605393	3.6018677	-2.5665154	10.936171	8.47134	55.533127	-3.0939345	-7.450581e-09	-0.0038500603	-4.4703484e-08	-0.01548726	0.4216619	-0.26594564	60.104607	-28.085377	0.6365291	0.050953686	3.0	1.6101223	0.007050111	3450000	5170.058390378952
115	8.886815	2.6674747	14.099199	1.7806854	88.25	43.980347	189.0	9.0	1000.0	99322.0	0.02854080459770115	1.0224782	0.8574981	3.1222525	-1.6695324	9.691065	7.4243784	53.49084	-5.973116	-3.7252903e-09	-0.002570523	2.2351742e-08	-0.021386128	0.4557379	-0.27364326	77.03118	-29.677935	0.6874828	0.054351866	1.0	1.6122751	0.015131914	3480000	5215.907404184341
116	5.4987526	5.783774	16.217072	-7.4308887	83.0	62.985447	231.0	0.0	1000.0	101617.0	0.02895071225071225	0.737807	0.8601653	3.0104318	-2.407345	8.849388	7.756682	60.192738	-8.51141	-1.4901161e-08	-0.010354444	-4.4703484e-08	-0.030945864	0.46591887	-0.27990574	54.865723	-28.10349	0.74183464	0.059023798	12.0	1.6132798	0.012771187	3510000	5259.714597225189
117	4.8745995	5.043853	13.781952	-4.655146	64.666664	59.259785	180.0	0.0	1000.0	103354.0	0.029196045197740113	0.4830817	0.95080215	3.3654637	-2.4409168	6.372695	7.435412	56.91638	-6.6634264	-1.8626451e-09	-0.009230561	0.0	-0.024517303	0.431706	-0.2508765	50.417442	-26.544003	0.80085844	0.060589254	11.0	1.611053	0.012374711	3540000	5302.934552907944
118	4.2263227	4.775355	10.577798	-5.145111	73.125	58.23037	229.0	0.0	1000.0	105540.0	0.029563025210084033	0.41278803	1.0142107	3.0060537	-2.4696407	6.0727696	8.298498	61.21163	-6.713061	1.1175871e-08	-0.004253067	3.7252903e-08	-0.0153059615	0.3981182	-0.23604648	47.667866	-24.408377	0.8614477	0.061894	2.0	1.6062777	0.011818027	3570000	5344.778487443924
119	5.1738276	5.347428	15.240693	-6.480917	63.833332	41.572895	161.0	0.0	1000.0	107781.0	0.029939166666666666	0.6024598	0.8816105	3.3659244	-1.9936243	7.7084394	8.8749695	59.41327	-5.973016	-7.450581e-09	-0.005295422	-1.4901161e-08	-0.012939042	0.43266913	-0.25820306	50.789623	-25.154959	0.9233417	0.06323475	2.0	1.605745	0.0070351046	3600000	5386.791676998138
120	4.9855576	5.1215158	15.181972	-7.7856264	49.291668	44.387943	182.0	0.0	1000.0	109346.0	0.030122865013774106	0.42201266	1.0004382	3.1817064	-2.262567	6.5294323	8.004191	53.08757	-4.3613367	-3.7252903e-09	-0.00641167	-1.8626451e-08	-0.01721884	0.51762736	-0.33926296	37.310246	-20.990356	0.98657644	0.0629828	4.0	1.6062789	0.0103065325	3630000	5428.367582082748
121	5.7151146	5.3615327	13.041916	-4.660653	51.541668	37.301674	142.0	0.0	1000.0	110951.0	0.03031448087431694	0.5190844	0.93441963	2.9871123	-2.4348419	5.455385	6.018703	42.9792	-6.5778694	-5.5879354e-09	-0.0019669803	3.7252903e-09	-0.008529143	0.45112073	-0.29244283	35.57476	-16.932941	1.0495592	0.062525034	2.0	1.606597	0.010730678	3660000	5469.058986186981
122	5.033737	5.78129	14.53408	-5.595285	51.291668	57.09238	257.0	0.0	1000.0	112471.0	0.030479945799457994	0.5048071	0.96961874	3.0205092	-2.421882	4.7924995	6.381379	48.17118	-9.499737	-2.514571e-08	-0.008789662	-4.4703484e-08	-0.0238945	0.49484515	-0.29014507	33.60901	-18.899641	1.1120843	0.062806964	7.0	1.6063282	0.015003733	3690000	5510.00376868248
123	4.762137	4.317422	10.879887	-5.738393	69.458336	40.626328	153.0	0.0	1000.0	114402.0	0.030753225806451612	0.6247693	0.94043446	3.3790317	-2.4881053	5.892702	7.7724423	51.508694	-7.098881	-1.6763806e-08	-0.010141018	-2.9802322e-08	-0.02349243	0.4522593	-0.29498783	44.294685	-24.883114	1.1748912	0.06509209	9.0	1.6033268	0.015079002	3720000	5550.75937461853
124	5.107671	4.232885	12.019682	-2.690462	38.875	26.771116	86.0	0.0	1000.0	115534.0	0.030809066666666666	0.5374725	0.9177941	3.0705492	-2.643216	5.3660474	6.284157	50.91105	-8.612983	1.6763806e-08	-0.0037405537	2.9802322e-08	-0.013350004	0.41552693	-0.26349682	32.277527	-18.39074	1.2399833	0.061957598	2.0	1.6011955	0.012490017	3750000	5591.165758609772
125	5.0714016	3.9886968	12.228417	-5.589698	40.25	33.11879	127.0	0.0	1000.0	116758.0	0.030888359788359788	0.60928875	0.92803633	3.311202	-2.3021247	3.5282593	5.233569	53.019386	-6.236835	1.3038516e-08	-0.002366953	1.4901161e-08	-0.00446726	0.44729736	-0.2812838	27.08066	-14.970253	1.3019409	0.059842467	2.0	1.6018949	0.009507153	3780000	5632.276504278183
126	6.6044555	5.8801365	20.05394	-6.3615212	56.333332	48.14446	176.0	0.0	1000.0	118277.0	0.031043832020997374	0.5005794	0.8840048	2.4613767	-2.7003067	4.4634166	6.307306	49.533775	-5.8521395	0.0	-0.0080379695	0.0	-0.022128081	0.49622262	-0.31952482	34.502106	-17.673023	1.3617834	0.060847044	7.0	1.6028857	0.018178621	3810000	5672.3535413742065
127	6.8426614	5.10472	17.2759	-3.8801105	66.125	37.332195	129.0	0.0	1000.0	120195.0	0.03130078125	0.7226139	0.95544124	3.4103088	-2.087868	5.4919596	7.3217335	50.76503	-11.476643	-3.3527613e-08	-0.0041327514	-5.2154064e-08	-0.025057323	0.42436218	-0.2574856	38.657864	-19.82224	1.4226304	0.06224978	2.0	1.6011827	0.04209967	3840000	5712.849917888641
128	4.372238	4.0472107	13.73586	-1.919926	29.916666	31.594986	125.0	0.0	1000.0	121053.0	0.03127984496124031	0.69502604	0.8856923	3.715023	-2.0753136	4.4988074	6.2094674	45.189907	-6.6581345	-2.7939677e-08	-0.004508584	-5.029142e-08	-0.013445124	0.5121991	-0.3317307	27.174171	-16.949402	1.4848802	0.058196425	2.0	1.5999415	0.017431945	3870000	5753.404882907867
129	4.98848	5.587862	16.854359	-4.3447657	41.541668	36.96167	106.0	0.0	1000.0	122314.0	0.031362564102564106	0.50611144	0.9387425	3.2982876	-2.2236257	3.0471094	4.9389143	42.752743	-3.8582401	0.0	-0.0026116397	0.0	-0.012239784	0.52028245	-0.3389999	28.19117	-16.809982	1.5430766	0.056391835	2.0	1.5990725	0.018331466	3900000	5793.060688734055
130	4.5339513	5.253816	12.4126835	-6.7888007	34.083332	30.971647	106.0	0.0	1000.0	123322.0	0.031379643765903305	0.53734195	0.9399349	3.6477647	-2.114117	3.3007126	4.5977335	34.45163	-4.481163	0.0	-0.0019857343	-9.313226e-10	-0.005469024	0.46757948	-0.27687642	26.632013	-14.768949	1.5994685	0.05335772	2.0	1.5986149	0.009739384	3930000	5833.610917568207
131	6.1205316	3.3493383	12.416945	0.9278737	32.875	28.125185	101.0	0.0	1000.0	124322.0	0.03139444444444445	0.5324397	0.92587423	3.391604	-2.105105	3.5070763	5.6593556	51.19139	-7.9358296	1.4901161e-08	-0.0038920422	2.9802322e-08	-0.021807417	0.44175178	-0.26238245	24.113394	-12.967844	1.6528262	0.050343752	2.0	1.5980973	0.035654303	3960000	5873.463028430939
132	4.361048	3.392509	10.72508	-2.4589648	27.333334	26.168789	86.0	0.0	1000.0	125242.0	0.031388972431077695	0.55659485	0.89831173	2.8343468	-2.2256315	2.6914213	4.859731	46.25171	-6.000149	-2.2351742e-08	-0.0029549948	-2.9802322e-08	-0.007362875	0.49349082	-0.26943088	19.227562	-10.796727	1.70317	0.046482205	2.0	1.5979147	0.0128141325	3990000	5913.4341452121735
133	5.8820777	5.3875012	16.26037	-2.8260975	35.416668	31.49592	132.0	0.0	1000.0	126348.0	0.03142985074626865	0.46631473	0.85342467	2.998174	-1.9363179	3.1214013	5.3748126	41.375698	-6.0072374	1.1175871e-08	-0.003023889	2.2351742e-08	-0.011389971	0.43556553	-0.24858063	26.88037	-15.523502	1.7496521	0.04443741	2.0	1.5983317	0.016887465	4020000	5954.937994003296
134	3.108516	4.5073013	12.813369	-3.818461	31.166666	32.714252	107.0	0.0	1000.0	127262.0	0.031422716049382717	0.5331868	0.87226737	2.8778393	-2.644461	2.7982218	4.71728	45.649643	-11.810943	-1.8626451e-09	-0.0028217426	5.5879354e-09	-0.016731288	0.51395655	-0.29863465	26.109444	-14.787006	1.7940896	0.041758895	2.0	1.5984836	0.031513624	4050000	5995.056218385696
135	1.4358441	4.3178782	9.474365	-9.7748575	19.291666	20.415434	67.0	0.0	1000.0	127745.0	0.03131004901960784	0.41960973	0.91457677	3.3561645	-2.4681368	2.256827	4.2658806	36.597984	-8.846141	-1.8626451e-09	-0.0072052903	-3.7252903e-09	-0.014231685	0.6917112	-0.40376362	12.359566	-8.040191	1.8358485	0.03741169	9.0	1.5988818	0.014121903	4080000	6036.874791145325
136	-0.7604013	4.3245587	8.541147	-9.511372	12.666667	17.598927	75.0	0.0	1000.0	128210.0	0.031194647201946472	0.021779539	0.8834757	3.26013	-2.428679	1.2254078	3.08071	36.798466	-5.3811355	3.7252903e-09	-0.0023281884	0.0	-0.003154701	0.6113648	-0.18369956	9.191502	-6.1192737	1.8732601	0.030869722	2.0	1.5982213	0.010250173	4110000	6077.324460506439
137	1.1118258	4.9574933	8.922129	-7.293753	13.25	19.107698	81.0	0.0	1000.0	128687.0	0.031083816425120772	-0.018629232	0.9262473	3.245932	-2.6255982	1.5181237	3.7462704	39.146156	-6.927652	7.916242e-09	-0.0036485633	1.21071935e-08	-0.005376462	0.572687	-0.28280032	10.853958	-7.673621	1.9041299	0.025577426	3.0	1.5978768	0.006728521	4140000	6117.603110074997
138	2.5161939	3.850454	9.33417	-4.558954	26.833334	38.647625	167.0	0.0	1000.0	129582.0	0.031074820143884893	0.22976872	0.9703751	3.1477456	-2.2897017	1.571611	3.205939	34.7775	-8.236411	1.4901161e-08	-0.001700779	2.2351742e-08	-0.011946301	0.44022983	-0.23121436	27.774948	-19.830399	1.9297073	0.02355659	2.0	1.5977535	0.02250186	4170000	6158.017836093903
139	0.7775607	5.1174226	13.003276	-9.087202	25.791666	38.142254	162.0	0.0	1000.0	130283.0	0.031019761904761904	0.08906945	0.86518455	3.0167131	-2.3658774	1.8072544	4.4141083	41.30036	-10.889325	-1.4901161e-08	-0.0032294448	-1.4901161e-08	-0.009309451	0.5791238	-0.2324144	19.60218	-15.052319	1.9532639	0.021561623	2.0	1.597621	0.019338135	4200000	6198.84974694252
140	3.7172248	3.9013472	12.355561	-3.1394212	20.541666	23.820475	79.0	0.0	1000.0	131010.0	0.03097163120567376	0.24020211	0.9641113	3.0842118	-2.7670093	2.560426	4.832196	39.288334	-8.04713	1.4901161e-08	-0.0021167025	1.4901161e-08	-0.007233249	0.49157894	-0.3110126	19.972347	-13.559859	1.9748255	0.018593073	2.0	1.5978451	0.018493343	4230000	6239.711783885956
141	5.488636	4.0945735	13.342144	-1.8727683	27.541666	25.40338	81.0	0.0	1000.0	131781.0	0.03093450704225352	0.32561818	0.9269508	2.9713786	-2.278906	2.4807532	4.7754493	45.82234	-7.5502896	1.8626451e-09	-0.0026710243	1.8626451e-09	-0.0105765425	0.499251	-0.31509435	17.732582	-11.054741	1.9934186	0.0173918	2.0	1.598207	0.021809302	4260000	6281.109925746918
142	3.2127373	4.0689487	13.659784	-3.779511	23.208334	22.912842	103.0	0.0	1000.0	132454.0	0.030875058275058275	0.4082402	0.8614775	2.9449966	-2.292838	2.1434476	3.8837876	32.590427	-10.238159	-5.5879354e-09	-0.0018755591	-7.450581e-09	-0.0040454073	0.397864	-0.20051688	14.462771	-9.271297	2.0108104	0.015373468	2.0	1.5976195	0.008616221	4290000	6321.932092666626
143	2.9071198	4.501052	14.289816	-3.7476087	25.625	25.016348	85.0	0.0	1000.0	133181.0	0.030828935185185185	0.31035456	0.86893016	2.7447186	-2.2201633	1.968901	3.9288964	45.614677	-7.4590325	-7.450581e-09	-0.002220909	-1.4901161e-08	-0.007939165	0.34023947	-0.1649818	14.985813	-9.923133	2.0261838	0.01406312	2.0	1.596549	0.012920777	4320000	6362.640251159668
144	1.1872312	3.5050328	6.77855	-6.418727	22.583334	20.085062	72.0	0.0	1000.0	133869.0	0.03077448275862069	0.24773942	0.9062739	3.6064034	-2.1193905	2.3462114	4.9409876	40.963562	-6.4592795	1.8626451e-09	-0.009244649	9.313226e-09	-0.018151168	0.36135072	-0.19668503	12.760584	-8.481152	2.040247	0.012531042	8.0	1.5956767	0.015641257	4350000	6404.004573345184
145	3.6814594	4.555279	14.016755	-2.5733728	25.625	31.740894	103.0	0.0	1000.0	134573.0	0.03072442922374429	0.4065011	0.8777106	2.7393875	-2.2451978	2.3953073	4.244803	35.61318	-8.560383	0.0	-0.0095354	-1.4901161e-08	-0.018079568	0.43014136	-0.24620461	20.834858	-12.513481	2.052778	0.011753321	9.0	1.5959725	0.015098723	4380000	6446.458655118942
146	1.8684031	3.6221046	9.996064	-5.7968764	13.916667	16.923643	52.0	0.0	1000.0	134907.0	0.030591156462585034	0.23374785	0.8682443	3.5273676	-2.071706	1.4568487	3.1197648	27.847208	-7.2246547	7.450581e-09	-0.00079695426	3.7252903e-09	-0.0033626377	0.420984	-0.22129609	9.264816	-6.389084	2.0645313	0.0077884197	2.0	1.5944481	0.015759539	4410000	6486.772709846497
147	3.0989292	3.664966	9.264976	-3.1302178	25.958334	31.70105	113.0	0.0	1000.0	135571.0	0.03053400900900901	0.10869203	0.8528105	2.8880382	-2.1408703	1.4831419	3.6648176	34.764217	-9.783091	-7.450581e-09	-0.0040674144	-7.450581e-09	-0.00968273	0.437118	-0.2907428	16.724113	-11.43931	2.0723197	0.0074789524	6.0	1.5935271	0.013888752	4440000	6528.031532764435
148	3.1903012	4.4474664	10.881793	-5.165311	18.291666	18.30182	63.0	0.0	1000.0	136054.0	0.030437136465324383	0.24801171	0.854631	3.0107098	-2.6714475	1.640157	3.7655015	39.118378	-7.2009478	1.3038516e-08	-0.008697783	2.0489097e-08	-0.018390594	0.36494806	-0.19664745	10.908363	-7.6053886	2.0797987	0.005497217	8.0	1.5950704	0.018695567	4470000	6569.585879802704
149	2.809192	3.1558828	9.13712	-3.1146364	17.458334	28.160225	112.0	0.0	1000.0	136572.0	0.030349333333333332	0.2897576	0.8288251	3.4600477	-2.0796578	1.3910229	2.9913373	36.553596	-4.6612043	-5.5879354e-09	-0.0065696007	0.0	-0.014801948	0.4056365	-0.21638793	15.646408	-11.455364	2.085296	0.003387928	8.0	1.5965396	0.017937582	4500000	6611.333700895309
150	4.426651	3.2498946	9.571448	-2.045995	22.416666	23.959892	86.0	0.0	1000.0	137234.0	0.03029448123620309	0.38707766	0.8051806	3.2517455	-2.2196007	2.2365458	4.433364	43.253296	-4.1233463	-7.450581e-09	-0.002159654	-2.2351742e-08	-0.00767655	0.38901284	-0.20983934	18.813349	-11.415887	2.0886838	0.0021209717	2.0	1.5946262	0.015178215	4530000	6655.184787034988
