Epoch	AverageEpRet	StdEpRet	MaxEpRet	MinEpRet	AverageEpCost	StdEpCost	MaxEpCost	MinEpCost	EpLen	CumulativeCost	CostRate	AverageVVals	StdVVals	MaxVVals	MinVVals	AverageCostVVals	StdCostVVals	MaxCostVVals	MinCostVVals	LossPi	DeltaLossPi	SurrCost	DeltaSurrCost	LossV	DeltaLossV	LossVC	DeltaLossVC	Penalty	DeltaPenalty	StopIter	Entropy	KL	TotalEnvInteracts	Time
0	0.83984447	2.2680743	6.999166	-1.7531141	21.583334	24.608461	69.0	0.0	1000.0	713.0	0.023766666666666665	0.6143237	0.55761963	2.049128	-1.151616	-0.4287915	0.115805626	0.08658448	-0.83613455	9.313226e-10	0.016248941	5.9604645e-08	3.6008656e-05	0.8144746	-0.6822553	28.774706	-14.960502	0	0	1.0	1.837877	0.020031882	30000	30.25173044204712
1	0.7801233	2.3233953	6.4925017	-2.8754513	11.958333	17.244514	68.0	0.0	1000.0	1129.0	0.018816666666666666	0.22230995	0.41043904	1.5342067	-0.982975	1.6284838	2.409346	12.874672	-3.3915372	-9.313226e-10	0.0677028	6.519258e-09	0.009409359	0.16068625	-0.03880003	9.7352705	-2.7799072	0	0	1.0	1.8383145	0.09054706	60000	58.40679478645325
2	0.34010068	2.0370088	5.4862313	-2.4453423	5.9166665	10.012146	30.0	0.0	1000.0	1314.0	0.0146	0.10427137	0.49794775	1.5936733	-1.2509451	1.6147523	1.7013724	13.839489	-3.256645	-5.5879354e-09	0.00032776536	-9.313226e-09	-0.0011630914	0.1194289	-0.022843607	3.878088	-1.558633	0	0	1.0	1.8391154	0.00290987	90000	86.58157420158386
3	-0.11664036	2.159734	9.181378	-2.2645223	6.7916665	18.57413	81.0	0.0	1000.0	1565.0	0.013041666666666667	0.03484502	0.3659272	1.326503	-0.9865427	0.96885455	1.3944745	10.9760065	-1.9829861	3.7252903e-09	-0.00047149468	-1.1175871e-08	-0.000546393	0.076717615	-0.012922335	8.125716	-2.2476785	0	0	1.0	1.8397465	0.0075823907	120000	115.2171196937561
4	0.8597958	1.6070936	3.8923016	-1.4243672	15.666667	24.198256	69.0	0.0	1000.0	2042.0	0.013613333333333333	0.07094806	0.4921501	1.5103377	-1.1838527	1.0113235	1.5733851	13.170907	-2.7287242	-4.656613e-10	-0.0069494997	-7.450581e-09	-0.00074519403	0.105846815	-0.016251503	10.364758	-4.552143	0	0	79.0	1.8402567	0.004283049	150000	150.6163387298584
5	2.6158297	2.9416213	9.506863	-0.9806073	16.083334	18.80141	64.0	0.0	1000.0	2515.0	0.013972222222222223	0.1784608	0.48965588	1.5723962	-0.9416096	1.8457415	2.2357423	18.49958	-2.5804677	1.8626451e-09	-0.007659986	-5.5879354e-09	-0.0011671409	0.1549519	-0.019115623	8.974615	-2.6849906	0	0	79.0	1.8170614	0.0051824017	180000	187.57849740982056
6	2.204668	3.5802453	14.629698	-1.5485097	22.291666	29.531734	104.0	0.0	1000.0	3232.0	0.01539047619047619	0.20117632	0.46621776	1.5674316	-0.9422646	1.8327	2.5659451	23.742413	-1.231073	-1.3969839e-09	-0.007429558	0.0	-0.00038171	0.13582951	-0.016357984	23.021936	-11.934535	0	0	79.0	1.7973838	0.0055255536	210000	223.87910556793213
7	1.456159	1.7595309	6.4089165	-1.0059319	13.833333	16.986923	53.0	0.0	1000.0	3611.0	0.015045833333333333	0.22298929	0.47002664	1.7067734	-0.9378192	1.8685867	2.665838	29.414215	-2.4758718	-1.1175871e-08	-0.0076981904	-3.5390258e-08	0.0013185622	0.11421108	-0.03329078	8.64606	-4.044033	0	0	79.0	1.7746439	0.005073971	240000	259.90932607650757
8	3.1133347	3.3525991	14.089234	-1.3118452	14.833333	24.00463	88.0	0.0	1000.0	4088.0	0.015140740740740741	0.22035314	0.4268217	1.5011334	-0.84753364	1.381121	1.5275762	21.608248	-2.8042464	-7.450581e-09	-0.009048719	7.450581e-09	0.0012873099	0.17469662	-0.055057034	10.541447	-3.7736137	0	0	79.0	1.7494788	0.005868378	270000	296.00870656967163
9	3.9533253	3.3173654	14.240477	-1.0500264	15.666667	15.611604	60.0	0.0	1000.0	4546.0	0.015153333333333333	0.38125625	0.5609276	2.0536158	-0.816866	2.00963	2.5440652	26.02614	-2.8935432	-3.7252903e-09	0.008350663	-1.8626451e-09	-0.00028346572	0.16719556	-0.020615544	10.127474	-4.0168223	0	0	3.0	1.7410816	0.018307677	300000	325.14618945121765
10	4.0169063	3.3203409	12.217769	-0.36078236	10.375	9.547305	30.0	0.0	1000.0	4826.0	0.014624242424242425	0.48192018	0.5474485	1.9845601	-0.8337177	1.518148	2.117999	24.252176	-2.453058	9.313226e-09	0.009770289	-1.8626451e-09	-0.0022010296	0.28614908	-0.08107701	6.6619053	-2.8265615	0	0	1.0	1.740686	0.017954022	330000	353.8430552482605
11	3.2125404	3.0079572	10.285958	-0.6609157	25.958334	25.132116	79.0	0.0	1000.0	5539.0	0.01538611111111111	0.43198067	0.5406133	2.0449524	-1.0180733	1.472478	1.7033758	18.478846	-1.6403793	1.8626451e-09	-0.0008735047	1.6763806e-08	0.00053332234	0.17673814	-0.03959337	15.239076	-6.8516135	0	0	1.0	1.7404929	0.0015655922	360000	382.39254426956177
12	4.698562	4.0668497	13.150946	-1.3939718	28.208334	26.603539	83.0	0.0	1000.0	6267.0	0.01606923076923077	0.45839986	0.5533021	1.8656619	-0.92066145	2.7840579	3.600065	30.427774	-1.5707597	-7.450581e-09	-0.00017471472	1.1175871e-08	-0.0002725924	0.20616636	-0.03384661	21.379547	-9.782153	0	0	1.0	1.7405663	0.00644233	390000	411.4361140727997
13	5.549801	3.8995056	15.777875	-0.15410607	22.833334	25.829031	100.0	0.0	1000.0	6937.0	0.016516666666666666	0.5003622	0.5634745	2.148221	-0.9082591	2.2004786	2.845106	30.791494	-4.024005	7.450581e-09	-0.0009222252	3.7252903e-09	0.00013639778	0.26937702	-0.06351167	12.350014	-4.4715366	0	0	1.0	1.74086	0.003961572	420000	441.3633966445923
14	5.144193	3.8852458	15.810797	0.03715117	16.791666	20.16387	83.0	0.0	1000.0	7519.0	0.016708888888888888	0.5804294	0.5945609	2.387083	-0.9534115	2.1122737	2.5807679	27.24581	-1.8620461	1.4901161e-08	-0.0004884653	-7.450581e-09	9.9474564e-05	0.22371727	-0.06314596	18.69181	-9.239973	0	0	1.0	1.7412624	0.0038528903	450000	470.1880536079407
15	5.236	2.3916125	10.775628	0.6486117	19.208334	24.472736	100.0	0.0	1000.0	8052.0	0.016775	0.51742435	0.5918518	2.2115588	-0.9563331	2.3107307	3.3910832	33.10641	-0.9369811	-9.313226e-10	-0.00082131685	3.7252903e-09	0.00020748936	0.20012622	-0.03896043	15.59336	-8.591347	0	0	1.0	1.7415563	0.0037098224	480000	499.1525909900665
16	4.3955383	3.7519875	13.251056	-1.1555543	20.625	21.007563	94.0	0.0	1000.0	8601.0	0.01686470588235294	0.47995552	0.5787421	2.1156886	-0.94664687	1.9732325	2.4568229	32.558563	-1.710694	1.8626451e-09	-0.000918956	1.1175871e-08	-0.0004895218	0.19471416	-0.049115866	13.234374	-6.495548	0	0	1.0	1.7418298	0.0020087482	510000	527.822279214859
17	5.3055196	3.906937	15.5918255	0.15402763	28.666666	68.355484	349.0	0.0	1000.0	9364.0	0.01734074074074074	0.5626626	0.59612775	2.159384	-0.91676867	1.8084399	2.3910735	26.766678	-1.0150398	1.1175871e-08	-4.522747e-05	-2.9802322e-08	-0.00020916015	0.18668914	-0.054199524	60.68537	-45.790287	0	0	1.0	1.7420322	0.0008757579	540000	556.78218126297
18	4.9469485	3.2958155	13.359669	0.22285746	17.75	14.092699	50.0	0.0	1000.0	9948.0	0.01745263157894737	0.49587628	0.56707287	2.425499	-0.8208063	3.3694854	7.849015	65.64241	-2.264661	4.1909516e-09	-0.0012951498	1.4901161e-08	-0.002325817	0.1974476	-0.041741397	71.27919	-58.435707	0	0	1.0	1.7422566	0.0033709626	570000	586.1305634975433
