Epoch	AverageEpRet	StdEpRet	MaxEpRet	MinEpRet	AverageEpCost	StdEpCost	MaxEpCost	MinEpCost	EpLen	CumulativeCost	CostRate	AverageVVals	StdVVals	MaxVVals	MinVVals	AverageCostVVals	StdCostVVals	MaxCostVVals	MinCostVVals	LossPi	DeltaLossPi	SurrCost	DeltaSurrCost	LossV	DeltaLossV	LossVC	DeltaLossVC	Penalty	DeltaPenalty	StopIter	Entropy	KL	TotalEnvInteracts	Time
0	0.79516083	1.9921263	5.3626113	-1.9242662	21.416666	31.943853	100.0	0.0	1000.0	753.0	0.0251	0.57626224	0.5288984	2.1561036	-1.2940267	-0.39113903	0.1238927	0.17802715	-0.96579576	-3.7252903e-09	0.00531333	7.450581e-09	-0.00921651	0.771767	-0.5758508	45.4974	-14.778347	0.99999994	-0.03117764	1.0	1.837877	0.022409145	30000	39.100663900375366
1	0.6337703	1.920291	4.678549	-2.7977917	20.291666	20.519258	69.0	0.0	1000.0	1343.0	0.022383333333333335	0.16230503	0.31180707	1.2766707	-0.9781676	1.8650031	2.2962818	12.335519	-2.8134463	7.450581e-09	0.03249233	1.4901161e-08	-0.010184824	0.17679751	-0.050105978	19.438929	-3.5912383	0.9688223	-0.03042847	1.0	1.8378048	0.09716071	60000	77.20822501182556
2	0.55163264	1.4967381	3.5552928	-2.1970468	19.916666	21.769468	75.0	0.0	1000.0	1911.0	0.021233333333333333	0.03397534	0.33958653	1.0117613	-0.9086509	2.3978453	1.5299369	10.2521105	-1.4377577	-3.7252903e-09	-0.0005949121	3.7252903e-09	-0.0011847573	0.15770312	-0.027395152	18.434048	-2.8908615	0.93839383	-0.029973507	1.0	1.8377469	0.0037720206	90000	115.86741971969604
3	0.68953085	2.5009186	8.224371	-2.576211	13.208333	23.551325	113.0	0.0	1000.0	2278.0	0.018983333333333335	0.044326246	0.3152138	1.0831848	-1.0642284	1.7092682	1.2295665	7.6379786	-1.774975	1.4901161e-08	-0.012480845	1.4901161e-08	-0.02734301	0.15346064	-0.023193978	11.985313	-3.9710193	0.9084203	-0.022858918	73.0	1.8375876	0.012806855	120000	161.31265330314636
4	0.38461646	1.6103607	6.132427	-1.8403413	19.375	25.514395	120.0	0.0	1000.0	2864.0	0.019093333333333334	0.045498393	0.36445612	1.2690908	-1.231417	1.274012	1.4857811	13.90922	-2.9876065	-5.5879354e-09	0.0011685153	0.0	0.0009967666	0.14695504	-0.020901248	22.229132	-6.0202136	0.8855614	-0.026952088	2.0	1.8231138	0.0073737013	150000	200.43332290649414
5	1.0090126	2.3542144	6.3177533	-1.998711	16.291666	18.6893	72.0	0.0	1000.0	3395.0	0.01886111111111111	0.11209263	0.3731896	1.7604176	-1.0206064	1.9286419	1.854441	20.864922	-2.5460944	4.1909516e-09	-0.00052013085	1.1175871e-08	-0.0026682531	0.16842885	-0.031007148	15.049836	-3.0563228	0.8586093	-0.02720952	1.0	1.8219228	0.0053645647	180000	239.63158535957336
6	0.76495475	2.1039023	7.3207912	-1.8495833	21.333334	23.630253	105.0	0.0	1000.0	4058.0	0.019323809523809524	0.041381624	0.35198152	1.3919998	-1.3612388	1.8807094	1.1997514	13.339579	-1.7860918	1.3038516e-08	-0.0011977167	2.2351742e-08	-0.00261463	0.12708136	-0.024585448	20.642494	-4.223298	0.8313998	-0.025667667	1.0	1.8212955	0.00513429	210000	278.69222593307495
7	0.28404352	1.7798995	5.0476904	-1.9806298	15.583333	17.717497	57.0	0.0	1000.0	4634.0	0.019308333333333334	0.07883886	0.3290239	1.362437	-1.1160748	1.9241713	1.6216851	20.090878	-3.86641	-1.3038516e-08	-0.000900729	-3.7252903e-08	-0.0013964733	0.116362244	-0.029916413	15.375205	-3.2691221	0.80573213	-0.025904596	1.0	1.8211482	0.000888088	240000	317.7681579589844
8	1.4779081	2.8134053	9.065094	-2.265743	11.583333	18.600887	84.0	0.0	1000.0	4971.0	0.01841111111111111	0.06764684	0.38060716	1.367817	-1.1773425	2.0019112	1.8897272	14.391723	-2.9970737	8.381903e-09	-0.0005405456	9.313226e-09	-0.0005928329	0.19528376	-0.060294904	14.092567	-3.7525358	0.77982754	-0.025959134	1.0	1.8209254	0.002511402	270000	357.1497914791107
9	1.0672386	2.2723503	5.806161	-2.029657	20.333334	22.915909	99.0	0.0	1000.0	5578.0	0.018593333333333333	0.15346728	0.46142584	1.7544652	-1.1633935	1.3707254	1.3408465	21.711937	-3.0759003	1.4901161e-08	-0.012709668	1.4901161e-08	-0.02896168	0.15396449	-0.04681091	15.194356	-3.464982	0.7538684	-0.018098772	66.0	1.8205409	0.012260237	300000	402.38750982284546
10	0.7365362	2.3443553	6.521799	-2.9201274	24.125	21.20596	77.0	0.0	1000.0	6263.0	0.01897878787878788	0.07944951	0.3847988	1.4771949	-1.2453606	1.8393825	1.7215354	11.783607	-3.0251572	2.0489097e-08	0.0027249483	2.6077032e-08	-0.00025717122	0.13782328	-0.0396296	22.70564	-5.897154	0.7357696	-0.021841288	2.0	1.8232083	0.011114737	330000	441.90435886383057
11	0.9522287	1.8042291	5.533816	-1.9751048	21.041666	21.945917	71.0	0.0	1000.0	6820.0	0.018944444444444444	0.10456347	0.44561517	1.6593701	-1.3956758	2.1618829	2.029158	23.03215	-4.1429067	3.7252903e-09	-0.0003046614	5.5879354e-09	-0.001746072	0.12840939	-0.04675612	17.402891	-5.8343883	0.71392834	-0.021055877	1.0	1.8228309	0.006404391	360000	481.2884883880615
12	0.44822088	1.6832366	4.6597085	-2.241386	19.333334	15.839473	52.0	0.0	1000.0	7407.0	0.018992307692307694	0.06937515	0.37883705	1.2153413	-1.219464	2.0587711	1.9760498	15.851174	-5.0755205	0.0	-0.000940491	-1.4901161e-08	-0.0014131225	0.10617573	-0.029076066	15.501509	-3.559903	0.69287246	-0.020742834	1.0	1.8227856	0.001848843	390000	520.7717380523682
13	0.80172235	1.8878996	4.492074	-2.2624996	27.458334	18.425478	63.0	0.0	1000.0	8208.0	0.019542857142857143	0.034362175	0.37670425	1.5896938	-1.2433882	1.8095285	0.95656025	10.236686	-4.0160913	7.450581e-09	-0.0008180495	2.9802322e-08	-0.0019015037	0.120689094	-0.03337182	23.041187	-6.308557	0.67212963	-0.01715058	1.0	1.8228574	0.0008807876	420000	560.2237269878387
14	0.59050006	1.4520664	4.0684104	-2.0002747	30.416666	29.261633	126.0	0.0	1000.0	9038.0	0.020084444444444443	0.067917384	0.4265989	1.3793619	-1.5318784	2.6128933	2.2857206	23.2924	-3.6824036	3.7252903e-09	-0.0009545261	-7.450581e-09	-0.0013157537	0.1383344	-0.03731122	31.201233	-12.269115	0.65497905	-0.0125434995	1.0	1.8228233	0.0014494536	450000	599.8560497760773
15	0.343591	1.5270156	3.8129818	-2.0040393	23.75	21.994791	81.0	0.0	1000.0	9676.0	0.020158333333333334	0.07772446	0.42230102	1.5183376	-1.6713806	2.8223052	2.6144958	28.502285	-3.9928787	1.9557774e-08	-0.0013907948	2.6077032e-08	-0.0032017655	0.10800582	-0.029250883	23.430748	-8.444558	0.64243555	-0.011738956	1.0	1.8227292	0.0018498106	480000	639.835953950882
16	1.2672261	2.4528003	7.0966415	-2.0292046	18.5	22.272928	91.0	0.0	1000.0	10284.0	0.020164705882352942	0.110047035	0.4089353	1.241653	-1.5563401	2.3651114	2.2420106	24.965141	-4.48506	2.4214387e-08	-0.000670188	5.2154064e-08	-0.0008512372	0.14605153	-0.03607312	20.875362	-6.0174336	0.6306966	-0.012933493	1.0	1.8226261	0.0022935239	510000	680.1219584941864
17	1.3886443	2.0402868	6.2592287	-2.0921752	14.666667	21.122002	76.0	0.0	1000.0	10775.0	0.019953703703703703	0.08991227	0.4559725	1.5868884	-1.513597	2.0283167	1.6404276	18.126373	-3.8064482	-3.7252903e-09	-0.011896329	0.0	-0.024009988	0.14142133	-0.034379028	14.732355	-5.2594686	0.6177631	-0.009008706	79.0	1.822552	0.010537975	540000	726.1438839435577
18	1.2340668	2.0177839	5.5427527	-1.6879315	26.75	23.503988	88.0	0.0	1000.0	11533.0	0.020233333333333332	0.14662667	0.45412084	1.7076561	-1.4321826	2.019766	2.362786	25.894089	-2.5466642	4.656613e-09	-0.00029231876	-1.8626451e-09	-0.0002638272	0.1715949	-0.062824145	21.995028	-10.188047	0.6087544	-0.012467682	2.0	1.8183002	0.0018998787	570000	764.6504192352295
19	0.91449136	2.1899025	6.8294935	-2.2401896	24.958334	21.92122	100.0	0.0	1000.0	12192.0	0.02032	0.10581493	0.47593066	1.545245	-1.7126777	2.5633805	2.957465	29.573664	-5.179161	-1.3038516e-08	-0.000954298	-1.1175871e-08	-0.0024001542	0.17982534	-0.07115498	21.611214	-9.326026	0.5962867	-0.01129508	1.0	1.818277	0.0036065963	600000	802.9974911212921
20	1.1863843	2.5280523	6.800098	-3.4316058	35.25	31.15987	110.0	0.0	1000.0	13132.0	0.020844444444444443	0.15962486	0.5069026	1.7350286	-1.409312	2.2589233	1.9230989	23.468409	-3.8345034	-7.450581e-09	-0.0007973731	-5.5879354e-09	-0.0027274247	0.16202106	-0.05567692	26.103373	-12.424328	0.58499163	-0.0058040023	1.0	1.8183718	0.0012121091	630000	841.3917362689972
21	1.4463596	2.1859245	6.4869514	-2.13925	24.583334	26.126162	98.0	0.0	1000.0	13977.0	0.02117727272727273	0.16633886	0.46752483	1.6026281	-1.4144328	2.90874	2.9967837	33.43694	-3.1726377	-1.6763806e-08	-0.0010725808	-1.4901161e-08	-0.002241725	0.11138487	-0.033421356	31.84451	-12.749059	0.57918763	-0.005395353	1.0	1.8181388	0.0021412652	660000	879.7427718639374
22	1.14372	2.3528502	6.1359286	-1.6810076	19.708334	19.374552	69.0	0.0	1000.0	14552.0	0.02108985507246377	0.19130492	0.4536836	1.5431752	-1.4312451	2.836735	2.9367838	29.448627	-7.499499	0.0	-0.0011083472	1.4901161e-08	-0.0015868787	0.15381116	-0.044978403	19.284103	-8.170143	0.5737923	-0.0067262053	1.0	1.8180279	0.0018371915	690000	917.9188022613525
23	1.7199982	1.9961525	5.4886165	-2.5953805	25.333334	24.218908	82.0	0.0	1000.0	15329.0	0.02129027777777778	0.17386074	0.4756317	1.5370747	-1.6060904	2.2661297	1.9268303	21.503721	-8.049308	-3.7252903e-09	-0.0012389153	-7.450581e-09	-0.0020990437	0.15083408	-0.048139006	22.982128	-7.0210075	0.5670661	-0.0059427023	1.0	1.8180203	0.0018311467	720000	956.0526857376099
24	1.8119774	3.299935	12.51234	-2.3620973	23.125	21.533525	85.0	0.0	1000.0	16015.0	0.021353333333333332	0.15536475	0.50874335	2.2303646	-1.4651037	2.3983722	1.7200689	15.3316	-2.6627274	-4.656613e-09	-0.012671405	-7.450581e-09	-0.027580056	0.2354736	-0.039006233	15.913182	-5.1371603	0.5611234	0.00070655346	74.0	1.8182585	0.0121797435	750000	1000.9922041893005
25	0.9857204	2.1438305	4.9597178	-2.2367482	20.625	17.902077	72.0	0.0	1000.0	16784.0	0.021517948717948716	-0.05071582	0.511058	2.0410948	-1.7101623	2.6626842	2.349927	24.102262	-3.961821	-7.450581e-09	-0.012728432	0.0	-0.03320998	0.16352133	-0.06892355	22.352655	-10.779255	0.5618299	-0.0020853877	43.0	1.8009665	0.012498023	780000	1043.2771711349487
26	2.1465385	2.5873404	7.43929	-1.770061	21.75	24.846613	81.0	0.0	1000.0	17524.0	0.021634567901234567	0.1390048	0.47582522	1.8462442	-1.5933568	2.420174	2.5936017	22.922373	-5.963478	6.0535967e-09	0.0003734721	1.4901161e-08	-6.404269e-05	0.16806144	-0.050029468	20.765114	-8.946737	0.55974454	-0.0072410107	2.0	1.8114443	0.004732889	810000	1081.7323741912842
27	1.7264465	2.4380841	8.790228	-1.2492139	34.0	23.348804	89.0	0.0	1000.0	18618.0	0.022164285714285713	0.20590964	0.486698	1.7389103	-1.7380905	2.8424175	2.2802913	23.3374	-2.5396616	-7.450581e-09	0.00041735137	-4.4703484e-08	-0.004959515	0.14363977	-0.049394213	25.491583	-11.066931	0.5525035	-0.0032362342	1.0	1.8122413	0.010392475	840000	1119.7960011959076
28	2.1005857	2.8750527	10.6154375	-2.3797612	29.333334	22.602852	101.0	0.0	1000.0	19487.0	0.022398850574712643	0.17183307	0.47215107	2.1809654	-1.4144171	3.4085822	2.8353317	28.870697	-5.290417	1.8626451e-09	-0.0004838556	-1.8626451e-08	-0.00084617885	0.18964514	-0.066890955	23.190376	-10.897222	0.5492673	-0.0013597608	1.0	1.8130524	0.0016386255	870000	1158.1898589134216
29	1.8849102	2.6973395	9.098669	-1.214751	18.041666	24.629725	98.0	0.0	1000.0	20660.0	0.022955555555555555	0.17069423	0.5325986	2.6742754	-1.7115809	2.924036	2.4995148	23.685728	-3.470554	-1.8626451e-08	-0.0012633232	-2.9802322e-08	-0.002625851	0.15658358	-0.054721296	164.02902	-135.77783	0.54790753	-0.003630519	1.0	1.8138347	0.001617265	900000	1196.545696258545
30	1.747461	2.740608	7.951422	-2.3196905	30.333334	22.363785	75.0	0.0	1000.0	21452.0	0.023066666666666666	0.18733042	0.5013389	2.2950137	-1.4396667	2.3530138	2.827792	42.51695	-11.352569	9.313226e-09	-0.0014999073	1.4901161e-08	-0.0042861933	0.21854031	-0.07408736	23.7485	-8.442152	0.544277	-0.0013401508	1.0	1.8139036	0.0038376665	930000	1234.8442492485046
31	1.8574599	2.1391137	6.9709883	-0.9837953	33.875	25.557634	83.0	0.0	1000.0	22397.0	0.023330208333333335	0.22845522	0.51937705	2.4296436	-1.4895864	2.7381656	2.129431	20.032644	-5.2933936	7.450581e-09	-0.0007118293	1.1175871e-08	-0.0011361251	0.17748314	-0.072109774	26.128513	-9.976143	0.54293686	0.0019022822	1.0	1.8141892	0.0022442234	960000	1272.899327993393
32	1.6748972	2.2142336	6.415848	-1.9011126	26.166666	16.559656	71.0	0.0	1000.0	23318.0	0.023553535353535354	0.16940226	0.52435434	2.592519	-1.3269072	3.3017292	2.6263015	21.214825	-6.8606477	-3.7252903e-09	-0.0009895852	-1.4901161e-08	-0.0020471811	0.20175178	-0.0723528	29.099571	-15.02363	0.54483914	0.0021457672	1.0	1.8144042	0.002242934	990000	1311.031243801117
33	2.6148918	2.6259472	7.722743	-2.7201703	30.583334	23.405691	85.0	0.0	1000.0	24407.0	0.02392843137254902	0.20329891	0.5575211	2.3204463	-1.4651678	3.233728	2.5996873	26.474157	-7.0264883	3.7252903e-09	-0.0006284981	4.4703484e-08	-0.0015105713	0.21265936	-0.08721679	37.111687	-15.891559	0.5469849	0.0039054751	1.0	1.8144678	0.00043783116	1020000	1349.6239223480225
34	1.8404089	1.9699681	6.317605	-1.2747765	21.083334	33.54837	156.0	0.0	1000.0	25024.0	0.023832380952380952	0.25467107	0.49526966	2.3071601	-1.1373216	3.7052605	2.4912689	26.57942	-8.2935915	-5.5879354e-09	-0.00071663875	-2.9802322e-08	-0.0012922781	0.17406076	-0.07156946	37.021114	-20.975468	0.5508904	0.0021696687	1.0	1.8144392	0.0005086252	1050000	1387.8954875469208
35	2.32107	2.4609687	11.346309	-0.05635856	35.666668	35.415	169.0	0.0	1000.0	26021.0	0.024093518518518518	0.22827008	0.5735792	2.7664306	-1.4741659	2.274779	2.7880547	43.181545	-9.611072	3.7252903e-09	-0.0012521655	1.4901161e-08	-0.003460378	0.22392257	-0.07890893	34.75624	-16.94088	0.55306005	0.005611539	1.0	1.8145341	0.0020632455	1080000	1426.451516866684
36	1.5371069	2.0698283	6.0985365	-1.9923793	24.75	20.064999	76.0	0.0	1000.0	26840.0	0.02418018018018018	0.25424516	0.56918377	2.192818	-1.5844122	3.3778532	3.309187	31.158321	-12.600714	2.3283064e-09	-0.0008730842	-3.7252903e-09	-0.0015442424	0.19586845	-0.07818444	27.631584	-12.463674	0.5586716	0.0050623417	1.0	1.8143864	0.001422205	1110000	1464.4838321208954
37	2.3791974	2.3680573	6.4777565	-2.472792	35.041668	33.288486	116.0	0.0	1000.0	27886.0	0.02446140350877193	0.21474409	0.54380125	2.4673758	-1.3418328	2.914668	2.5073438	31.769594	-3.2220793	1.8626451e-09	-0.0013333461	-7.450581e-09	-0.0031970665	0.19414306	-0.07756829	39.325092	-16.366417	0.56373394	0.007986069	1.0	1.8141562	0.0013396665	1140000	1502.719809293747
38	1.6561865	2.6574178	10.134825	-1.8612963	32.125	23.787798	108.0	0.0	1000.0	28869.0	0.024674358974358976	0.26986888	0.4892127	2.2368855	-1.4000318	3.3171682	2.936905	33.56834	-5.319658	-1.0244548e-08	-0.014656785	-1.8626451e-08	-0.038960963	0.24756683	-0.116003186	23.94202	-10.710627	0.57172	0.013322115	35.0	1.8137869	0.012321738	1170000	1544.1346492767334
39	2.3281233	2.512606	7.8612146	-0.86547804	16.541666	16.375742	52.0	0.0	1000.0	29435.0	0.024529166666666668	0.2491447	0.54714423	3.1126678	-1.5319937	3.2530174	2.5536268	27.902891	-3.640204	-1.6763806e-08	-0.013727876	-1.4901161e-08	-0.037544712	0.21834794	-0.09364107	16.196682	-7.32297	0.5850421	0.008856952	27.0	1.7749538	0.013183031	1200000	1584.816460609436
40	1.8928999	2.5836473	8.933081	-1.8856285	32.958332	23.138136	88.0	0.0	1000.0	30262.0	0.024603252032520326	0.20390572	0.5528298	2.2217565	-1.4185469	2.1095295	1.7750547	21.05033	-7.765639	-2.7939677e-09	-0.01225726	3.7252903e-09	-0.029252373	0.22444603	-0.08438086	23.33508	-9.256322	0.5938991	0.013293266	46.0	1.759037	0.012098454	1230000	1627.4247324466705
41	2.3898184	1.8284688	6.539019	-0.5346718	27.208334	25.258627	83.0	0.0	1000.0	31115.0	0.024694444444444446	0.2870946	0.60890216	2.6982613	-1.6793275	2.769486	2.5727754	34.028866	-6.2606497	-7.450581e-09	-0.011096446	-1.4901161e-08	-0.035059094	0.17602123	-0.07432358	32.18335	-17.310421	0.60719234	0.010571778	18.0	1.7484267	0.013813992	1260000	1667.231239080429
42	2.5774343	3.0278447	9.881056	-1.7601273	33.541668	34.64821	159.0	0.0	1000.0	32104.0	0.024886821705426356	0.23129453	0.5340673	2.289181	-1.6078999	3.1375818	3.805317	40.845104	-4.3239136	-4.656613e-09	-0.011040237	-1.8626451e-09	-0.032586183	0.22632506	-0.096592866	36.851486	-20.120356	0.6177641	0.012810051	18.0	1.7462134	0.013219211	1290000	1707.1234021186829
43	2.0771396	2.8310509	7.873285	-3.4706354	22.416666	25.535788	123.0	0.0	1000.0	32877.0	0.024906818181818183	0.22292985	0.55876976	2.5502808	-1.259182	2.983568	2.7591238	32.24131	-5.9455824	3.7252903e-09	-0.009410808	1.4901161e-08	-0.029686727	0.25112516	-0.11298348	31.746033	-17.642778	0.63057417	0.0106550455	16.0	1.755892	0.013066695	1320000	1746.6038210391998
44	3.1461008	3.5766056	12.291437	-1.9132496	23.25	17.44575	63.0	0.0	1000.0	33588.0	0.02488	0.35450923	0.65063274	3.5268133	-1.3815521	2.54821	2.4101503	37.216732	-9.418041	7.450581e-09	-0.01072284	4.656613e-08	-0.028132841	0.30212247	-0.14328367	20.15002	-9.103281	0.6412292	0.009485483	20.0	1.7503877	0.012895286	1350000	1786.5112609863281
45	1.4387633	2.3042219	5.036343	-2.4740832	23.291666	18.658062	70.0	0.0	1000.0	34270.0	0.024833333333333332	0.26441157	0.6030579	2.4269526	-1.41033	2.620775	2.4834414	26.10458	-5.2426686	-7.450581e-09	-0.0116780605	-3.7252903e-09	-0.033018854	0.206667	-0.089697205	19.226679	-7.527516	0.6507147	0.009403586	27.0	1.7460223	0.01240344	1380000	1827.3614542484283
46	3.372317	1.9951514	6.6652527	0.6025101	26.25	17.120285	84.0	1.0	1000.0	35017.0	0.024834751773049644	0.24934939	0.5368219	2.714288	-1.232323	2.083014	2.228947	23.254116	-8.63929	0.0	-0.0013936055	7.450581e-09	-0.0033082683	0.24736585	-0.11217748	18.741413	-8.749375	0.6601183	0.0065250397	2.0	1.7443893	0.0022092117	1410000	1865.7203576564789
47	1.7125621	2.4150639	8.005327	-1.2753606	37.833332	44.8578	192.0	0.0	1000.0	36039.0	0.025027083333333332	0.2600476	0.5476461	2.4923713	-1.62665	2.9143996	3.190463	34.13139	-5.860447	-7.450581e-09	-0.0007468079	-1.4901161e-08	-0.00250282	0.19012833	-0.083540566	43.488808	-26.504803	0.6666433	0.010490358	1.0	1.7442741	0.00305653	1440000	1904.0242784023285
48	3.1449356	3.6782277	15.24227	-1.3927518	27.125	24.302456	91.0	0.0	1000.0	36952.0	0.025137414965986395	0.24364594	0.5222137	2.3081543	-1.5323743	2.7396073	2.8982036	40.45861	-6.548059	-1.8626451e-09	-0.0014830467	-1.1175871e-08	-0.0032527293	0.28070518	-0.13153881	36.982555	-21.802921	0.6771337	0.010450184	1.0	1.7444488	0.0036309443	1470000	1942.2410888671875
49	2.1973045	2.298788	6.8135724	-1.5162047	32.625	30.949976	115.0	0.0	1000.0	37810.0	0.025206666666666665	0.28912616	0.5846809	3.053848	-1.449972	2.7205286	2.5567415	30.56831	-9.737749	-1.8626451e-09	-0.000815072	-4.656613e-09	-0.0018300402	0.20749006	-0.08844617	40.547703	-22.548107	0.68758386	0.012481868	1.0	1.7446935	0.001637495	1500000	1980.3077266216278
50	2.7835684	2.6127086	8.059653	-2.4469383	31.791666	26.883978	109.0	0.0	1000.0	38646.0	0.025258823529411764	0.27734193	0.57510746	2.6155698	-1.6219802	2.7379894	3.26496	37.754265	-13.602782	3.259629e-09	-0.0016652807	-1.4901161e-08	-0.0038039312	0.24262695	-0.10253839	31.029102	-15.960032	0.70006573	0.0140962005	1.0	1.7445533	0.001927668	1530000	2018.4196102619171
51	2.5398016	2.2627525	6.986144	-1.7940589	33.625	45.740948	225.0	0.0	1000.0	39545.0	0.025349358974358974	0.2902469	0.60270476	3.0307848	-1.566741	2.840031	2.401202	27.010796	-6.995081	-1.8626451e-08	-0.002305976	-1.4901161e-08	-0.006012989	0.20810771	-0.098040335	50.593864	-34.77005	0.71416193	0.016231775	1.0	1.7442362	0.0036538355	1560000	2056.990433692932
52	2.003383	2.628907	8.57944	-2.7830062	22.333334	23.882814	90.0	0.0	1000.0	40239.0	0.02530754716981132	0.2840849	0.5892987	2.610643	-1.5339489	3.0534167	3.3013146	37.116135	-6.822726	-1.8626451e-09	-0.001546111	-1.1175871e-08	-0.0048174825	0.19321305	-0.080402076	24.224392	-12.678253	0.7303937	0.013846219	1.0	1.7435887	0.004430205	1590000	2095.359107732773
53	2.6850386	2.4992473	9.437971	-0.5838167	18.25	22.277138	92.0	0.0	1000.0	40800.0	0.025185185185185185	0.26272714	0.58003366	2.0996997	-1.65136	2.372853	1.9967719	24.205427	-6.649259	-9.313226e-09	-0.00091961503	-2.2351742e-08	-0.0016299542	0.2027276	-0.09408354	19.780275	-10.5429325	0.7442399	0.009808183	1.0	1.7431761	0.002624923	1620000	2133.490240097046
54	3.4027488	2.81839	8.390067	-0.8865087	25.083334	29.825768	125.0	0.0	1000.0	41591.0	0.025206666666666665	0.2888407	0.5442041	2.3475568	-1.1393094	2.0659933	2.5816727	29.288548	-6.1325283	-1.8626451e-09	-0.0021641622	-1.4901161e-08	-0.0047711805	0.23799197	-0.11532851	35.946987	-19.821009	0.7540481	0.009040773	1.0	1.7426548	0.0030362976	1650000	2171.5234632492065
55	2.6839514	2.6169195	7.1917443	-2.2359586	21.166666	20.325819	64.0	0.0	1000.0	42372.0	0.02522142857142857	0.36114722	0.62880546	2.6290786	-1.239437	3.3473256	3.7325613	38.501884	-9.766042	9.313226e-09	-0.0020457227	0.0	-0.0053970893	0.23618798	-0.12297635	29.028147	-16.723831	0.7630889	0.0066298842	1.0	1.7421196	0.0049613183	1680000	2209.8593657016754
56	2.687999	2.581488	6.8773403	-1.705632	23.708334	21.495113	63.0	0.0	1000.0	43079.0	0.025192397660818714	0.3136461	0.61026853	2.4678447	-1.6195036	2.815121	2.604485	22.716022	-9.528881	-3.7252903e-09	-0.0012344185	-2.4214387e-08	-0.0023155743	0.20976408	-0.1086973	18.801725	-7.7714596	0.76971877	0.005500555	1.0	1.7419131	0.0008559154	1710000	2248.1351363658905
57	3.154187	3.0531843	10.723003	-1.7517482	28.416666	22.825274	84.0	0.0	1000.0	43842.0	0.02519655172413793	0.34069425	0.623132	2.929523	-1.5303153	2.2891698	2.3049903	22.530966	-6.883677	7.450581e-09	-0.0008857312	-5.5879354e-09	-0.0010890879	0.22071457	-0.0998328	20.762775	-9.405657	0.7752193	0.0064956546	1.0	1.7416096	0.0012761026	1740000	2286.4317333698273
58	2.5228746	2.3787134	6.628659	-1.6894708	29.375	23.37344	94.0	0.0	1000.0	44759.0	0.025287570621468927	0.30236608	0.61878395	2.6576636	-1.6526458	2.6411307	2.9431803	27.863058	-9.24752	-9.313226e-09	-0.0010358482	-2.2351742e-08	-0.0023324513	0.21803069	-0.12081563	36.76331	-20.8437	0.781715	0.007832885	1.0	1.741388	0.0013674814	1770000	2324.7414577007294
59	1.8003759	2.283065	6.635998	-1.5541419	31.166666	24.41425	84.0	0.0	1000.0	45611.0	0.025339444444444446	0.26200035	0.5859075	2.3775885	-1.7204467	3.222427	3.220434	37.726616	-5.1473727	3.7252903e-09	-0.0010732701	-7.450581e-09	-0.001635504	0.22658324	-0.12164609	22.437513	-10.144641	0.78954786	0.00984323	1.0	1.7412765	0.0008417489	1800000	2362.9686353206635
60	2.1316025	2.7977078	11.650921	-0.58631986	21.0	25.273504	103.0	0.0	1000.0	46300.0	0.025300546448087432	0.24120368	0.53959775	2.2543602	-1.542924	2.8241699	2.5590484	20.974512	-5.0974903	1.21071935e-08	-0.0024808224	-7.450581e-09	-0.0044176537	0.22356506	-0.12674451	23.4794	-12.460156	0.7993911	0.0073013306	3.0	1.7411854	0.0016454335	1830000	2401.736798763275
61	2.6437666	3.446997	12.224205	-1.5514463	30.541666	22.660501	86.0	0.0	1000.0	47302.0	0.025431182795698924	0.2979112	0.5932786	2.7214663	-1.5545071	2.3037558	2.612906	23.756018	-9.48845	2.4680048e-08	-0.0005592936	4.284084e-08	-0.0010887005	0.27669537	-0.15632033	36.14731	-18.40458	0.8066924	0.008998632	1.0	1.7400646	0.00081089605	1860000	2440.072831630707
62	3.2231176	3.4268327	9.69799	-3.8237739	24.208334	26.720745	101.0	0.0	1000.0	48011.0	0.025402645502645503	0.31110293	0.60441256	2.9329271	-1.685984	3.35097	3.1428947	34.131184	-6.299135	-1.8626451e-09	-0.012840963	-1.8626451e-09	-0.033606082	0.2929055	-0.17962483	26.34946	-14.909584	0.81569105	0.00997442	22.0	1.739094	0.01343241	1890000	2480.230345726013
63	2.5233066	2.557901	7.69015	-1.6841975	22.125	24.8014	90.0	0.0	1000.0	48693.0	0.0253609375	0.34522963	0.6916291	3.2706795	-1.3915299	2.5614777	3.0323894	35.02825	-11.162666	1.3969839e-08	-0.0018510469	3.1664968e-08	-0.0045978725	0.30947196	-0.19957559	25.857616	-14.386967	0.8256655	0.0062155128	2.0	1.7298353	0.00221771	1920000	2518.476193666458
64	3.0062487	2.9533675	10.908733	-1.2949176	30.458334	25.411577	107.0	0.0	1000.0	49497.0	0.02538307692307692	0.38786733	0.6191682	2.9058936	-1.3941567	2.5122383	2.4524984	33.344074	-7.995779	2.0489097e-08	-0.01153977	1.4901161e-08	-0.02650002	0.31800354	-0.18275467	29.569927	-13.484711	0.831881	0.009539127	15.0	1.72929	0.009799166	1950000	2558.06249833107
65	2.8876324	2.802959	9.877555	-1.6889971	25.0	19.954113	68.0	0.0	1000.0	50201.0	0.025354040404040403	0.34785426	0.65916	3.5453534	-1.6266181	2.4204295	2.2070665	22.709707	-8.340458	5.5879354e-09	-0.0047236243	3.7252903e-09	-0.015151034	0.3106501	-0.19027892	19.489134	-8.390035	0.8414201	0.007931232	7.0	1.724461	0.011004716	1980000	2596.863413333893
66	1.6867844	2.5241554	9.516211	-1.4689406	27.916666	23.769583	105.0	0.0	1000.0	51059.0	0.025402487562189054	0.3322	0.65717083	2.710875	-1.5850437	2.4323559	2.2482455	22.610641	-8.32396	-3.7252903e-09	-0.008020365	0.0	-0.022068009	0.23908383	-0.1485144	22.411613	-12.16008	0.84935135	0.009201407	13.0	1.7212647	0.010697696	2010000	2636.5703909397125
67	2.9985151	3.1638758	11.080106	-2.71976	15.833333	18.34318	83.0	0.0	1000.0	51626.0	0.025306862745098038	0.18264577	0.6365866	3.1270692	-1.6363194	2.843538	2.8440328	35.539925	-7.940601	7.450581e-09	-0.013685478	2.2351742e-08	-0.033653818	0.27782845	-0.16999668	18.324076	-8.932003	0.85855275	0.00503999	20.0	1.7074933	0.013580606	2040000	2677.086897134781
68	3.749053	2.8106177	8.779223	-1.5279853	24.583334	27.47562	111.0	0.0	1000.0	52508.0	0.025366183574879228	0.37081861	0.64686006	2.3557198	-1.8988718	2.2763042	2.5895584	27.963366	-8.836975	-3.7252903e-09	-0.012582468	-7.450581e-09	-0.031073805	0.2938073	-0.16928038	38.784454	-21.532183	0.86359274	0.0046054125	17.0	1.6912786	0.013055071	2070000	2717.2318346500397
69	2.1341488	1.9294136	5.46817	-1.6363096	22.208334	26.054396	113.0	0.0	1000.0	53227.0	0.025346190476190477	0.38841835	0.65956485	3.0010402	-1.6936678	2.6678977	2.8689864	30.046518	-5.9417925	9.313226e-09	-0.009647389	2.9802322e-08	-0.023704594	0.2651288	-0.15921688	29.730724	-17.534206	0.86819816	0.0021427274	10.0	1.6748502	0.011266006	2100000	2756.3597691059113
70	3.3142595	2.852106	9.672038	-0.7630812	24.208334	24.404541	94.0	0.0	1000.0	53915.0	0.025312206572769953	0.23464186	0.58909386	2.343187	-1.8952922	2.8729565	3.138656	27.001394	-10.992065	9.313226e-10	-0.006679944	1.8626451e-08	-0.01979277	0.25267154	-0.1465674	23.13302	-13.52495	0.8703409	0.0010316372	6.0	1.6625819	0.013188155	2130000	2795.717180967331
71	3.4149582	3.104359	9.462818	-3.1685224	22.666666	21.955765	75.0	0.0	1000.0	54806.0	0.025373148148148148	0.36281458	0.6332565	2.703861	-1.6018882	2.392627	2.723619	26.703793	-4.7383275	2.4214387e-08	-0.0053460947	2.6077032e-08	-0.016426481	0.31649265	-0.18055719	38.93644	-25.34183	0.8713725	-0.0002617836	6.0	1.6556325	0.011198804	2160000	2834.8745634555817
72	2.4251173	2.5359657	7.3910646	-0.73126584	26.25	24.710407	95.0	0.0	1000.0	55616.0	0.025395433789954337	0.3261015	0.6839641	2.8101392	-1.8142467	2.7200878	3.0218375	35.09529	-7.58558	3.7252903e-09	-0.0035516396	2.2351742e-08	-0.012977521	0.25891536	-0.15335914	25.543362	-13.8286295	0.87111074	0.00038963556	6.0	1.6508234	0.012536304	2190000	2873.817898273468
73	3.6789207	3.3191159	11.594063	-2.411097	26.166666	19.713926	70.0	0.0	1000.0	56360.0	0.025387387387387387	0.26558673	0.6506942	2.7047858	-1.6822664	2.9388015	3.4634926	35.986088	-7.191793	1.8626451e-08	-0.001769085	3.7252903e-08	-0.004827474	0.35739195	-0.22065538	25.171772	-14.793436	0.8715004	0.0005581975	1.0	1.645226	0.006363975	2220000	2912.2355868816376
74	3.481046	2.8195481	11.951517	-1.1171851	29.833334	22.30969	79.0	0.0	1000.0	57208.0	0.025425777777777776	0.38664111	0.6958122	3.9148488	-1.4988558	2.7399232	2.7837849	27.522705	-8.224945	7.450581e-09	-0.0024089233	7.450581e-09	-0.005982619	0.35342056	-0.22167392	22.21423	-10.94791	0.8720586	0.0031574368	3.0	1.6438099	0.003967389	2250000	2950.9470405578613
75	3.627308	3.467875	12.655076	-1.5420722	42.875	33.550102	141.0	0.0	1000.0	58563.0	0.025685526315789475	0.36806482	0.61917454	2.8469832	-1.596149	3.1673985	3.1047041	29.953014	-5.5666466	-1.1175871e-08	-0.0013530366	-3.7252903e-08	-0.0038912734	0.3496328	-0.22336604	45.28972	-25.402603	0.875216	0.011126101	1.0	1.6412728	0.0047728266	2280000	2989.5329678058624
76	2.71595	2.5380607	7.745994	-1.2870058	26.083334	20.736273	70.0	0.0	1000.0	59291.0	0.025667099567099567	0.44056633	0.67096806	3.414312	-1.5277048	4.3138385	3.8959756	31.087446	-7.593287	3.3294782e-08	-0.0021088095	3.9115548e-08	-0.00391768	0.28803346	-0.18987036	25.76509	-14.985346	0.8863421	0.010694206	1.0	1.6401311	0.0018552581	2310000	3027.8205649852753
77	3.3789463	2.9688327	12.335733	-2.1592197	27.666666	24.450064	81.0	0.0	1000.0	60084.0	0.025676923076923076	0.3457666	0.6157527	2.381889	-1.4576148	2.6673586	2.4551742	23.35268	-9.235886	-1.0244548e-08	-0.001503617	-7.450581e-09	-0.0026289732	0.29165763	-0.17455456	28.611307	-12.5907135	0.8970363	0.011069655	1.0	1.6393414	0.0018344132	2340000	3066.1275811195374
78	3.5303848	2.907262	8.42177	-1.1818229	33.5	23.808262	80.0	0.0	1000.0	61082.0	0.025772995780590717	0.39116472	0.6493042	2.8702624	-1.5595635	2.685377	2.3850715	27.970453	-6.5359545	-1.4901161e-08	-0.012015898	-2.6077032e-08	-0.031584196	0.3512618	-0.22762382	29.584074	-15.120718	0.90810597	0.014913917	9.0	1.6389773	0.017642401	2370000	3105.125143289566
79	3.7007692	3.0835636	10.643326	-0.5747558	26.791666	30.966352	129.0	0.0	1000.0	61839.0	0.02576625	0.34246054	0.6711617	3.5773954	-1.3892825	3.5519407	3.155991	37.909344	-4.7623987	-1.8626451e-08	-0.0066272933	-5.9604645e-08	-0.020843424	0.2596434	-0.16864732	30.36589	-17.790821	0.9230199	0.014565051	7.0	1.6367487	0.014117713	2400000	3144.21063375473
80	3.6737976	2.9908714	10.982322	-1.6411035	31.041666	35.96234	171.0	0.0	1000.0	62678.0	0.02579341563786008	0.38159978	0.6279971	2.982882	-1.4911627	2.9142709	3.6617246	51.03837	-8.109839	-1.1175871e-08	-0.0070561925	-1.4901161e-08	-0.020773157	0.28595853	-0.18452114	39.57077	-27.223724	0.93758494	0.01627487	6.0	1.6373935	0.012883806	2430000	3183.5676975250244
81	3.7547996	2.5441422	8.895382	-0.49053127	37.75	42.506126	158.0	0.0	1000.0	63772.0	0.025923577235772356	0.42331633	0.7157046	3.268009	-1.4875815	2.9245305	3.1876879	46.15258	-7.379282	-7.450581e-09	-0.008345692	-2.2351742e-08	-0.024133502	0.2952487	-0.19087759	50.154114	-29.274899	0.9538598	0.02100283	6.0	1.6382914	0.015882675	2460000	3222.6143674850464
82	4.039282	3.3503923	13.189522	-1.0135183	26.416666	34.33161	172.0	0.0	1000.0	64631.0	0.025956224899598392	0.42177042	0.60481894	2.7849348	-1.4142845	3.3248177	3.5833313	37.477047	-8.6670065	-3.7252903e-09	-0.0058313706	-1.4901161e-08	-0.020137537	0.30561376	-0.1951738	35.790833	-22.981918	0.97486264	0.020087123	6.0	1.6381938	0.015606502	2490000	3261.8009293079376
83	5.0558114	3.284139	14.677747	0.087016456	19.875	18.659924	67.0	0.0	1000.0	65232.0	0.025885714285714286	0.50629854	0.66943	2.9516637	-1.5759238	2.861525	3.3542013	51.790714	-7.206663	1.8626451e-08	-0.0032582101	2.9802322e-08	-0.0090457685	0.2783416	-0.17806399	17.866968	-9.394142	0.99494976	0.015255272	2.0	1.6380746	0.007663888	2520000	3300.3891594409943
84	3.5103729	2.4425354	8.677511	-1.53745	23.625	21.692574	73.0	0.0	1000.0	65964.0	0.025868235294117647	0.47216076	0.6949802	3.121499	-1.4859493	2.0238578	2.1394467	33.67948	-5.971697	5.5879354e-09	-0.012724529	1.4901161e-08	-0.029179601	0.30519092	-0.1976641	24.753979	-10.574331	1.010205	0.015130997	19.0	1.6380668	0.014861887	2550000	3340.45920085907
85	4.7573175	3.0910714	11.122576	-0.9669612	17.166666	19.955507	85.0	0.0	1000.0	66566.0	0.02580077519379845	0.35965592	0.6247882	2.6079714	-1.3620385	2.6407487	2.2937074	20.331495	-4.461955	2.9802322e-08	-0.0018120497	4.8428774e-08	-0.0033714464	0.31564632	-0.19220969	21.809174	-9.041481	1.025336	0.007978797	2.0	1.6379528	0.0013137334	2580000	3379.422402381897
86	5.2064676	3.059328	10.403917	-1.2680556	24.416666	20.702087	64.0	0.0	1000.0	67194.0	0.025744827586206897	0.47575992	0.6436318	2.560952	-1.1486113	2.1340663	2.214129	25.154123	-5.9457827	1.8626451e-09	-0.011225845	-3.7252903e-09	-0.02806514	0.3898139	-0.2698979	16.874218	-8.243814	1.0333148	0.008112907	12.0	1.6375277	0.015360204	2610000	3418.750942468643
87	3.8061638	2.8793483	9.630485	-0.5797036	23.916666	27.775764	130.0	0.0	1000.0	67880.0	0.02571212121212121	0.5045605	0.6880189	3.027976	-1.720317	2.2497146	2.4234693	26.29873	-7.079292	-7.450581e-09	-0.0028645706	0.0	-0.005866147	0.3354763	-0.22185594	21.387363	-10.899619	1.0414277	0.0057663918	2.0	1.6378918	0.0035517775	2640000	3457.2043006420135
88	3.6808856	3.374697	10.79025	-2.40165	39.333332	36.61132	151.0	0.0	1000.0	68887.0	0.025800374531835205	0.38486198	0.6992385	2.8863254	-1.8210281	2.1618793	2.4113238	27.806726	-5.7946362	2.2351742e-08	-0.007295234	2.9802322e-08	-0.018993845	0.3257123	-0.210943	38.756573	-23.200752	1.0471941	0.012837529	4.0	1.638273	0.012144631	2670000	3495.6517577171326
89	3.8004112	1.9988507	7.508909	0.77770704	24.416666	17.837034	66.0	0.0	1000.0	69504.0	0.025742222222222222	0.45759845	0.7338525	2.9886427	-1.5239849	3.2101552	3.8305554	37.893333	-9.292034	0.0	-0.004151212	-1.4901161e-08	-0.0141100325	0.30241096	-0.20299825	23.162262	-13.3716755	1.0600317	0.011572361	6.0	1.6376624	0.012919534	2700000	3534.501665830612
90	4.861336	3.2664568	11.53897	-1.2586001	29.708334	26.255919	88.0	0.0	1000.0	70416.0	0.025793406593406593	0.4349976	0.6515706	2.851011	-1.5168136	2.131509	1.9644902	22.06739	-6.1489477	-5.5879354e-09	-0.0073407274	-1.1175871e-08	-0.022330975	0.30322316	-0.20374864	30.86483	-16.716263	1.071604	0.013178229	7.0	1.6359023	0.016246714	2730000	3573.6677389144897
91	3.7418385	2.2388403	11.210146	0.38253772	24.0	16.350332	57.0	0.0	1000.0	71121.0	0.025768478260869566	0.473025	0.6966207	4.2352314	-1.6586306	2.9192178	3.0849943	28.5838	-7.3959045	-9.313226e-09	-0.0043743327	-1.1175871e-08	-0.009735999	0.29857403	-0.19435252	24.400736	-15.397032	1.0847822	0.011065841	2.0	1.6338443	0.0057754284	2760000	3612.0079889297485
92	4.597628	3.4870784	9.755333	-2.2370868	31.125	27.81683	128.0	0.0	1000.0	71926.0	0.025779928315412187	0.49723938	0.7545954	3.663436	-1.5029736	2.6943777	2.9981272	30.563107	-8.6766	-3.7252903e-09	-0.0017666686	-7.450581e-09	-0.0047320323	0.32320398	-0.22223571	31.03772	-18.413578	1.0958481	0.013278961	1.0	1.6326516	0.0060042124	2790000	3650.596355676651
93	4.535392	3.2366896	11.847548	0.37366122	27.125	26.82709	107.0	0.0	1000.0	72782.0	0.025809219858156027	0.5836825	0.7015831	3.1949003	-1.5164361	2.7378786	3.5737312	31.381393	-7.768704	1.4901161e-08	-0.004861073	7.450581e-09	-0.017880023	0.39560828	-0.2867523	29.39968	-17.704897	1.109127	0.013366103	2.0	1.6319487	0.017066948	2820000	3689.2718839645386
94	4.8663497	2.5783288	9.364628	-0.17147812	25.375	26.979641	94.0	0.0	1000.0	73518.0	0.02579578947368421	0.47744486	0.62553155	3.2299693	-1.3395896	3.4205625	3.0425274	30.03312	-9.598718	3.7252903e-09	-0.002220929	7.450581e-09	-0.008123102	0.31617475	-0.21112366	24.654503	-13.161621	1.1224931	0.012394428	2.0	1.6308601	0.010007704	2850000	3727.944881916046
95	5.5307918	3.3788698	10.826291	0.032665856	23.291666	19.721983	69.0	0.0	1000.0	74287.0	0.02579409722222222	0.52361023	0.6480639	2.7559092	-1.7366256	2.369805	2.1502953	24.71549	-4.386299	7.450581e-09	-0.0067727277	1.4901161e-08	-0.018591018	0.3324346	-0.22373164	29.656681	-13.21096	1.1348876	0.010779023	7.0	1.6295357	0.013635044	2880000	3767.197641849518
96	4.9484324	3.3894293	13.799139	-0.69910604	27.708334	30.231714	125.0	0.0	1000.0	75009.0	0.025776288659793815	0.58164525	0.7009553	2.9966836	-1.595458	2.7654421	2.5335212	22.554121	-4.6087427	-1.7695129e-08	-0.009688295	-3.5390258e-08	-0.024219736	0.32557824	-0.23007572	27.489902	-14.155988	1.1456666	0.011676192	9.0	1.6272744	0.016008351	2910000	3806.3633987903595
97	4.4289165	3.7255461	18.590797	-0.045350008	22.25	16.083765	69.0	0.0	1000.0	75739.0	0.02576156462585034	0.4763159	0.64109576	3.032915	-1.4123431	2.5109696	2.7084076	34.357666	-4.7815084	0.0	-0.0067540808	7.450581e-09	-0.018304016	0.37218493	-0.26541758	20.220428	-9.75291	1.1573428	0.0089432	6.0	1.6304684	0.013700037	2940000	3845.351624727249
98	5.2729573	3.3114126	10.98803	-1.9407064	38.958332	31.36941	105.0	0.0	1000.0	76896.0	0.02589090909090909	0.5108129	0.69940567	3.858505	-1.6709577	2.500132	2.300862	23.40745	-5.689022	-1.4901161e-08	-0.00784312	-1.8626451e-08	-0.022858564	0.39752352	-0.2873907	32.556114	-16.671036	1.166286	0.015893698	6.0	1.6314884	0.020774987	2970000	3884.2529780864716
99	5.600237	3.199739	13.079147	-0.49996224	34.291668	27.903822	115.0	0.0	1000.0	77891.0	0.025963666666666666	0.55524004	0.70074415	3.188246	-1.7058116	3.7682252	3.5393214	30.388247	-6.2124314	1.1175871e-08	-0.0037920116	4.4703484e-08	-0.014691557	0.3566958	-0.2539733	37.040634	-23.02818	1.1821797	0.019205332	2.0	1.6318922	0.015810307	3000000	3922.759257555008
100	6.093052	3.332113	11.224138	-0.81598127	28.458334	29.086048	105.0	0.0	1000.0	78630.0	0.02595049504950495	0.5757146	0.6585004	3.0267866	-1.2777926	2.9489892	3.0552783	38.136982	-7.291071	-3.7252903e-09	-0.0072854357	1.4901161e-08	-0.016548036	0.32279608	-0.2210082	30.918106	-17.78732	1.201385	0.019924045	6.0	1.6318337	0.010221803	3030000	3961.972254514694
101	3.553797	3.449993	12.86234	-2.1771014	32.125	41.458122	174.0	0.0	1000.0	79534.0	0.025991503267973858	0.52457863	0.62942845	3.390139	-1.2812059	2.5041654	3.5398934	45.175682	-14.096781	-1.3038516e-08	-0.010765873	-7.450581e-09	-0.026669929	0.33980745	-0.23890167	42.961067	-29.904772	1.2213091	0.022246242	6.0	1.6311508	0.016871415	3060000	4000.8400297164917
102	5.4231606	2.8636422	10.143529	0.2541372	52.958332	141.52046	720.0	0.0	1000.0	80894.0	0.02617928802588997	0.46018842	0.63970405	2.7046053	-1.4276329	2.6663265	3.322849	33.568043	-10.199595	-7.450581e-09	-0.01303389	0.0	-0.027925799	0.25983816	-0.17251661	187.2201	-168.16838	1.2435553	0.03372073	7.0	1.629189	0.012963293	3090000	4039.7540640830994
103	5.6284194	4.1049275	12.271472	-3.0088024	33.791668	28.100977	98.0	0.0	1000.0	81760.0	0.026205128205128204	0.5199558	0.5932846	2.2706976	-1.3596306	2.7521412	2.9944844	43.128456	-11.058669	-1.1641532e-08	-0.0076978216	-3.7252903e-08	-0.019631336	0.38600907	-0.26349825	35.5581	-20.713514	1.277276	0.034866452	2.0	1.6267815	0.014960779	3120000	4078.3849532604218
104	6.21826	3.515727	13.4148245	-0.32804245	28.333334	26.751427	89.0	0.0	1000.0	82648.0	0.02623746031746032	0.57749075	0.6600387	3.4714794	-1.4330734	2.696871	2.8885753	32.79318	-6.456372	-7.450581e-09	-0.0022930778	-1.4901161e-08	-0.0070692115	0.3461402	-0.2485902	28.677773	-14.883784	1.3121425	0.033601046	1.0	1.6259921	0.010024128	3150000	4116.795783758163
105	4.176759	3.3946722	11.093707	-1.6302385	30.625	29.643454	114.0	0.0	1000.0	83542.0	0.026271069182389938	0.56924117	0.657616	3.533345	-1.2483358	3.262497	3.4750977	34.374527	-8.803092	2.9802322e-08	-0.009153507	5.5879354e-08	-0.022498354	0.3093491	-0.21683094	34.790245	-18.632942	1.3457435	0.03412783	4.0	1.6255989	0.020399643	3180000	4155.890455722809
106	6.5733466	3.1843073	14.52443	0.0003989023	29.916666	23.732744	91.0	0.0	1000.0	84383.0	0.026287538940809967	0.58158815	0.6432506	2.9951293	-1.2831858	3.383486	3.134512	45.855556	-8.0491905	-1.4901161e-08	-0.0039112954	-2.4214387e-08	-0.013107093	0.34944072	-0.23949975	31.581821	-14.687562	1.3798714	0.03370583	2.0	1.6249433	0.016466387	3210000	4194.280588626862
107	5.3072643	3.108069	13.202151	-1.6754682	46.333332	40.878548	144.0	0.0	1000.0	85751.0	0.02646635802469136	0.5591543	0.6632582	3.331147	-1.3490448	3.1875618	2.4573724	27.386534	-6.058626	-1.1175871e-08	-0.009962869	-7.450581e-09	-0.021725085	0.3410154	-0.2464126	52.38171	-25.67809	1.4135772	0.041461468	6.0	1.6246798	0.01582384	3240000	4233.134024858475
108	6.009378	3.5564015	15.230081	-1.2188079	42.333332	25.626593	89.0	0.0	1000.0	86995.0	0.026603975535168196	0.6712374	0.7291836	4.0114565	-1.4364959	4.1555552	3.5604668	31.042109	-6.1254005	-9.313226e-10	-0.0155237205	3.7252903e-09	-0.034386735	0.35167786	-0.2576113	35.748363	-18.329163	1.4550387	0.046366572	6.0	1.6227174	0.021964822	3270000	4272.155713558197
109	5.7429414	4.8660884	15.822988	-1.6775292	37.416668	27.260956	112.0	0.0	1000.0	87971.0	0.02665787878787879	0.65249574	0.69022	3.5416722	-1.2835201	4.149486	3.9025955	31.009787	-6.71918	2.9802322e-08	-0.0037191852	3.7252903e-08	-0.013219841	0.5778465	-0.4347855	27.9657	-13.608997	1.5014052	0.04831028	2.0	1.6226418	0.018744558	3300000	4310.954792976379
110	5.3681545	5.1161985	20.21999	-1.432563	36.166668	19.439363	82.0	8.0	1000.0	89018.0	0.026732132132132134	0.5585314	0.7725555	3.98182	-1.9703802	4.0395665	3.5881264	26.508232	-6.246583	0.0	-0.0042872494	7.450581e-09	-0.016509142	0.402743	-0.30182815	25.81156	-12.914373	1.5497155	0.050001264	3.0	1.6228043	0.024891373	3330000	4350.011794567108
111	6.536865	4.013866	14.354455	-2.4546077	29.125	23.279663	85.0	0.0	1000.0	89897.0	0.026755059523809525	0.6587811	0.76690054	3.3429296	-1.3249835	3.329829	2.9742653	30.982836	-5.534946	1.1175871e-08	-0.009890675	1.4901161e-08	-0.019073617	0.36545968	-0.26351175	27.702133	-11.309554	1.5997168	0.048404694	7.0	1.6235328	0.011937084	3360000	4389.039502620697
112	5.050897	3.214765	12.085392	-0.61815536	49.833332	28.46733	133.0	0.0	1000.0	91349.0	0.02694660766961652	0.61022806	0.70588493	3.5029325	-1.3136461	3.1385791	2.7568915	23.468025	-5.8702526	1.4901161e-08	-0.01305751	1.8626451e-08	-0.030287977	0.35706034	-0.25913686	50.297104	-25.73666	1.6481215	0.055202484	5.0	1.6240556	0.02605414	3390000	4427.926158905029
113	4.889669	3.445074	10.985865	-5.5386043	31.375	27.585945	95.0	0.0	1000.0	92404.0	0.027018713450292397	0.47062775	0.6176242	3.2211683	-1.3085469	4.5355535	3.696358	28.089853	-5.751951	4.656613e-09	-0.0040330687	-9.313226e-10	-0.0085093165	0.3066762	-0.21110761	33.732605	-17.951056	1.703324	0.053569436	2.0	1.624018	0.009708629	3420000	4466.440408229828
114	5.79724	3.6217854	14.002224	0.28098738	38.916668	28.636976	93.0	0.0	1000.0	93588.0	0.027126956521739132	0.52472925	0.65006447	2.9713347	-1.1829553	3.5801973	3.2219856	27.176395	-6.3447356	0.0	-0.0052346177	1.4901161e-08	-0.0148488525	0.2897445	-0.19972287	31.65826	-15.65918	1.7568934	0.05580187	2.0	1.6233346	0.019830376	3450000	4504.854515790939
115	2.8555443	5.3331466	10.43452	-10.92692	21.375	20.252186	71.0	0.0	1000.0	94322.0	0.027104022988505748	0.5157846	0.66100967	2.9821217	-1.3036501	4.1514463	3.801521	32.67794	-4.349339	2.0489097e-08	-0.0030919448	3.5390258e-08	-0.009951953	0.40228194	-0.2985785	28.317505	-18.344246	1.8126953	0.048938632	2.0	1.6228163	0.014654207	3480000	4543.75671339035
116	3.9464395	4.889012	10.766059	-10.852253	35.666668	28.712173	90.0	0.0	1000.0	95503.0	0.02720883190883191	0.38663945	0.7281361	3.1828015	-2.1107452	2.744169	2.9750652	28.752829	-9.296785	1.6763806e-08	-0.0067624403	1.1175871e-08	-0.01406632	0.37645847	-0.25877687	48.889053	-26.788029	1.8616339	0.0503217	4.0	1.6224451	0.015145858	3510000	4582.720040559769
117	4.4979634	3.8224251	13.6515465	-2.6572156	38.083332	26.312096	112.0	0.0	1000.0	96716.0	0.02732090395480226	0.51302993	0.70648116	3.1663265	-2.1704261	3.60051	3.4635723	28.964212	-7.8483257	3.7252903e-09	-0.0069687385	7.450581e-09	-0.01396683	0.3267628	-0.22768794	39.175377	-20.777771	1.9119556	0.05237961	2.0	1.6227739	0.012730556	3540000	4621.480566740036
118	5.159554	3.7212985	11.448643	-6.48718	41.041668	34.50058	136.0	0.0	1000.0	98004.0	0.027452100840336134	0.41797414	0.70073307	2.74099	-2.2943742	4.007722	3.856973	33.396683	-4.9981275	1.1175871e-08	-0.007968258	7.450581e-09	-0.01829942	0.31359637	-0.22322206	54.878696	-33.00659	1.9643352	0.055778503	3.0	1.6232119	0.020786747	3570000	4660.086364030838
119	2.909825	7.2076206	16.519655	-14.722171	38.458332	47.043404	201.0	0.0	1000.0	99098.0	0.027527222222222224	0.36347398	1.0509007	3.1079373	-2.702309	4.167161	4.5129066	39.378292	-6.342182	-9.313226e-09	-0.001974959	-7.450581e-09	-0.012208488	0.4107046	-0.30783838	57.62935	-42.26563	2.0201137	0.05747056	1.0	1.6226113	0.027727934	3600000	4698.617078304291
120	2.7592926	7.3676796	11.313635	-21.300571	32.25	30.050304	135.0	0.0	1000.0	100124.0	0.02758236914600551	0.27417034	0.9505325	3.4574924	-2.8620987	4.0529485	5.6420126	49.512943	-7.9479017	-2.2351742e-08	-0.008904128	-2.9802322e-08	-0.014750313	0.38777465	-0.27498138	48.48266	-32.653374	2.0775843	0.056291103	2.0	1.621717	0.009008132	3630000	4737.541364908218
121	4.672802	4.199855	11.215275	-8.8486805	24.208334	23.764433	84.0	0.0	1000.0	100851.0	0.027554918032786885	0.4582727	0.6845285	2.8769302	-2.4409347	4.1418138	3.9282794	37.501217	-6.312305	4.656613e-09	-0.0035621924	1.1175871e-08	-0.008553917	0.33293688	-0.23863743	30.131123	-16.972607	2.1338754	0.05081725	2.0	1.6208376	0.011478575	3660000	4775.877215385437
122	1.9339491	10.442172	15.279338	-24.715357	25.083334	26.655075	112.0	0.0	1000.0	101565.0	0.02752439024390244	0.2443528	0.9493556	2.9007082	-2.3807669	2.3212674	2.7614906	32.134903	-5.3074927	0.0	-0.004800682	-1.1175871e-08	-0.012485091	0.6144582	-0.47134554	24.928131	-13.078184	2.1846926	0.04634142	3.0	1.6203799	0.02012546	3690000	4814.465403795242
123	3.3771572	6.029332	14.024985	-12.433756	39.916668	37.736935	127.0	0.0	1000.0	102723.0	0.027613709677419353	0.25014645	1.080399	3.047695	-2.7026076	2.5310094	2.9233587	26.16596	-8.689616	-1.8626451e-08	-0.008296197	-4.0978193e-08	-0.014677089	0.43824854	-0.2944162	43.3749	-25.373236	2.231034	0.049854755	2.0	1.6199716	0.01235689	3720000	4852.825007200241
124	0.40209928	8.081822	10.020655	-19.390318	36.833332	35.11489	136.0	0.0	1000.0	103724.0	0.027659733333333332	0.219875	1.0991942	3.1834345	-2.719661	3.1046329	3.8469298	45.085045	-5.7948594	9.313226e-09	-0.0036347734	1.4901161e-08	-0.012879002	0.40068877	-0.27909982	36.241413	-20.58981	2.2808888	0.05158329	2.0	1.6194896	0.029563902	3750000	4891.220782756805
125	2.590173	8.996266	10.955395	-22.897093	34.0	25.555494	83.0	0.0	1000.0	104721.0	0.027703968253968255	0.20291656	1.0176445	3.2045596	-2.7577457	4.1280556	4.251204	34.232754	-7.33898	1.7695129e-08	-0.004495801	2.4214387e-08	-0.013429823	0.31479836	-0.21328828	36.77829	-20.271233	2.332472	0.051735878	2.0	1.618745	0.023910537	3780000	4929.877131700516
126	3.9154418	7.092169	12.139942	-21.283298	15.25	18.00058	60.0	0.0	1000.0	105342.0	0.027648818897637796	0.3282447	1.0204599	2.7583845	-2.8272583	2.8029532	3.2063544	31.640003	-10.598585	-2.6077032e-08	-0.0037282414	-3.3527613e-08	-0.0065878965	0.33695728	-0.24871945	20.65907	-9.697956	2.384208	0.041163683	2.0	1.6180174	0.0084526185	3810000	4968.205666065216
127	1.1030755	8.147646	11.250346	-17.288252	27.041666	25.252853	92.0	0.0	1000.0	106295.0	0.027680989583333333	0.20722216	1.083233	3.0202098	-2.8410456	2.4160879	2.7733831	25.663124	-8.693382	5.5879354e-09	-0.0026599318	1.1175871e-08	-0.015452204	0.421629	-0.28680685	34.38405	-19.649338	2.4253716	0.038468122	1.0	1.6170069	0.046924572	3840000	5006.689549922943
128	4.8287606	4.863153	15.455407	-5.975451	38.25	29.189396	98.0	0.0	1000.0	107260.0	0.02771576227390181	0.37832004	0.8690163	3.8481321	-2.8039196	3.7734058	4.006846	39.18359	-5.999901	0.0	-0.005033341	-7.450581e-09	-0.015251829	0.43331742	-0.33227262	31.204874	-16.163403	2.4638398	0.042143583	2.0	1.6159346	0.028834257	3870000	5045.259605407715
129	5.6721807	2.9035888	11.491485	-1.1595118	24.041666	24.806719	87.0	0.0	1000.0	107970.0	0.027684615384615384	0.56267244	0.69691926	3.3073175	-2.5793386	3.3334565	3.066675	27.085403	-5.9939585	3.7252903e-09	-0.0021717818	0.0	-0.0072027748	0.33252943	-0.24577554	26.451782	-14.098999	2.5059834	0.037669897	2.0	1.6148722	0.017071819	3900000	5083.602509260178
130	5.7307096	3.6350365	14.640967	-0.6818799	32.833332	31.483683	106.0	0.0	1000.0	108919.0	0.027714758269720103	0.58989024	0.6493696	3.0712137	-1.7331945	2.727613	3.0256095	35.43365	-6.1943364	-4.4703484e-08	-0.0048489114	-5.2154064e-08	-0.01564458	0.34298384	-0.24482188	33.14545	-19.505795	2.5436532	0.03854704	2.0	1.6142051	0.03987643	3930000	5122.729432582855
131	7.0931454	4.0903997	17.444874	0.03973711	27.958334	28.92876	115.0	0.0	1000.0	109690.0	0.02769949494949495	0.63148046	0.70952606	3.2105086	-1.4858139	2.9654622	3.2060184	25.497034	-6.984469	-2.6077032e-08	-0.0053324206	-2.2351742e-08	-0.009283712	0.36131388	-0.2580099	29.72025	-17.059673	2.5822003	0.03665328	2.0	1.6137178	0.011320983	3960000	5161.148143053055
132	6.0995803	3.5255866	12.08421	-1.396887	31.708334	22.036861	74.0	0.0	1000.0	110770.0	0.027761904761904762	0.69521105	0.7132147	2.951516	-1.1632864	2.841512	3.1637518	30.104755	-8.759708	-3.7252903e-09	-0.004722588	1.1175871e-08	-0.013236993	0.370694	-0.26795822	32.307236	-17.7625	2.6188536	0.03704071	2.0	1.6133072	0.027856369	3990000	5199.599564313889
133	4.891599	4.099789	13.041611	-7.1081862	27.041666	30.049236	122.0	0.0	1000.0	111657.0	0.027775373134328357	0.73983824	0.68400437	3.3602488	-1.6081892	2.8751578	3.1403496	31.362617	-5.8225617	-2.0489097e-08	-0.003956701	-2.9802322e-08	-0.0121564595	0.40664813	-0.30433887	30.547096	-18.718742	2.6558943	0.034780502	2.0	1.6127045	0.02573313	4020000	5238.459631204605
134	5.6628203	5.441391	17.824026	-10.459081	28.416666	24.55931	90.0	0.0	1000.0	112598.0	0.027801975308641976	0.50075525	0.70408994	2.7806942	-1.6005831	3.2511425	3.4587438	30.312994	-8.992729	-2.6077032e-08	-0.010260101	-3.3527613e-08	-0.030143753	0.5019439	-0.36109623	29.822659	-18.02198	2.6906748	0.033549786	2.0	1.6116495	0.07197076	4050000	5276.878501653671
135	4.3759913	2.26612	8.8219385	1.1528378	42.458332	41.91557	179.0	0.0	1000.0	113930.0	0.027924019607843138	0.5125499	0.6910456	3.3418972	-1.7896699	3.2287877	3.463942	30.355976	-7.898505	-7.450581e-09	-0.0074797613	-1.4901161e-08	-0.022453954	0.34184515	-0.25651017	54.876534	-34.75989	2.7242246	0.04006338	2.0	1.6109083	0.04672032	4080000	5315.550536394119
136	5.389623	3.841637	11.609822	-1.2361928	27.833334	24.444948	85.0	0.0	1000.0	114855.0	0.027945255474452556	0.6058151	0.6989865	3.0405924	-2.0028691	3.518835	4.210621	37.96049	-7.6755514	-2.0489097e-08	-0.00796085	-3.5390258e-08	-0.017594349	0.449988	-0.31821772	29.524986	-18.74426	2.764288	0.037960052	2.0	1.6105924	0.031943433	4110000	5354.153841257095
137	3.9076557	3.129632	10.287825	-2.2330134	28.25	24.82816	93.0	0.0	1000.0	115656.0	0.02793623188405797	0.5224402	0.76991326	3.255927	-1.641178	3.2542171	3.5811148	29.899765	-4.518568	-7.450581e-09	-0.010559946	0.0	-0.023303743	0.37818027	-0.2900576	34.539658	-19.779703	2.802248	0.036286116	2.0	1.610971	0.043042526	4140000	5392.903443098068
138	5.4946365	3.828153	14.086467	-1.8210701	31.666666	38.67888	132.0	0.0	1000.0	116543.0	0.027947961630695444	0.44181618	0.72381437	2.9858322	-1.6984102	2.7689102	2.9089458	31.83026	-6.7476244	2.9802322e-08	-0.008330075	1.4901161e-08	-0.02558643	0.3703922	-0.28010947	43.71003	-25.218079	2.838534	0.03674531	2.0	1.6111233	0.06335174	4170000	5431.504762411118
139	3.2892716	4.3237357	15.509334	-3.6697507	21.0	21.114765	81.0	0.0	1000.0	117319.0	0.02793309523809524	0.48018146	0.7858357	3.3331745	-1.7422556	3.3585188	4.2526245	41.453785	-7.099269	-1.1175871e-08	-0.0048118457	-7.450581e-09	-0.020774413	0.3949197	-0.29367203	29.188917	-17.733366	2.8752794	0.030905485	2.0	1.6115313	0.060862057	4200000	5470.07509636879
140	2.5506403	3.7139006	10.767074	-2.5092268	28.416666	22.434937	78.0	0.0	1000.0	118119.0	0.027924113475177304	0.45447618	0.7941004	3.466207	-1.9977596	2.4141707	2.8765335	34.278706	-6.3896847	0.0	-0.007458746	7.450581e-09	-0.015472852	0.40066582	-0.3053796	25.997719	-14.732653	2.906185	0.030011654	2.0	1.6122944	0.02523863	4230000	5508.989245891571
141	2.8123388	3.2195368	9.772828	-3.1593502	32.541668	24.010378	94.0	0.0	1000.0	119043.0	0.027944366197183098	0.26476106	0.7021307	2.2307675	-2.05502	3.2901917	3.4781616	31.887913	-6.0694942	-2.0489097e-08	-0.0029814937	-2.2351742e-08	-0.015287171	0.36257046	-0.26944625	24.922691	-12.451511	2.9361966	0.031586647	2.0	1.6127863	0.04771194	4260000	5547.588532209396
142	1.8844019	4.0430574	9.407647	-5.490243	29.333334	31.292526	105.0	0.0	1000.0	119751.0	0.027913986013986015	0.3804915	0.7417084	2.4563026	-2.1043723	2.5573578	3.2901864	35.50047	-5.760038	1.3038516e-08	-0.0072361804	1.3038516e-08	-0.016438112	0.36721838	-0.2596529	27.912796	-15.045748	2.9677832	0.03117752	2.0	1.6131545	0.02887934	4290000	5586.089290380478
143	1.5281495	3.8907988	9.623379	-6.0660033	23.75	35.002678	147.0	0.0	1000.0	120372.0	0.02786388888888889	0.2683563	0.76859194	2.6758	-2.1807957	1.9877021	2.6838355	27.539127	-8.2444	3.7252903e-09	-0.0049622464	0.0	-0.012119984	0.3015111	-0.19398066	38.300037	-27.416088	2.9989607	0.027446508	2.0	1.6138301	0.026513074	4320000	5624.648123025894
144	4.3734593	3.35006	11.196251	-1.9727328	28.791666	35.223072	139.0	0.0	1000.0	121262.0	0.02787632183908046	0.20941995	0.7752755	2.4865096	-2.104174	2.9171286	4.7214155	45.500214	-7.174771	5.029142e-08	-0.006690661	6.146729e-08	-0.026368314	0.44698685	-0.3353275	46.323563	-26.620476	3.0264072	0.027130127	2.0	1.6147594	0.077203915	4350000	5663.097367286682
145	1.9559845	4.588002	10.044208	-6.723192	14.666667	22.937717	79.0	0.0	1000.0	121733.0	0.027792922374429225	0.53153795	0.82668287	3.1523309	-2.1580427	1.9094722	2.8113008	31.990877	-6.2304106	9.313226e-09	-0.0016606213	8.8475645e-09	-0.0044865054	0.6041737	-0.4406405	16.230927	-9.5325165	3.0535374	0.018220901	3.0	1.6158283	0.014387647	4380000	5702.313884496689
146	2.9000838	3.1650474	8.421491	-3.1613495	17.958334	20.17936	71.0	0.0	1000.0	122229.0	0.027716326530612245	0.26378837	0.8315831	3.252053	-1.9949934	2.0791292	2.8291593	23.335524	-7.439827	3.7252903e-09	-0.0035991077	-3.7252903e-09	-0.006082785	0.31815735	-0.22072956	19.221592	-11.261153	3.0717583	0.012064695	2.0	1.6171622	0.012812169	4410000	5740.9376084804535
147	3.2742512	2.8755293	10.470076	-2.1608331	25.125	22.491318	73.0	0.0	1000.0	123047.0	0.027713288288288288	0.31856003	0.7775338	2.637289	-1.8699552	2.118359	2.7867694	29.111807	-5.5004168	1.4901161e-08	-0.0063554	2.2351742e-08	-0.013746495	0.33298832	-0.23771025	26.899345	-14.791373	3.083823	0.011024952	3.0	1.6177546	0.025642034	4440000	5779.625779628754
148	3.0076416	4.1765685	10.470796	-6.6499653	29.5	25.275152	84.0	0.0	1000.0	123908.0	0.027719910514541386	0.38895702	0.771798	2.6958086	-1.8561287	2.6635816	3.395382	36.65023	-9.161316	-7.450581e-09	-0.0076617897	-3.7252903e-09	-0.019135391	0.36702627	-0.25965384	34.935726	-22.239223	3.094848	0.012610912	1.0	1.6192552	0.041217573	4470000	5818.037509202957
149	3.4099162	3.117007	8.46721	-2.8796964	38.25	36.79023	141.0	0.0	1000.0	124936.0	0.027763555555555555	0.3542079	0.71652365	3.004639	-1.7002898	3.9847536	4.292773	39.984856	-5.7688913	-1.8626451e-08	-0.00424196	-2.6077032e-08	-0.013782378	0.30783552	-0.2237599	40.641556	-24.276875	3.1074588	0.019343376	1.0	1.6199913	0.034564108	4500000	5856.585131645203
150	3.3928187	2.6732109	9.65272	-0.6897165	23.75	21.391684	79.0	0.0	1000.0	125769.0	0.027763576158940397	0.26195836	0.70452964	2.7138543	-1.9327538	3.394412	3.471878	35.33379	-12.373545	0.0	-0.008186522	0.0	-0.015413646	0.30666542	-0.21203697	27.171509	-14.531286	3.1268022	0.0167768	2.0	1.6202419	0.023509705	4530000	5895.653459072113
151	5.251712	3.8065705	12.604263	-0.8271069	26.541666	29.515505	128.0	0.0	1000.0	126564.0	0.027755263157894738	0.53696954	0.69789875	2.8431094	-1.5664386	2.851186	2.9005146	33.007633	-5.636601	-2.0489097e-08	-0.0022601504	-2.7939677e-08	-0.01994231	0.3786986	-0.25261408	26.851063	-14.8250675	3.143579	0.01608038	1.0	1.6203637	0.078051135	4560000	5934.074166059494
152	0.6557457	4.877391	6.485956	-10.608113	4.6666665	11.703513	55.0	0.0	1000.0	126850.0	0.027636165577342046	0.32244557	0.85766745	3.0465298	-2.0391066	2.07352	2.7225323	26.019222	-6.4708877	3.7252903e-09	-0.0022992818	-7.450581e-09	-0.0052506602	0.5146327	-0.3260116	14.564789	-10.006492	3.1596594	0.0020868778	3.0	1.620333	0.015877778	4590000	5972.958563327789
153	1.8163296	6.230226	9.669776	-10.600952	20.916666	30.058163	121.0	0.0	1000.0	127455.0	0.027587662337662338	0.07149168	0.8830174	2.4060361	-2.6289737	0.8826626	2.2390769	24.33651	-7.086374	-2.9802322e-08	-0.0045580585	-3.7252903e-08	-0.00747752	0.40177804	-0.22553587	31.888123	-26.12719	3.1617463	-0.00063705444	2.0	1.6199701	0.013538114	4620000	6011.627243041992
154	-0.8076918	4.855059	11.657125	-8.841359	19.333334	24.174135	99.0	0.0	1000.0	128038.0	0.02753505376344086	0.0907391	0.9395112	3.048717	-2.4687283	2.1357164	4.5028977	46.786533	-6.5776772	0.0	-0.0084798075	7.450581e-09	-0.01722792	0.38367236	-0.23951536	36.61316	-24.65537	3.1611092	-0.003979683	2.0	1.6192315	0.025910687	4650000	6050.208721399307
155	2.0543554	4.4663506	10.048511	-6.512338	22.375	34.36909	149.0	0.0	1000.0	128678.0	0.027495299145299145	0.17443718	0.85957515	2.7153087	-2.8540752	1.9047165	2.9353464	37.671684	-8.077402	-3.7252903e-09	-0.01936842	-1.4901161e-08	-0.033837825	0.3651596	-0.23133697	41.418755	-28.740768	3.1571295	-0.0050475597	4.0	1.6191715	0.040112294	4680000	6089.536107540131
156	1.5219609	4.2009125	8.73006	-5.7532725	20.333334	18.767584	65.0	0.0	1000.0	129258.0	0.027443312101910828	0.21514131	0.7762969	2.4353986	-2.117071	2.1710582	3.7375867	46.544487	-7.7213507	9.313226e-09	-0.0021287112	1.4901161e-08	-0.011369632	0.3067796	-0.20267409	20.446121	-12.833083	3.152082	-0.0074825287	1.0	1.6205685	0.03515012	4710000	6127.948796749115
157	4.691999	3.997881	12.851006	-4.086609	29.541666	22.518473	102.0	0.0	1000.0	130190.0	0.027466244725738397	0.4082443	0.7854369	2.9539258	-2.1942677	2.5228026	2.8057003	21.395638	-7.5983286	0.0	-0.0031458293	3.7252903e-09	-0.005618979	0.40762997	-0.284194	27.070438	-14.351164	3.1445994	-0.0039355755	2.0	1.6212021	0.009164782	4740000	6166.45054268837
158	2.5614479	4.778092	15.455509	-5.2567706	30.458334	27.666132	83.0	0.0	1000.0	131037.0	0.027471069182389937	0.37738502	0.7985903	2.9565187	-2.3836339	2.6484125	3.0258446	26.34423	-6.4242063	1.4901161e-08	-0.011284385	2.9802322e-08	-0.0198995	0.4393963	-0.30773705	30.714561	-16.658012	3.1406639	-0.00017762184	3.0	1.6214547	0.022532724	4770000	6205.49832201004
159	1.9689862	3.8209867	10.871821	-6.745562	18.958334	18.299543	55.0	0.0	1000.0	131579.0	0.027412291666666668	0.30944246	0.8627069	3.2432184	-2.3590004	2.9989526	3.682881	29.012411	-7.7748103	5.5879354e-09	-0.0061650714	7.450581e-09	-0.016689438	0.41203475	-0.28897095	24.777214	-15.797443	3.1404862	-0.0038173199	3.0	1.6218967	0.043464478	4800000	6244.002717018127
160	1.514131	4.517423	9.841049	-9.341805	13.625	18.172352	58.0	0.0	1000.0	132040.0	0.027337474120082816	0.17974326	0.8551415	2.7825434	-2.4544113	1.9239594	2.431873	28.311735	-8.662885	2.9802322e-08	-0.0027516957	3.3527613e-08	-0.011776177	0.40599272	-0.26427025	13.908002	-8.585418	3.136669	-0.010334492	2.0	1.6221253	0.04120532	4830000	6283.251723051071
161	0.39266887	4.202109	9.981405	-7.680534	16.208334	26.916506	129.0	0.0	1000.0	132447.0	0.027252469135802468	0.20268272	0.8882862	2.9357095	-2.6156464	1.0531207	2.0719807	28.281357	-6.571844	-1.8626451e-08	-0.007086603	-2.2351742e-08	-0.012059635	0.41952	-0.26179832	15.827044	-10.149028	3.1263344	-0.014449596	5.0	1.6220245	0.013655923	4860000	6322.089129209518
162	-0.38998875	5.467382	7.8193755	-10.990598	19.791666	21.779154	82.0	0.0	1000.0	133032.0	0.027204907975460123	0.0021150177	0.8880426	2.3679888	-2.36495	1.3612529	2.6127453	29.098415	-6.8185344	2.7939677e-09	-0.0033734927	5.5879354e-09	-0.009978306	0.35527265	-0.22105922	23.833138	-16.768364	3.1118848	-0.01631093	2.0	1.6220567	0.026578806	4890000	6360.56307053566
163	2.7011116	5.217949	13.477329	-8.444015	23.083334	28.802366	118.0	0.0	1000.0	133770.0	0.027189024390243902	0.09371533	0.8638202	2.5532415	-3.041301	1.9063325	3.4098754	34.951992	-8.091169	-1.8626451e-09	-0.009595363	-5.5879354e-09	-0.018005017	0.39011008	-0.25159013	26.781813	-15.554056	3.095574	-0.01587081	2.0	1.6217825	0.026088003	4920000	6399.322591543198
164	3.6343546	3.3623483	9.201935	-6.173584	21.458334	21.069288	66.0	0.0	1000.0	134472.0	0.027166060606060607	0.29778263	0.88032264	2.9288561	-2.1893067	2.40098	3.233317	36.68638	-8.69817	1.1175871e-08	-0.0065983795	1.4901161e-08	-0.017299386	0.42447263	-0.30761272	29.594044	-17.549427	3.079703	-0.016442776	2.0	1.6210496	0.03332025	4950000	6437.966422557831
165	2.2492254	2.8248909	6.8770547	-5.118187	18.416666	22.323225	75.0	0.0	1000.0	135077.0	0.02712389558232932	0.33086205	0.86348623	2.8404882	-2.4750724	2.6965933	4.011044	34.37759	-8.723675	-1.4901161e-08	-0.004227941	-2.6077032e-08	-0.013301814	0.4049763	-0.29036468	28.079918	-18.813236	3.0632603	-0.018781424	2.0	1.6207595	0.03701765	4980000	6477.236569404602
166	3.4213464	3.9189432	13.306838	-5.48416	19.541666	26.993795	114.0	0.0	1000.0	135679.0	0.027081636726546905	0.33363155	0.7956886	3.3882978	-2.1390786	2.0952692	2.862584	28.958063	-5.5205035	7.450581e-09	-0.0038224368	1.4901161e-08	-0.007557014	0.37173247	-0.27810666	19.822136	-9.710824	3.044479	-0.020174742	3.0	1.6206605	0.016311586	5010000	6515.874554634094
167	3.86646	3.4134665	13.016225	-1.9719155	21.166666	19.167393	71.0	0.0	1000.0	136317.0	0.02704702380952381	0.4005479	0.7720765	3.15597	-1.8253106	2.1604965	2.5940838	20.607141	-7.2966127	2.0489097e-08	-0.0035521188	2.6077032e-08	-0.011212435	0.3802505	-0.27720895	18.413536	-11.548241	3.0243042	-0.020566463	2.0	1.6199585	0.029490441	5040000	6554.609333753586
168	3.231534	3.8080094	11.297828	-2.7317731	21.916666	23.271793	114.0	0.0	1000.0	136885.0	0.026999013806706114	0.38895187	0.7901671	3.0927188	-2.1809294	1.8367345	2.4634197	38.791286	-6.841473	-3.3527613e-08	-0.002864373	-3.7252903e-08	-0.010075416	0.30849507	-0.21369275	17.145721	-9.6984005	3.0037377	-0.020411491	2.0	1.6196544	0.025683781	5070000	6593.194212913513
169	2.331161	3.0499382	10.575456	-3.1947773	23.0	41.37431	200.0	0.0	1000.0	137504.0	0.026961568627450982	0.4013511	0.81521255	2.8098795	-2.0051177	1.715811	2.1761866	20.23924	-7.7440224	7.450581e-09	-0.005004747	2.2351742e-08	-0.012874296	0.4222294	-0.29122785	35.57511	-25.150578	2.9833262	-0.019609451	2.0	1.6197699	0.024716496	5100000	6632.159701824188
170	2.414538	3.207674	10.619678	-2.1732702	20.083334	18.991043	65.0	0.0	1000.0	138027.0	0.026905847953216374	0.27685815	0.7437	2.7387962	-2.0562654	1.5930967	2.8203979	40.751785	-10.192901	-3.3527613e-08	-0.0019442759	-4.4703484e-08	-0.0039214473	0.31736806	-0.21338332	16.134995	-10.627888	2.9637167	-0.020664454	2.0	1.6198472	0.007813309	5130000	6671.366519212723
171	1.255193	4.6163545	8.876018	-8.227156	13.916667	21.375446	64.0	0.0	1000.0	138510.0	0.026843023255813954	0.35136023	0.84918714	3.0918753	-2.1430638	1.7087144	3.0796993	30.121912	-8.733984	-1.4901161e-08	-0.003989157	-1.4901161e-08	-0.013520027	0.4734704	-0.3347465	21.662231	-14.732448	2.9430523	-0.025319576	1.0	1.6196842	0.033827893	5160000	6710.0797917842865
172	2.0495	3.8289177	10.214199	-4.458485	16.125	20.261442	70.0	0.0	1000.0	139060.0	0.02679383429672447	0.24706566	0.87301344	2.9636235	-2.1239069	2.3144217	3.3055086	30.607626	-10.564951	-9.313226e-10	-0.0065591834	-1.8626451e-09	-0.0122549515	0.37279165	-0.24749613	20.721483	-12.737164	2.9177327	-0.028068066	2.0	1.6196344	0.01831431	5190000	6748.716752767563
173	2.2295783	3.5604734	12.398108	-2.8170826	24.458334	24.076231	88.0	0.0	1000.0	139777.0	0.0267772030651341	0.24049717	0.7391256	2.681067	-1.9961929	1.9824398	2.586702	28.220064	-5.3335342	3.7252903e-09	-0.0013887393	1.1175871e-08	-0.007206739	0.33053243	-0.2439823	16.592571	-8.74859	2.8896646	-0.02566266	1.0	1.6194143	0.022862172	5220000	6787.390565156937
174	1.4682728	2.7406664	7.148362	-3.0221436	20.666666	21.713411	73.0	0.0	1000.0	140479.0	0.02675790476190476	0.22805882	0.73756397	2.4955878	-2.0494297	2.181985	2.7453768	29.087624	-8.012891	0.0	-0.0072222557	-7.450581e-09	-0.013774538	0.27369106	-0.19097728	26.804396	-20.364456	2.864002	-0.025641203	3.0	1.6190703	0.01653373	5250000	6826.198398113251
175	1.7522455	3.7178867	9.639632	-4.3289113	23.833334	28.156801	81.0	0.0	1000.0	141237.0	0.026749431818181818	0.25269064	0.83688873	3.2795892	-2.1020758	1.7036228	3.022347	31.253202	-10.077771	1.3038516e-08	-0.007872775	2.0489097e-08	-0.016257852	0.4083321	-0.26118523	37.441277	-24.884521	2.8383608	-0.023846626	2.0	1.6186911	0.023775963	5280000	6865.030606031418
