Epoch	AverageEpRet	StdEpRet	MaxEpRet	MinEpRet	AverageEpCost	StdEpCost	MaxEpCost	MinEpCost	EpLen	CumulativeCost	CostRate	AverageVVals	StdVVals	MaxVVals	MinVVals	AverageCostVVals	StdCostVVals	MaxCostVVals	MinCostVVals	LossPi	DeltaLossPi	SurrCost	DeltaSurrCost	LossV	DeltaLossV	LossVC	DeltaLossVC	Penalty	DeltaPenalty	StopIter	Entropy	KL	TotalEnvInteracts	Time
0	0.83984447	2.2680743	6.999166	-1.7531141	21.583334	24.608461	69.0	0.0	1000.0	713.0	0.023766666666666665	0.6143237	0.55761963	2.049128	-1.151616	-0.4287915	0.115805626	0.08658448	-0.83613455	2.6077032e-08	0.010838603	5.9604645e-08	-0.009844534	0.8144746	-0.6822553	28.774706	-14.960502	0.99999994	-0.031180918	1.0	1.837877	0.04069988	30000	27.447721481323242
1	1.6090895	2.934795	9.456924	-2.3197443	12.375	19.838541	89.0	0.0	1000.0	1083.0	0.01805	0.25074226	0.40875244	1.4871547	-0.99551123	1.4970506	2.3030522	12.489426	-3.7209237	0.0	0.019839164	-1.4901161e-08	0.00039815484	0.18911874	-0.04102421	9.871718	-2.7798598	0.968819	-0.027252078	1.0	1.8377055	0.052688245	60000	53.3357093334198
2	0.47882667	1.9763104	4.3982573	-2.0171068	10.208333	14.665661	52.0	0.0	1000.0	1328.0	0.014755555555555555	0.11130146	0.5246008	1.6272346	-1.372512	1.3408617	1.6258196	13.190796	-3.8843899	-1.0244548e-08	0.0026745903	-7.916242e-09	-0.005289428	0.15300883	-0.02936652	4.804141	-1.3186969	0.94156694	-0.028087795	1.0	1.8383112	0.018252272	90000	79.44158101081848
3	0.44907334	2.5608568	8.911258	-3.3201082	9.041667	13.3275385	42.0	0.0	1000.0	1672.0	0.013933333333333334	0.12568589	0.4541186	1.7066486	-1.1292722	0.86002684	1.4506768	14.1720495	-2.3530633	-6.519258e-09	-0.008894952	-1.4901161e-08	-0.017981917	0.16918662	-0.03447091	8.501771	-3.196702	0.91347915	-0.025017977	75.0	1.8386364	0.012312936	120000	112.34897327423096
4	1.1796893	2.8952334	8.503252	-2.4393897	12.583333	22.819794	102.0	0.0	1000.0	2006.0	0.013373333333333333	0.09232016	0.5569969	1.7944652	-1.4869442	1.6997018	3.8824708	23.438416	-1.7981191	1.1175871e-08	-0.01132223	2.9802322e-08	-0.024037046	0.18382111	-0.036813825	19.175407	-12.537645	0.8884612	-0.024576426	43.0	1.8248007	0.012462875	150000	142.4552936553955
5	3.7468774	3.9497695	14.16307	-1.4315174	12.208333	19.81998	73.0	0.0	1000.0	2361.0	0.013116666666666667	0.28730658	0.5931502	2.1817014	-1.4081017	1.3713673	1.9778658	21.146542	-1.9821093	1.0244548e-08	0.0024940544	1.3504177e-08	-0.0004679677	0.25900292	-0.05519256	7.4123898	-2.6836576	0.86388475	-0.027619064	2.0	1.8119826	0.008441171	180000	169.00982785224915
6	3.1352882	3.0333297	9.060979	-1.5647041	12.333333	18.110004	72.0	0.0	1000.0	2707.0	0.01289047619047619	0.4393635	0.6354529	2.18998	-1.2773434	1.1411599	2.5195107	28.09623	-1.1900969	9.313226e-10	-1.12932175e-05	-5.5879354e-09	-0.0011367451	0.29114667	-0.09505942	7.3820467	-1.9228858	0.8362657	-0.027313232	1.0	1.8112879	0.0066831578	210000	195.3601803779602
7	2.8413455	3.2725215	12.348522	-1.657057	10.125	12.574155	40.0	0.0	1000.0	2963.0	0.012345833333333334	0.2648963	0.60374343	1.8005629	-1.6643084	1.3776747	2.434088	25.336672	-1.6972576	-7.450581e-09	-0.00047765975	-1.1175871e-08	-0.00083785434	0.21168268	-0.047781274	8.541674	-4.600046	0.80895245	-0.027015269	1.0	1.8109758	0.0024328278	240000	221.84676265716553
8	1.9936962	3.2850366	9.819806	-2.3867676	5.7083335	12.531557	46.0	0.0	1000.0	3205.0	0.01187037037037037	0.32154268	0.52593756	2.042087	-1.2885057	0.7405757	0.94533294	19.785707	-1.710692	-5.5879354e-09	-0.00069877994	-2.2351742e-08	-0.00011812674	0.20201908	-0.03824702	6.4363017	-2.8962424	0.7819372	-0.026805103	1.0	1.8107266	0.0011120959	270000	248.4406669139862
9	1.9525579	2.7606316	9.052376	-1.2598442	7.875	13.510221	52.0	0.0	1000.0	3415.0	0.011383333333333334	0.22844458	0.63286054	2.2940452	-1.3748738	1.1028748	2.1900344	24.952732	-1.3200766	-1.8626451e-09	-0.00074363383	4.1909516e-09	-0.0010592926	0.17257077	-0.05134973	5.4640036	-2.4815955	0.7551321	-0.026404083	1.0	1.8105642	0.0043733167	300000	275.39931297302246
10	1.904997	3.0733995	13.326037	-1.8614204	10.708333	10.760573	38.0	0.0	1000.0	3780.0	0.011454545454545455	0.23388785	0.57428765	1.8447305	-1.1472993	1.0064422	1.9948503	24.414562	-1.7119453	1.7695129e-08	-0.00082330825	2.2351742e-08	-0.0011247862	0.15525119	-0.034564998	8.768981	-3.4944787	0.728728	-0.025730014	1.0	1.8104461	0.0015970264	330000	302.12984585762024
11	1.5500802	3.0549037	9.756207	-2.5607362	16.291666	25.517118	95.0	0.0	1000.0	4255.0	0.011819444444444445	0.2284503	0.56254125	1.8343667	-1.1027832	1.2156936	2.0722446	24.61045	-0.97212327	3.7252903e-09	-0.0009197076	1.4901161e-08	-0.0011286298	0.12889354	-0.034980007	13.15054	-5.7955246	0.702998	-0.024383068	1.0	1.8104117	0.0021116743	360000	328.829062461853
12	2.8823736	3.4298239	15.182967	-1.1843934	12.5	13.487649	46.0	0.0	1000.0	4619.0	0.011843589743589743	0.27972996	0.56203187	1.8228778	-1.080938	2.3273911	3.5050936	33.34517	-1.5986562	-1.8626451e-09	-0.0004314616	1.3038516e-08	-0.0012124651	0.17027278	-0.037263475	13.237045	-7.780284	0.6786149	-0.02370435	1.0	1.8102851	0.0016250124	390000	355.600697517395
13	2.4397397	2.6930883	10.576611	-2.005145	12.916667	15.353926	51.0	0.0	1000.0	4978.0	0.011852380952380953	0.29992503	0.5677404	1.8011932	-1.1825825	1.1041719	1.3455753	21.076828	-0.6234825	-3.7252903e-09	-0.0007688603	-7.450581e-09	-0.0007839834	0.14905666	-0.03126642	7.4125457	-1.975971	0.65491056	-0.023000777	1.0	1.8102062	0.0014182746	420000	382.24151730537415
14	3.8595407	3.1474066	10.244141	-0.8570777	19.833334	26.256216	107.0	0.0	1000.0	5619.0	0.012486666666666667	0.29547134	0.5993151	1.7116064	-1.0530467	1.6431658	2.3673592	22.75761	-1.474205	1.1175871e-08	-0.0009337353	2.6077032e-08	-0.00063881185	0.18779044	-0.048708566	25.78528	-13.002198	0.6319098	-0.021234035	3.0	1.8101141	0.0008698836	450000	409.0695004463196
15	4.6801815	3.8699787	14.646955	-1.4414471	19.791666	21.25045	75.0	0.0	1000.0	6168.0	0.01285	0.4526991	0.605451	2.2367277	-1.0161453	3.070384	5.317919	34.98731	-4.1486382	7.450581e-09	-0.0006174664	3.7252903e-08	-0.0011874274	0.21955155	-0.057064984	36.789352	-24.188574	0.61067575	-0.019909322	1.0	1.8091257	0.00150984	480000	435.84604692459106
16	3.0778806	2.9888532	11.036962	-1.3570712	12.958333	18.040417	57.0	0.0	1000.0	6608.0	0.012956862745098038	0.40254658	0.65823895	2.3895764	-1.0496656	1.687478	1.5577987	16.307568	-0.8029927	7.450581e-09	-0.0013142982	1.3038516e-08	-0.0018455293	0.16025352	-0.04722903	12.302673	-3.9880776	0.59076643	-0.01964128	1.0	1.808486	0.0022441968	510000	462.64009189605713
17	3.1884098	3.0324593	9.587198	-0.85897404	11.166667	13.243446	41.0	0.0	1000.0	6926.0	0.012825925925925926	0.2992148	0.589114	1.6670896	-0.9390562	1.4632255	1.8694583	20.570068	-0.7810039	-8.381903e-09	-0.00878448	4.656613e-09	-0.01366109	0.1397626	-0.028745107	7.053525	-1.9611535	0.57112515	-0.01674527	79.0	1.8079252	0.008050416	540000	496.6084785461426
18	4.301317	3.1463208	12.214004	-0.18160579	18.25	20.152025	76.0	0.0	1000.0	7441.0	0.01305438596491228	0.38635844	0.5827233	1.8413503	-0.93748033	1.5707076	1.7777065	21.81477	-0.11480693	0.0	-0.009060551	-1.3038516e-08	-0.015567426	0.18571836	-0.0458734	14.831033	-4.2796865	0.5543799	-0.015061259	79.0	1.7884195	0.008209543	570000	530.5960192680359
19	5.8381104	4.125984	14.318916	-1.1240618	14.291667	11.494488	39.0	0.0	1000.0	7862.0	0.013103333333333333	0.51924753	0.58162093	1.7606581	-1.00647	1.8701748	2.4896977	21.800344	-0.8255513	-8.381903e-09	-0.010844078	-7.450581e-09	-0.021732312	0.2482396	-0.07519296	8.66356	-3.4568777	0.5393186	-0.011002183	79.0	1.7785685	0.009920595	600000	564.5000154972076
20	4.619947	3.7774312	16.356684	-0.35809344	14.916667	18.025253	66.0	0.0	1000.0	8256.0	0.013104761904761906	0.57763624	0.6702635	2.5050192	-1.0417609	1.7622638	1.7195933	17.47084	-0.1749193	7.450581e-09	-0.008803612	0.0	-0.012752454	0.20734137	-0.04806591	7.6258116	-1.8150696	0.52831644	-0.014635265	79.0	1.748716	0.0073744655	630000	598.439172744751
21	6.9477067	2.9324358	12.606133	1.0540133	10.333333	16.244658	60.0	0.0	1000.0	8554.0	0.012960606060606061	0.63497955	0.6364876	2.0828342	-1.0688729	1.2636758	1.5926348	19.59479	-0.61826605	4.1909516e-09	0.010679986	1.5832484e-08	-0.0007932471	0.2083247	-0.056293376	8.223667	-2.2179737	0.5136812	-0.01790312	2.0	1.7304163	0.022757612	660000	625.6300227642059
22	4.93339	3.5234613	14.395274	0.494579	13.041667	18.410774	78.0	0.0	1000.0	8916.0	0.012921739130434783	0.59609646	0.6366275	2.2646947	-1.1572624	1.2145374	1.2016714	14.396428	-1.0590158	0.0	0.020121278	7.450581e-09	-0.0018868865	0.20358095	-0.041576445	9.032014	-3.0694985	0.49577805	-0.01756525	1.0	1.7302152	0.04300052	690000	652.5409832000732
23	6.1635547	2.7251396	10.626947	1.5980688	14.583333	15.518582	53.0	0.0	1000.0	9397.0	0.013051388888888888	0.710791	0.60662466	2.2543993	-1.0862014	1.220088	2.316639	23.09463	-1.5674633	-4.1909516e-09	0.0005899446	1.1641532e-08	-0.002527242	0.21877204	-0.046115868	9.614512	-2.9810758	0.4782128	-0.016923904	1.0	1.7298878	0.007929634	720000	679.3275172710419
24	6.123078	4.3729453	18.436287	0.034489177	21.416666	22.68795	70.0	0.0	1000.0	9956.0	0.013274666666666667	0.6868017	0.6243756	2.1392431	-1.259819	1.8564322	3.3630505	28.028133	-1.2738968	7.450581e-09	-0.00088074384	0.0	-0.00031994225	0.26258546	-0.060606413	18.900375	-9.28844	0.4612889	-0.0154437125	1.0	1.7296922	0.003964256	750000	706.1036024093628
25	6.014927	3.9008038	13.264763	-2.3950427	18.833334	15.488347	52.0	0.0	1000.0	10454.0	0.013402564102564102	0.7389659	0.68470865	2.2960048	-1.2538203	1.898289	1.9492965	29.920967	-0.9646384	9.546056e-09	9.134534e-05	5.5879354e-09	0.0002725497	0.24659601	-0.066198915	9.755764	-3.2031307	0.4458452	-0.014549345	1.0	1.7295212	0.0050538722	780000	733.0573456287384
26	8.064815	3.2837698	14.388345	0.1889697	13.875	11.01254	36.0	0.0	1000.0	10917.0	0.013477777777777778	0.7080948	0.6500096	2.170761	-1.4011815	1.9110563	1.9539746	29.896233	-0.6812984	-3.7252903e-09	-0.0004379552	2.7939677e-08	-0.00057870965	0.2362287	-0.054377824	7.38424	-2.0974658	0.43129584	-0.014359862	1.0	1.7292638	0.0014162248	810000	759.9288649559021
27	8.369788	3.3302655	13.946007	1.1601411	16.416666	17.70338	76.0	0.0	1000.0	11538.0	0.013735714285714285	0.76627296	0.65935874	2.1947448	-1.2821679	1.6957573	1.7223644	16.835932	-0.4212668	1.8626451e-09	-0.0009607142	0.0	-0.00043680333	0.22716177	-0.060370885	12.766553	-4.455695	0.41693598	-0.013860285	1.0	1.7290475	0.0019891816	840000	786.9994328022003
28	6.42769	4.020498	14.4717	-0.5450022	13.25	12.162956	40.0	0.0	1000.0	11925.0	0.013706896551724138	0.8051362	0.66591984	2.3742225	-0.9537998	2.0256402	1.8737575	23.313211	-0.6780224	-7.450581e-09	-0.00066250423	1.1175871e-08	-0.0011663273	0.22321495	-0.04819507	6.1733065	-1.914039	0.4030757	-0.013744295	1.0	1.729115	0.0018222579	870000	813.874748468399
29	8.229196	3.0895011	12.137944	1.7093548	13.041667	19.057981	86.0	0.0	1000.0	12364.0	0.013737777777777778	0.84882706	0.6617874	2.3361192	-1.3287286	1.4058126	1.6825283	20.051668	-0.8561999	-1.3038516e-08	-0.0012674408	-9.313226e-09	-0.0015989202	0.20045817	-0.038255565	6.9398212	-2.3235765	0.3893314	-0.013606876	1.0	1.7291844	0.0024524946	900000	840.822431564331
30	8.551917	3.9552286	14.217267	0.18763496	17.708334	16.346455	70.0	0.0	1000.0	13030.0	0.014010752688172043	0.8316842	0.61626965	2.0900714	-1.1881703	1.7310838	2.8808837	33.584843	-1.4083399	6.519258e-09	-0.0013496688	2.7008355e-08	-0.0014460115	0.22221455	-0.045778967	12.79063	-5.2027845	0.37572452	-0.012942672	1.0	1.7291827	0.003193182	930000	867.7227318286896
31	7.6320324	3.394412	14.612789	1.7000375	15.458333	17.606768	55.0	0.0	1000.0	13527.0	0.014090625	0.7795789	0.6686724	2.2280574	-1.1319622	2.3332522	2.906336	33.770645	-1.4762629	1.0244548e-08	-0.0004391988	1.8626451e-08	0.0008927975	0.19659512	-0.057236373	15.703008	-8.601454	0.36278185	-0.01258862	1.0	1.7293851	0.0017007833	960000	894.7383916378021
32	7.8108077	4.695264	17.752144	0.0013915292	16.958334	20.092451	67.0	0.0	1000.0	14016.0	0.014157575757575758	0.78989226	0.64570254	2.4775608	-1.1105494	1.9034907	2.49111	33.05883	-1.5771472	9.313226e-09	-0.0005656922	2.6077032e-08	-0.0027228398	0.23827203	-0.06713125	11.154476	-5.18066	0.35019323	-0.012086213	1.0	1.7294683	0.0058042663	990000	921.5330440998077
33	8.211125	3.3355224	14.519123	2.3839037	18.041666	19.156113	72.0	0.0	1000.0	14482.0	0.014198039215686275	0.82338643	0.6782663	2.3253603	-1.350299	1.7860807	2.1235871	22.1303	-1.3380557	3.7252903e-09	-0.0005728508	1.3038516e-08	-0.0011273976	0.19479245	-0.050187428	11.4030285	-5.948742	0.33810702	-0.011513174	1.0	1.7295504	0.0031403815	1020000	948.5392425060272
34	7.1035385	3.9554286	14.326033	-0.22458856	17.625	20.647463	89.0	0.0	1000.0	15015.0	0.0143	0.7961243	0.6477685	2.307283	-0.7927259	1.7843132	2.195179	26.826952	-2.0882938	6.519258e-09	-0.000461436	-1.1175871e-08	-0.0011254919	0.19595048	-0.05344756	10.312776	-4.076272	0.32659385	-0.01104027	1.0	1.7296252	0.0011961241	1050000	975.5401055812836
35	9.409639	4.270603	19.176369	1.5702466	14.875	19.596582	77.0	0.0	1000.0	15508.0	0.014359259259259259	0.8112073	0.6323199	2.4405541	-0.9829774	1.672731	2.217343	26.201015	-4.454384	-7.450581e-09	-0.0008015814	-7.450581e-09	-0.0009390507	0.25633445	-0.08377075	11.018917	-4.83961	0.31555358	-0.010864109	1.0	1.729528	0.0011428354	1080000	1002.5080509185791
36	8.688699	3.8694766	13.497869	-0.13729122	19.166666	15.200511	58.0	0.0	1000.0	16050.0	0.01445945945945946	0.9470763	0.6699844	2.6112401	-1.0747068	1.7601706	2.206564	20.580788	-2.0010748	-1.8626451e-09	-0.0006341243	1.8626451e-08	-0.0017188853	0.27428997	-0.070298076	8.878259	-3.7736754	0.30468947	-0.010251224	1.0	1.729391	0.0019852635	1110000	1029.42436337471
37	8.289561	4.1567116	17.693527	0.50354975	18.416666	19.910042	84.0	0.0	1000.0	16578.0	0.014542105263157894	0.94774926	0.69329417	2.4307067	-1.0499306	2.000322	2.3528218	25.11259	-1.8571345	0.0	-0.0011434214	3.7252903e-09	-0.0009660511	0.23185259	-0.059738778	12.942778	-6.7860217	0.29443824	-0.009776562	1.0	1.7293215	0.0034980264	1140000	1056.3305795192719
38	8.071728	3.5985146	14.622376	2.2588441	23.0	20.190756	75.0	0.0	1000.0	17188.0	0.014690598290598291	0.9036811	0.69206476	2.3490088	-1.2766058	2.063148	3.1205907	35.224213	-3.0064642	1.3969839e-09	-0.0008993308	-2.0489097e-08	2.3259781e-05	0.2017057	-0.059582297	11.591362	-5.480695	0.28466168	-0.008873671	1.0	1.7291077	0.003572865	1170000	1083.4371936321259
39	8.301056	4.10173	15.3324175	0.896673	13.916667	15.713361	54.0	0.0	1000.0	17602.0	0.014668333333333334	0.8625719	0.68969136	2.5979857	-0.99026453	1.9116739	1.9802628	20.768555	-5.409204	-1.3038516e-08	-0.00016182358	-3.7252903e-09	0.00036522764	0.20669106	-0.05968988	6.696713	-2.6474307	0.275788	-0.008963585	1.0	1.7287347	0.0012432635	1200000	1110.4984619617462
40	9.003009	3.9025946	17.305315	2.0123458	27.166666	24.646952	99.0	0.0	1000.0	18318.0	0.014892682926829269	0.93531483	0.6522333	2.7879038	-0.8752134	1.9062971	2.7564366	30.317884	-4.258158	-2.7939677e-09	-0.00072781974	-1.3969839e-08	-0.0006418852	0.22836892	-0.07672953	11.77961	-4.7232623	0.26682442	-0.007693231	1.0	1.7282505	0.0024632374	1230000	1137.6077959537506
41	8.01381	3.8312418	16.275415	1.6750476	33.833332	69.64533	355.0	0.0	1000.0	19283.0	0.015303968253968254	0.8682179	0.6891074	2.5405939	-1.1154182	2.2052932	2.7701106	25.250956	-2.484598	-5.5879354e-09	-0.0004468793	-7.450581e-09	-0.00055845454	0.21774955	-0.07610077	85.0499	-69.8669	0.2591312	-0.005843729	1.0	1.7278075	0.00087555306	1260000	1164.4727647304535
42	7.188076	3.7335896	17.414814	0.37573332	24.125	22.482054	62.0	0.0	1000.0	19930.0	0.015449612403100775	0.85175496	0.70868474	2.5779436	-1.0637938	2.656349	3.3873048	69.049995	-0.83434415	-3.7252903e-09	-0.0009854494	-2.2351742e-08	-0.0017716466	0.22375154	-0.06685361	21.418293	-11.118042	0.25328746	-0.005302727	1.0	1.7276046	0.0031274897	1290000	1191.4287135601044
43	9.411831	3.7269545	18.61606	2.0223694	12.625	14.150419	43.0	0.0	1000.0	20338.0	0.015407575757575757	0.89887655	0.6730674	2.693613	-1.1625913	2.1036377	1.9906563	20.44589	-0.9452443	-4.656613e-09	-0.0008282305	1.3038516e-08	-0.00051493896	0.24534991	-0.07031134	7.7726703	-2.127942	0.24798474	-0.0059151202	1.0	1.7271345	0.0015384469	1320000	1218.2324035167694
44	8.164587	3.328852	13.262867	-0.37527803	21.583334	20.812489	73.0	0.0	1000.0	20976.0	0.015537777777777777	0.922571	0.6992055	2.507712	-0.95565134	1.8255541	2.5288432	61.911507	-1.3604759	-1.1175871e-08	-0.0007942221	-9.778887e-09	-8.606742e-05	0.20967011	-0.08044863	15.520238	-6.759387	0.24206962	-0.0056016147	1.0	1.7265434	0.0008895943	1350000	1245.1918528079987
45	8.729335	3.629773	15.6762	0.52905166	25.916666	27.23802	119.0	0.0	1000.0	21707.0	0.015729710144927536	0.92165184	0.6401795	2.6796992	-1.0860301	1.9674633	2.1705368	22.616327	-0.87071764	-9.313226e-09	-0.00024374505	-7.450581e-09	-0.0005538736	0.20053744	-0.07007992	13.98312	-5.521611	0.236468	-0.004897535	1.0	1.7260416	0.0004978494	1380000	1272.216511964798
46	9.735982	3.9959512	16.162983	-0.54527336	18.583334	14.628501	58.0	0.0	1000.0	22195.0	0.01574113475177305	0.9798478	0.6685669	2.3686943	-0.9567335	2.6867838	3.3550696	25.33923	-1.5589136	-7.450581e-09	-0.00064037764	1.4901161e-08	0.00034434	0.24733317	-0.077425234	13.798719	-7.9110394	0.23157047	-0.004982084	1.0	1.7255049	0.000371142	1410000	1299.3278748989105
47	9.237404	4.8131166	17.39135	0.24206255	19.75	21.368298	86.0	0.0	1000.0	22842.0	0.0158625	0.980225	0.7053519	2.5648549	-1.0273234	1.9796625	2.4251401	20.925316	-1.7004381	-1.4901161e-08	-0.0008923982	1.4901161e-08	-0.0008631563	0.21673657	-0.06874246	14.556995	-5.9458556	0.22658838	-0.0049413145	1.0	1.724892	0.0010432836	1440000	1326.4331085681915
48	10.352667	4.882615	18.071945	-0.5901318	18.583334	12.281139	52.0	0.0	1000.0	23376.0	0.01590204081632653	1.0656203	0.66600734	2.4796934	-1.2029507	1.9956849	2.1876566	23.016665	-1.5874708	-1.8626451e-09	-0.00029452424	-7.450581e-09	0.0002911043	0.26165158	-0.08795455	6.638954	-1.8972638	0.22164707	-0.005001843	1.0	1.7241853	0.000771496	1470000	1353.4548246860504
49	8.470098	3.2887342	15.107612	1.3139471	22.333334	23.271345	96.0	0.0	1000.0	24047.0	0.016031333333333335	1.0256728	0.70520955	2.8630018	-1.0874951	2.088978	2.3042238	22.952332	-1.7273701	-3.7252903e-09	-0.0008730872	-2.0489097e-08	-0.00012973754	0.23628107	-0.090978995	15.288928	-6.6709056	0.21664523	-0.004705414	1.0	1.7235961	0.0012992617	1500000	1380.4252696037292
50	9.532043	4.524706	20.311327	0.42209628	28.708334	29.593748	126.0	0.0	1000.0	24883.0	0.016263398692810457	1.0131553	0.66546863	2.5794113	-0.96150964	2.8403358	3.9711895	34.803967	-1.4946173	1.8626451e-08	-0.0012746075	3.7252903e-09	-0.002682035	0.27706626	-0.09449713	26.394184	-14.256977	0.21193981	-0.003841415	1.0	1.7230083	0.0012784211	1530000	1408.0806238651276
51	8.663623	3.1324942	16.347649	3.1278017	29.833334	24.597876	90.0	0.0	1000.0	25717.0	0.01648525641025641	0.9638603	0.6893597	2.667223	-1.0613993	2.7115932	2.91282	18.526518	-1.9222866	1.8626451e-09	-0.000819418	7.450581e-09	-6.683369e-05	0.21771963	-0.081723854	16.87722	-5.3902297	0.2080984	-0.0029774606	1.0	1.7222736	0.00088102947	1560000	1434.9788324832916
52	9.790336	3.5071766	16.164442	2.6602962	17.458334	18.15438	77.0	0.0	1000.0	26237.0	0.01650125786163522	1.0074943	0.6702101	2.693961	-0.97506046	2.59366	2.8443937	27.560019	-1.0623212	6.519258e-09	-0.0069193076	1.1175871e-08	-0.006848521	0.19902603	-0.07258031	11.081958	-4.7875195	0.20512094	-0.0033453107	79.0	1.7214116	0.0051961634	1590000	1469.1438694000244
53	11.340756	3.5989516	16.822609	2.3827834	11.708333	13.523065	41.0	0.0	1000.0	26672.0	0.016464197530864196	1.1147804	0.66428083	2.9800894	-0.87695885	1.8896036	1.9736099	27.145798	-1.6163535	0.0	-0.006683019	3.7252903e-09	-0.004424207	0.21899682	-0.07760067	7.114518	-2.0000196	0.20177563	-0.004581958	79.0	1.6949632	0.004947963	1620000	1503.4087998867035
54	10.262729	3.5716233	17.490343	2.169721	18.708334	13.851831	62.0	0.0	1000.0	27261.0	0.016521818181818183	1.1008196	0.66309094	2.9658518	-0.9318382	1.7003946	2.483759	26.583673	-1.3100842	5.5879354e-09	-0.007489924	1.6763806e-08	-0.0059526535	0.21595752	-0.07967885	8.877922	-3.3702714	0.19719367	-0.0046132654	79.0	1.6725157	0.0055323597	1650000	1537.561017036438
55	11.120865	2.9762547	16.41576	3.3354986	25.166666	17.532509	60.0	0.0	1000.0	28005.0	0.01666964285714286	1.1039263	0.6340867	2.882166	-0.96782535	2.0791805	2.2982244	24.680643	-1.431432	-2.7939677e-09	-0.007487436	-1.8626451e-09	-0.006989627	0.23188075	-0.10141778	12.504353	-4.9490256	0.1925804	-0.004024565	79.0	1.65065	0.0055520562	1680000	1571.916661977768
56	10.192529	3.5913923	16.462746	-0.02128968	22.5	19.851532	81.0	0.0	1000.0	28636.0	0.016746198830409356	1.093003	0.66611505	2.6580324	-0.7986327	2.5710602	2.872877	26.838951	-1.4276972	-8.381903e-09	-0.008995547	3.7252903e-09	-0.013420807	0.21497409	-0.07413651	15.503533	-7.252287	0.18855584	-0.0027845204	79.0	1.6337881	0.006540818	1710000	1606.4128794670105
57	11.255475	4.128	22.561188	5.280673	24.291666	27.280153	123.0	0.0	1000.0	29261.0	0.016816666666666667	1.2073773	0.67678654	2.8958879	-0.9696136	2.2112885	2.766687	31.583687	-1.5717326	-7.450581e-09	-0.007982295	2.0489097e-08	-0.013105726	0.26294905	-0.09578884	15.724253	-7.635198	0.18577132	-0.0022725314	79.0	1.6131648	0.0071349987	1740000	1640.601437330246
58	11.544525	3.1719792	19.508158	4.9410825	26.041666	23.438713	100.0	0.0	1000.0	30034.0	0.016968361581920905	1.172109	0.6356065	2.8526971	-0.8334787	2.2708585	2.9750025	38.065834	-2.063433	-5.5879354e-09	-0.00041004783	0.0	0.00066747813	0.26170662	-0.09926413	12.879087	-6.0788555	0.18349878	-0.0027608424	5.0	1.5946138	0.0057030837	1770000	1668.0896151065826
59	10.830815	4.140523	19.052794	1.2608831	17.541666	17.119625	56.0	0.0	1000.0	30608.0	0.017004444444444444	1.175905	0.6750317	3.2308414	-0.8885498	2.7231472	3.3114467	48.584534	-1.4865041	-7.450581e-09	0.02871058	-7.450581e-09	-0.0014579869	0.24868852	-0.10876365	12.696746	-6.4379296	0.18073794	-0.0031398237	1.0	1.5938083	0.050336078	1800000	1694.8967089653015
60	12.062027	3.4981518	20.249283	3.8723898	22.791666	17.585457	69.0	0.0	1000.0	31317.0	0.017113114754098362	1.2577868	0.61744356	2.9689388	-0.84573066	2.1477425	2.0709846	22.935081	-2.4787686	5.5879354e-09	0.00545586	-3.7252903e-09	0.0004765503	0.31529963	-0.13267037	13.072142	-5.590604	0.17759812	-0.0029668063	1.0	1.5932448	0.014454013	1830000	1721.9801197052002
61	11.787499	3.9800513	19.978525	3.121516	25.333334	20.535875	63.0	0.0	1000.0	32063.0	0.017238172043010754	1.3084836	0.66975707	2.9470348	-1.2622555	2.6291158	2.5861871	23.956165	-0.4331212	-1.1175871e-08	-0.00034449273	1.8626451e-09	-0.00011635781	0.27454716	-0.12308337	11.098707	-3.28516	0.17463131	-0.002585113	1.0	1.5931716	0.0015029854	1860000	1748.9447207450867
62	11.089264	3.6481442	16.709213	3.6744664	25.458334	17.202177	81.0	2.0	1000.0	32801.0	0.017355026455026457	1.1884004	0.6625929	2.6351182	-1.1324502	2.6722803	2.4939451	21.383535	-1.1286759	-7.450581e-09	2.8513256e-05	-1.8626451e-08	-0.000406384	0.21421817	-0.07283131	10.832336	-3.935748	0.1720462	-0.0022429079	1.0	1.5936844	0.0042061266	1890000	1775.9706418514252
63	11.437599	3.5725017	17.737375	3.8582864	20.875	19.17966	71.0	0.0	1000.0	33412.0	0.017402083333333332	1.2176932	0.65717804	3.3317745	-0.9437773	2.7185607	3.020332	45.68714	-1.7170745	-1.8626451e-09	-0.00029320052	3.7252903e-09	-0.00056855567	0.19548705	-0.07857974	15.875646	-8.882567	0.16980329	-0.0023207515	1.0	1.5946782	0.0043004015	1920000	1803.1192827224731
64	10.938141	4.059602	19.827736	4.732383	25.375	18.495073	66.0	0.0	1000.0	34210.0	0.017543589743589744	1.1984046	0.64596236	3.118661	-0.90608984	2.4720647	3.1303349	28.838959	-2.8088725	-3.7252903e-09	0.002884383	1.4901161e-08	-0.00041507976	0.2172684	-0.09051105	15.2991905	-7.993148	0.16748254	-0.0020284653	1.0	1.5955485	0.00988609	1950000	1830.1084055900574
65	10.610124	4.091961	20.463053	0.18500566	25.875	29.007631	131.0	0.0	1000.0	34923.0	0.01763787878787879	1.146179	0.65252197	3.3492951	-0.7368954	2.76924	3.2369187	39.313908	-2.340061	9.313226e-10	0.0020465828	-7.450581e-09	-0.0012013933	0.2835835	-0.12612727	11.031436	-3.7242975	0.16545407	-0.0017317533	1.0	1.596522	0.010823387	1980000	1856.9711608886719
66	9.92705	4.381017	18.382633	3.6298752	21.583334	19.364737	70.0	0.0	1000.0	35488.0	0.017655721393034826	1.1463318	0.68937814	2.7666764	-0.8216929	2.3343651	2.854887	27.599766	-3.0249076	-1.3038516e-08	0.00030129915	-1.8626451e-08	-0.00026513287	0.239531	-0.108538486	7.782563	-3.161078	0.16372232	-0.0018212348	1.0	1.5976506	0.004685312	2010000	1884.2524151802063
67	9.555242	3.3403258	17.353182	4.2388644	20.833334	20.39948	77.0	0.0	1000.0	36200.0	0.017745098039215687	1.0233347	0.65465534	2.738764	-0.96490526	2.1501346	2.5045345	24.622295	-4.0496182	9.313226e-09	0.0012296536	3.7252903e-09	0.00095716584	0.21556932	-0.086943835	12.347203	-6.046142	0.16190109	-0.0019673854	1.0	1.5985867	0.009134566	2040000	1911.2373886108398
68	10.74744	3.484786	18.71112	3.902818	20.25	15.856781	63.0	0.0	1000.0	36728.0	0.017742995169082124	1.0683271	0.60713524	2.6028905	-0.85652226	2.4583201	2.9519198	31.089758	-3.0342042	-3.7252903e-09	-0.0007825403	5.5879354e-09	-0.0006231973	0.2536	-0.11903836	10.970451	-6.0671115	0.1599337	-0.0021377206	1.0	1.5992985	0.00092524	2070000	1938.2469844818115
69	11.887624	3.6424315	19.208471	6.0878725	21.25	17.26328	57.0	0.0	1000.0	37379.0	0.01779952380952381	1.1332011	0.62847334	2.8861415	-0.81803966	1.8880317	2.4632444	22.456234	-3.2482164	2.7939677e-09	-0.00037980813	1.8626451e-09	0.00010597368	0.25066364	-0.112618595	8.847948	-2.646543	0.15779598	-0.0022043139	1.0	1.5999522	0.00068337814	2100000	1965.133490562439
70	10.899203	3.7266173	17.40067	1.2634529	11.416667	16.134634	62.0	0.0	1000.0	37729.0	0.017713145539906102	1.1499273	0.66328216	2.9728832	-0.70369375	2.1312861	2.9594443	27.528078	-3.694904	-4.656613e-10	-0.00065650535	3.1664968e-08	-0.0010280177	0.21874714	-0.09989456	12.74625	-8.379889	0.15559167	-0.002998218	1.0	1.6005018	0.0012672421	2130000	1992.2240087985992
71	11.192497	4.5947976	18.86148	2.0099447	19.041666	14.802814	49.0	0.0	1000.0	38308.0	0.017735185185185184	1.1487902	0.6410709	3.263199	-0.72710925	1.5010941	1.5762997	17.315317	-2.5716622	4.1909516e-09	-0.00066029985	1.1175871e-08	-0.0010700396	0.24835482	-0.10755362	8.215186	-3.0138419	0.15259345	-0.0031184107	1.0	1.6010045	0.0022653118	2160000	2019.2907235622406
72	12.579255	4.1038685	18.862984	1.780401	21.208334	18.999954	75.0	0.0	1000.0	38967.0	0.017793150684931508	1.2245566	0.6440733	2.8102646	-0.8907093	1.9794422	2.0885994	19.39771	-1.4251966	0.0	-0.0014250806	-2.0489097e-08	0.00032156473	0.22388396	-0.0820114	9.200962	-3.35321	0.14947504	-0.0030572116	1.0	1.6017171	0.0025196397	2190000	2046.4364607334137
73	12.2677355	3.998138	21.809113	3.5178316	10.5	10.48014	31.0	0.0	1000.0	39307.0	0.017705855855855854	1.2299292	0.6537454	2.7978845	-0.8246731	2.065383	2.278539	23.207518	-1.1749635	-1.8626451e-09	-0.00056687935	-7.450581e-09	-0.00017224229	0.26638293	-0.12445627	6.788318	-2.6817122	0.14641783	-0.0037371516	1.0	1.6026361	0.0016916664	2220000	2073.59162402153
74	11.54864	4.167808	19.669458	2.2759333	20.833334	19.05839	70.0	0.0	1000.0	39962.0	0.01776088888888889	1.219862	0.6536502	2.6626434	-0.92427343	1.6266104	2.1254568	22.175957	-3.4850488	-7.450581e-09	-0.00035905663	1.8626451e-08	-0.00044563552	0.28961745	-0.13427183	11.154702	-5.0575	0.14268067	-0.0036051124	1.0	1.6035517	0.0007534171	2250000	2100.590861082077
75	11.695384	4.1066637	18.22075	1.512549	28.041666	16.672031	77.0	0.0	1000.0	40872.0	0.017926315789473683	1.2450737	0.7061129	3.343376	-0.83694017	2.607801	2.952495	22.482954	-1.3581963	-3.7252903e-09	-0.0002163304	-2.6077032e-08	-0.00043703578	0.25680175	-0.1283733	15.020857	-7.6121	0.13907556	-0.002972588	1.0	1.6044707	0.0010552384	2280000	2127.6618945598602
76	11.992734	3.847482	18.242165	4.078589	18.916666	19.332436	62.0	0.0	1000.0	41427.0	0.017933766233766232	1.2529037	0.6605456	2.9570568	-0.90927714	2.4560966	2.4264293	29.048422	-2.9609518	-4.656613e-09	-0.00021337584	1.4901161e-08	-0.00085743493	0.2602641	-0.108287975	10.379342	-4.1696506	0.13610297	-0.0030581504	1.0	1.6052482	0.00091480016	2310000	2154.566308259964
77	12.77417	2.6061997	18.21064	5.318141	21.541666	20.558817	87.0	0.0	1000.0	42098.0	0.017990598290598292	1.3039569	0.6575998	2.9819205	-1.0804712	2.0315943	2.472746	28.819471	-1.7911595	-7.450581e-09	-0.0008263221	2.6077032e-08	-0.00022227474	0.2138539	-0.092009366	8.971735	-3.5366206	0.13304482	-0.002949044	1.0	1.6057405	0.0018209661	2340000	2181.7176752090454
78	12.449557	3.1096938	18.043842	4.020973	25.25	24.314348	78.0	0.0	1000.0	42866.0	0.018086919831223628	1.2698399	0.64043784	2.9473588	-0.9615461	2.5718198	3.07665	26.134281	-0.50324166	-8.381903e-09	-0.00019637449	-6.519258e-09	-0.0019023942	0.24698871	-0.10434597	14.170788	-5.100575	0.13009578	-0.0026002675	1.0	1.6061261	0.0015918	2370000	2208.799840450287
79	12.838023	2.553666	17.806616	7.4776287	17.375	15.326482	74.0	0.0	1000.0	43353.0	0.01806375	1.2530719	0.6724042	2.8046336	-1.2816782	2.3308141	2.6156561	31.354616	-0.13076639	-3.7252903e-09	-0.00020189106	1.1175871e-08	-0.00039368693	0.24018462	-0.111539975	7.38906	-2.9744775	0.12749551	-0.0028092936	1.0	1.6065905	0.0009196942	2400000	2235.881178379059
80	12.771477	4.389821	19.451	0.55814046	23.375	21.30691	92.0	0.0	1000.0	43983.0	0.0181	1.3690237	0.7124825	3.1572652	-1.1967661	1.9502753	2.3923004	23.502853	-2.401334	1.4901161e-08	-0.0005630506	-1.1175871e-08	6.270083e-05	0.22977124	-0.08866203	14.027608	-7.683161	0.12468622	-0.0025978312	1.0	1.6070229	0.0018172958	2430000	2263.101912021637
81	11.961675	5.124682	20.680183	1.0185771	27.666666	19.775126	76.0	0.0	1000.0	44749.0	0.018190650406504066	1.3090494	0.6905842	3.0577788	-0.9920565	2.361027	3.2762067	43.211025	-1.9706485	-5.5879354e-09	-0.00050186395	0.0	-0.00013403036	0.26844096	-0.13470604	12.124565	-5.4777794	0.12208839	-0.0021312237	1.0	1.6075842	0.0024244539	2460000	2290.247659921646
82	11.710246	3.953541	18.43055	-0.15780447	40.666668	79.968575	415.0	0.0	1000.0	45858.0	0.018416867469879517	1.2810448	0.69662786	3.311178	-0.9305778	2.7407088	2.9640996	21.84778	-1.4302719	2.7939677e-08	-0.001401339	1.1920929e-07	-0.0013090721	0.25920972	-0.10500469	105.19897	-86.08486	0.119957164	-0.0008613542	1.0	1.608108	0.0029265992	2490000	2317.2178795337677
83	12.1576805	3.1648939	19.168001	7.1641774	21.083334	18.752592	75.0	0.0	1000.0	46476.0	0.018442857142857143	1.2957026	0.63446873	2.819279	-0.919809	3.0289438	4.8081684	80.0619	-1.2957106	-2.7939677e-09	-0.0002111211	1.4901161e-08	-0.000313807	0.23266387	-0.09116288	22.68672	-15.501518	0.11909581	-0.0010184497	1.0	1.6088423	0.00045564648	2520000	2344.3929097652435
84	12.494296	3.4843462	18.13215	4.689184	20.333334	17.79435	73.0	0.0	1000.0	47169.0	0.01849764705882353	1.3588932	0.63970923	3.2966917	-0.7580505	2.3781278	2.1351397	20.721525	-0.015907675	-9.313226e-10	-0.0005830899	2.0489097e-08	0.0004043365	0.24651918	-0.111536905	11.277694	-3.5202203	0.11807736	-0.0012056008	1.0	1.6096942	0.0008886848	2550000	2371.337380170822
85	14.039073	3.1414351	20.354824	7.783926	25.583334	17.96273	67.0	0.0	1000.0	47937.0	0.018580232558139533	1.3920041	0.6006575	3.1076546	-0.77265173	2.6039276	2.4365268	17.745214	-0.5525133	0.0	-0.00032938167	3.7252903e-09	0.0002608843	0.24955891	-0.121035844	9.62576	-3.0098724	0.11687176	-0.0010428056	1.0	1.6106508	0.00044679976	2580000	2398.4373695850372
86	11.779658	3.0434098	17.4486	3.8522286	22.541666	16.43923	57.0	0.0	1000.0	48593.0	0.018618007662835247	1.3661985	0.6290442	2.8021028	-0.83365715	2.5283034	2.2522757	21.669823	0.30363265	1.8626451e-09	-0.0004399561	1.071021e-08	0.0002680882	0.26325285	-0.14601526	9.59807	-2.43103	0.11582895	-0.0010899082	1.0	1.6113255	0.00077222567	2610000	2425.5770540237427
87	13.447873	4.046904	19.377028	4.0156097	28.0	19.815819	72.0	0.0	1000.0	49443.0	0.01872840909090909	1.3235883	0.5934406	2.6985638	-0.92440253	2.4999	2.5442011	17.735464	-1.0001104	-1.1175871e-08	-0.00033461355	4.656613e-09	-8.4923115e-05	0.2468537	-0.10296181	14.848997	-5.201673	0.114739046	-0.00078927726	1.0	1.6119046	0.00058083935	2640000	2452.5925776958466
88	13.102902	4.1402564	19.923418	-0.19112147	22.75	15.155444	44.0	0.0	1000.0	50077.0	0.018755430711610486	1.3324289	0.6519898	2.9710727	-0.94848573	3.0045104	3.3266535	25.823887	-0.526667	1.8626451e-09	-0.0005699659	3.7252903e-09	5.237735e-05	0.22327349	-0.10207548	11.794398	-5.720768	0.11394977	-0.0008506924	1.0	1.6121538	0.00067943824	2670000	2479.654904603958
89	13.693194	2.806262	18.444225	7.979118	25.291666	18.388128	61.0	0.0	1000.0	50825.0	0.018824074074074073	1.4139998	0.6220781	3.2412987	-0.77991706	2.2920322	2.5110726	23.003225	-1.0878187	-8.381903e-09	-0.00070199254	-1.1175871e-08	-0.0005803162	0.2243894	-0.095775336	10.2575245	-2.988939	0.113099076	-0.00074677914	1.0	1.612335	0.0011219113	2700000	2506.7582261562347
90	13.330012	3.0262554	18.667679	6.562739	26.666666	20.440292	75.0	0.0	1000.0	51539.0	0.01887875457875458	1.4077384	0.6265987	3.1808727	-0.78934395	2.5089765	2.594763	21.938282	-1.2406003	-3.7252903e-09	-0.00037809066	-1.3969839e-08	-0.0002023594	0.22517347	-0.09864557	13.031835	-5.1032276	0.1123523	-0.0005683452	1.0	1.6124227	0.00066704315	2730000	2533.7341878414154
91	12.698715	3.8462167	17.50125	0.2148507	20.708334	16.591864	65.0	0.0	1000.0	52145.0	0.018893115942028985	1.3496453	0.6263292	2.9650314	-0.92977417	2.6658344	3.0656796	27.695393	-0.4317518	-7.450581e-09	-0.0077000493	-7.450581e-09	-0.0020968497	0.24156912	-0.106844425	10.596823	-4.2602215	0.11178395	-0.001149185	79.0	1.6123811	0.0051321615	2760000	2568.103415250778
92	13.61468	3.4282992	19.11549	5.893209	26.75	22.544863	74.0	0.0	1000.0	52955.0	0.018980286738351254	1.3156428	0.6366385	2.9304268	-1.0125175	2.4764042	2.8425314	21.804913	-0.5272903	-9.313226e-10	-0.0068475422	9.313226e-10	-0.0040015187	0.28240043	-0.1632052	11.735829	-4.1880302	0.11063477	-0.0009525418	79.0	1.5825944	0.0047171935	2790000	2602.4098846912384
93	12.617389	5.2251306	25.147717	0.27143696	31.5	22.592403	102.0	0.0	1000.0	53908.0	0.01911631205673759	1.4393896	0.699731	3.2292297	-1.0000451	3.2960815	3.186425	21.787542	-1.0933516	-4.656613e-09	-0.007837657	-4.8428774e-08	-0.0047013387	0.24117258	-0.12908265	15.584818	-6.5864244	0.109682225	-0.0005711466	79.0	1.5593886	0.0054605566	2820000	2636.603892326355
94	12.9216	3.5796864	19.246628	5.6395116	28.708334	26.8894	115.0	0.0	1000.0	54780.0	0.019221052631578948	1.3891078	0.6580847	3.23019	-0.9706585	3.2091136	2.9277875	25.497667	-1.495366	1.1175871e-08	-0.007835809	1.3038516e-08	-0.0060639037	0.21491481	-0.10533962	16.064636	-6.3246984	0.10911108	-0.00012549013	79.0	1.5444019	0.0045554973	2850000	2670.8426184654236
95	13.385827	3.367113	22.427952	7.695594	17.25	14.391114	46.0	0.0	1000.0	55223.0	0.019174652777777777	1.3920555	0.62045664	2.9151	-0.99032605	2.6186838	2.6213052	28.047579	0.0462206	-1.6763806e-08	-0.00798405	2.561137e-08	-0.0048422925	0.2129094	-0.09818558	7.5979295	-3.3753238	0.10898559	-0.0007483661	79.0	1.5290911	0.005439261	2880000	2705.1693770885468
96	13.774059	2.972322	19.207136	4.9735622	25.458334	19.608627	91.0	0.0	1000.0	55968.0	0.01923298969072165	1.3990692	0.63629586	3.2872674	-0.844309	1.8911334	2.3624191	24.292027	-0.5133951	-1.21071935e-08	-0.007973667	-1.6298145e-08	-0.0066085346	0.2187154	-0.11028521	11.464331	-3.973984	0.10823722	-0.00049415976	79.0	1.5091109	0.0053159962	2910000	2739.5368568897247
97	13.334134	3.7495294	18.448055	0.48250976	27.791666	26.334356	128.0	0.0	1000.0	56843.0	0.0193343537414966	1.3796538	0.7188988	2.8839695	-0.9931085	2.7320244	2.821402	23.58503	0.104430884	1.6298145e-09	-0.007372914	5.3551048e-08	-0.006900136	0.24501711	-0.13267787	15.210573	-6.020213	0.10774306	-0.0002022013	79.0	1.4958074	0.0052701407	2940000	2773.851884365082
98	13.438838	3.0474527	18.264708	6.3318753	17.125	14.606827	48.0	0.0	1000.0	57508.0	0.019362962962962964	1.4424096	0.65420055	3.036573	-0.88210684	2.726345	3.0407524	24.362568	-1.0329525	-5.5879354e-09	-0.008913094	1.6763806e-08	-0.0061124046	0.281987	-0.14967878	12.312414	-4.7536855	0.10754086	-0.0008990243	79.0	1.4939636	0.0056633963	2970000	2808.1117935180664
99	14.491829	2.8858764	20.47878	8.305729	21.583334	17.370752	62.0	0.0	1000.0	58125.0	0.019375	1.4579161	0.6134706	3.0662823	-0.7095392	2.488299	2.8371804	23.47762	-2.357379	1.0244548e-08	-0.0012993263	-7.450581e-09	-0.002766543	0.2767748	-0.16689408	10.474897	-3.8946633	0.10664184	-0.0007836893	17.0	1.4694299	0.0069127753	3000000	2836.671024799347
100	14.017453	4.0611835	18.98548	-0.20048554	24.458334	13.729466	57.0	0.0	1000.0	58894.0	0.019436963696369637	1.5356351	0.6327805	3.1640081	-0.7560561	2.4378526	2.7090738	25.222635	-1.6554258	7.450581e-09	0.022625457	1.7695129e-08	0.00096586195	0.26413494	-0.14390498	8.550702	-2.5876303	0.10585815	-0.000695765	1.0	1.4666184	0.03843782	3030000	2864.0487909317017
101	13.170409	3.6726851	18.437021	0.81476575	24.958334	20.259727	74.0	0.0	1000.0	59749.0	0.019525816993464052	1.403699	0.69148254	3.1561236	-0.8446858	2.8877835	2.636535	22.38214	-2.4477267	-8.381903e-09	0.0010539972	9.313226e-09	-0.00045273313	0.24232312	-0.1342545	11.769485	-3.8756418	0.10516238	-0.0006146431	1.0	1.4659733	0.004962094	3060000	2891.104458808899
102	12.3009	3.6711783	20.744696	0.2735572	25.083334	21.965725	77.0	0.0	1000.0	60394.0	0.019544983818770227	1.3658835	0.64227426	3.1942358	-0.89186674	2.686789	2.8365598	26.718513	-0.13505363	4.656613e-09	-0.00010931748	-4.656613e-10	0.0012010478	0.20259869	-0.10637557	8.387996	-2.6070266	0.10454774	-0.0005258471	1.0	1.4655066	0.0023665726	3090000	2918.1875705718994
103	14.109619	3.5656197	20.692362	8.145563	20.416666	15.329483	50.0	0.0	1000.0	61110.0	0.01958653846153846	1.3703165	0.5787834	3.477579	-0.6314514	2.3229413	2.909342	29.6383	-0.39208153	4.656613e-09	0.0020185474	-1.1175871e-08	-0.0025748818	0.26700282	-0.13708189	14.224508	-7.315511	0.10402189	-0.0007339269	1.0	1.4654964	0.008978336	3120000	2945.0568108558655
104	12.145405	3.8268797	18.306145	1.3622584	21.5	20.128752	91.0	0.0	1000.0	61801.0	0.01961936507936508	1.3291876	0.70439065	3.3196297	-0.7792258	2.7036517	3.1033273	28.575106	-0.70560956	-1.6763806e-08	-1.9589672e-05	0.0	-5.4152682e-05	0.28307426	-0.1561512	12.141583	-4.688238	0.103287965	-0.0008551851	1.0	1.4659181	0.0049028657	3150000	2972.1768038272858
105	12.60011	3.3108466	18.601486	7.6440253	25.583334	28.291512	121.0	0.0	1000.0	62639.0	0.019697798742138364	1.4002776	0.62799454	3.3369713	-0.9751344	2.5047095	3.006169	36.270374	-1.5797334	-1.9557774e-08	9.165518e-05	-1.21071935e-08	-0.00065313606	0.26786014	-0.15809076	13.96999	-5.694162	0.10243278	-0.0007171035	1.0	1.4664315	0.0019334347	3180000	2999.2578241825104
106	13.102592	5.154999	20.336075	0.87261546	24.5	21.629456	83.0	0.0	1000.0	63406.0	0.01975264797507788	1.3185289	0.6216218	3.038294	-0.84487	2.7332342	3.314702	36.03675	-2.2717614	1.1175871e-08	0.0011480974	3.7252903e-09	-0.0013034735	0.33025438	-0.20479465	11.6866	-5.05446	0.10171568	-0.000664182	1.0	1.467088	0.007844925	3210000	3026.44703745842
107	13.474185	2.0240707	16.702127	9.379369	21.916666	17.59715	66.0	0.0	1000.0	64064.0	0.01977283950617284	1.431751	0.68885696	3.5905306	-0.87152225	2.6188574	2.8673465	28.253605	-1.4254799	-1.0244548e-08	-0.00024491595	-2.4214387e-08	-0.00014369749	0.22729334	-0.12722732	8.042106	-2.9115355	0.101051494	-0.0007708296	1.0	1.4678375	0.0017824096	3240000	3053.507792711258
108	14.204762	3.2549329	19.785831	5.88015	16.416666	11.022388	40.0	0.0	1000.0	64579.0	0.019748929663608562	1.4142867	0.6362518	3.613053	-1.018521	2.0704284	2.228282	18.834007	-1.6597582	-8.381903e-09	-0.000919458	-5.5879354e-09	-0.0007152305	0.27683938	-0.16524816	5.8846655	-1.7416315	0.100280665	-0.0011914149	1.0	1.4683444	0.003094156	3270000	3080.45388007164
109	12.9569435	2.8961754	18.824142	6.8208423	25.416666	16.89654	58.0	0.0	1000.0	65273.0	0.01977969696969697	1.3743626	0.67375547	3.690134	-0.8803691	2.1039639	2.3496482	18.385069	-2.2483232	9.313226e-10	-0.0006583901	0.0	-0.0005371344	0.25731516	-0.15739763	9.566802	-3.4499674	0.09908925	-0.0010332093	1.0	1.4690325	0.0005568435	3300000	3107.5207812786102
110	12.662017	3.3614664	17.024223	3.0636883	21.333334	18.381754	72.0	0.0	1000.0	65973.0	0.019811711711711713	1.3639817	0.64726466	3.2532833	-0.9100286	2.3977873	2.6782508	24.648174	-0.54831207	-2.7939677e-09	-0.00043627602	7.450581e-09	-0.00026346522	0.2547821	-0.1519684	11.374369	-4.525307	0.09805604	-0.0011352077	1.0	1.4699762	0.0037151007	3330000	3134.7300844192505
111	11.193738	4.3295813	18.455654	3.547504	32.083332	22.889074	91.0	0.0	1000.0	66869.0	0.019901488095238094	1.234669	0.6558194	2.9726877	-0.64809877	2.5943422	2.7627494	21.78845	-1.3806355	-7.450581e-09	-0.00084324996	-9.313226e-09	-0.0011942266	0.2710713	-0.15776062	17.671024	-8.446714	0.09692083	-0.0005907193	1.0	1.4710835	0.0044676205	3360000	3161.7734718322754
112	13.293682	4.51798	19.968319	0.5919112	17.208334	20.25253	91.0	0.0	1000.0	67334.0	0.019862536873156342	1.2029544	0.69794214	2.8697832	-0.8795215	2.8468542	3.126062	34.78983	-0.5026933	0.0	-0.00056092464	-5.5879354e-09	-0.001749591	0.29346702	-0.1933001	11.361383	-6.2498374	0.09633011	-0.0009742901	1.0	1.472132	0.0023488144	3390000	3188.9578380584717
113	13.452942	5.2110305	21.00905	0.6545768	33.458332	41.371265	182.0	0.0	1000.0	68231.0	0.01995058479532164	1.3386331	0.6951625	3.0926154	-1.0843437	2.3377278	3.0338054	31.849257	-0.8801568	-9.313226e-09	-0.0009801914	-5.2154064e-08	-3.468548e-05	0.24677329	-0.14887649	39.694782	-29.741251	0.09535582	-0.00037252903	1.0	1.4732254	0.0045566554	3420000	3216.013675928116
114	11.286571	5.012328	18.718945	1.6387273	24.5	20.068632	60.0	0.0	1000.0	68979.0	0.01999391304347826	1.3702121	0.7125607	3.758767	-1.2912463	3.2388768	4.596747	48.96946	-1.4670188	9.313226e-10	-0.0012346859	-1.3038516e-08	-0.0014460413	0.34531474	-0.23199016	21.470375	-13.906562	0.094983295	-0.00036311895	1.0	1.4740896	0.0025997628	3450000	3243.0340147018433
115	13.214765	3.5030494	20.278683	4.1936016	23.083334	15.332201	53.0	0.0	1000.0	69682.0	0.020023563218390803	1.3965564	0.66343063	3.4377832	-0.90272087	2.43591	2.181969	27.119604	-1.1923954	7.450581e-09	-0.00071312196	1.1175871e-08	-0.00019171322	0.28271118	-0.16783962	10.122501	-3.7617278	0.094620176	-0.00043529272	1.0	1.4747045	0.0013716754	3480000	3270.045398235321
116	13.27459	3.661016	19.025944	3.3633118	24.041666	19.225588	64.0	0.0	1000.0	70410.0	0.02005982905982906	1.4250907	0.66342247	3.3901443	-0.9793507	2.5234838	2.6584897	24.715092	-0.51533675	-1.3969839e-08	-0.0005688296	1.4901161e-08	-0.0007307471	0.29210454	-0.17977038	10.679192	-4.335041	0.09418488	-0.0004439503	1.0	1.4751581	0.0007086627	3510000	3297.092387676239
117	12.816485	4.1721134	18.017555	1.864924	32.25	37.670998	197.0	0.0	1000.0	71335.0	0.020151129943502825	1.350682	0.6227819	3.218644	-0.9360194	2.611226	3.0568786	23.063034	-4.1846304	3.7252903e-09	-0.00072643947	-7.450581e-09	-0.002148626	0.278221	-0.16686124	37.044914	-25.247807	0.09374093	2.4095178e-05	1.0	1.4758995	0.0018288423	3540000	3324.278017759323
118	13.22747	4.2505956	23.26512	0.397252	17.333334	17.487297	62.0	0.0	1000.0	71898.0	0.020139495798319328	1.3992084	0.68490416	3.3847098	-1.1336466	3.668105	4.8854537	32.454403	-0.8134084	3.7252903e-09	-0.0011455659	-1.4901161e-08	-0.0008503925	0.26369148	-0.16774425	28.686733	-21.50755	0.09376503	-0.00042111427	1.0	1.4768742	0.0021657438	3570000	3351.302440881729
119	14.333416	3.1558855	20.864296	8.834564	22.125	17.008116	67.0	0.0	1000.0	72679.0	0.020188611111111112	1.4690238	0.61886835	3.0489452	-0.8658566	2.4442194	2.748616	22.035294	-0.9911796	-4.656613e-09	-0.00065718935	-9.313226e-09	-0.00070298323	0.27100724	-0.16593379	10.427083	-2.716053	0.09334391	-0.000542745	1.0	1.4778714	0.0012016591	3600000	3378.528806447983
120	14.130574	3.6750574	20.746994	5.5678983	19.083334	15.700097	61.0	0.0	1000.0	73297.0	0.020192011019283748	1.4618719	0.6625328	3.233519	-0.84871143	2.6105108	2.5659902	21.249092	-0.24209085	0.0	-0.0006898176	-2.4214387e-08	-9.8939054e-05	0.2449502	-0.1298616	9.595978	-2.871056	0.09280117	-0.0008256063	1.0	1.4787502	0.0021501314	3630000	3405.5142192840576
121	13.21357	4.528235	21.993727	0.4769351	25.791666	23.648432	83.0	0.0	1000.0	74096.0	0.0202448087431694	1.4263405	0.62680656	3.3080542	-0.9833511	2.5119107	2.5549295	21.18676	-1.2455928	-1.21071935e-08	-0.00039741257	-2.2351742e-08	0.0002918525	0.27245858	-0.16093539	10.934118	-4.069296	0.09197556	-0.0006946102	1.0	1.479228	0.0039118705	3660000	3432.615552186966
122	13.563202	3.1291292	20.489538	7.167209	22.458334	14.725203	56.0	5.0	1000.0	74810.0	0.020273712737127372	1.3820368	0.6388821	2.9540527	-0.86868227	2.6592543	2.6999903	23.23159	-0.894626	3.7252903e-09	-0.0015253662	-2.2351742e-08	-0.00094877183	0.28640664	-0.17694226	8.245678	-1.9385433	0.09128095	-0.000768058	1.0	1.4795017	0.0028548168	3690000	3459.6157546043396
123	12.527585	3.0889397	16.396072	3.085939	22.375	24.829103	98.0	0.0	1000.0	75554.0	0.02031021505376344	1.4032145	0.67931724	3.2341056	-0.8589381	2.6450465	2.6459239	20.491287	-0.6607134	-1.8626451e-09	-0.00032066953	2.2351742e-08	-0.00087356055	0.29655018	-0.1742304	14.340094	-6.073573	0.090512894	-0.0008358881	1.0	1.4799036	0.0003301424	3720000	3486.6792623996735
124	13.409543	2.6955678	18.622358	8.3552	28.541666	19.672272	73.0	0.0	1000.0	76366.0	0.020364266666666665	1.3150905	0.6515973	3.013354	-1.167319	2.715564	3.3782773	35.81472	-0.18625426	2.3283064e-09	-0.000377959	0.0	-0.00019477634	0.22732837	-0.1316914	10.75216	-3.7742553	0.089677006	-0.0005462691	1.0	1.4805032	0.0009018276	3750000	3513.778701066971
125	13.715057	2.971546	20.256178	6.473783	24.041666	27.22664	116.0	0.0	1000.0	77154.0	0.020411111111111113	1.3492701	0.63217556	3.5467532	-0.94369024	3.0513718	3.5392227	31.35966	0.101747066	1.8626451e-08	-0.0005285158	-1.4901161e-08	-0.0003799986	0.279892	-0.15966955	14.999834	-5.9939957	0.08913074	-0.000543952	1.0	1.4811112	0.0014868831	3780000	3540.8695142269135
126	12.633121	3.0003674	19.97969	7.461658	30.0	20.238165	78.0	0.0	1000.0	78057.0	0.02048740157480315	1.3392378	0.6252108	2.9649935	-0.9990873	2.8271816	3.4111052	30.77765	-0.0067507327	-3.7252903e-09	-0.001346657	-2.4214387e-08	-0.0013572061	0.21948132	-0.12066048	14.123264	-5.3553414	0.088586785	-0.0002053529	1.0	1.4814682	0.003772044	3810000	3568.0390560626984
127	13.82467	3.424265	20.10647	7.2569385	27.125	22.960676	109.0	0.0	1000.0	78854.0	0.020534895833333334	1.3275079	0.64413476	3.0795326	-0.71868294	2.8879008	2.932356	28.030012	0.84277916	1.1175871e-08	-0.0001869332	1.1175871e-08	-0.00012478163	0.2799418	-0.15995148	11.527963	-3.8709188	0.08838143	-6.3076615e-05	1.0	1.4817454	0.00051600044	3840000	3595.0707845687866
128	14.718628	3.1299598	19.902426	7.25942	37.5	26.278952	105.0	0.0	1000.0	79926.0	0.020652713178294573	1.4614873	0.6410512	3.1319773	-0.9112974	3.172707	3.7203052	29.940382	-0.1375607	-1.071021e-08	-0.00059814204	-2.2351742e-08	-9.920006e-05	0.2860952	-0.16343302	12.7214775	-4.468648	0.088318355	0.0006503314	1.0	1.482048	0.001251054	3870000	3622.257259607315
129	14.082211	3.5801547	21.252228	7.122455	24.375	21.136091	70.0	0.0	1000.0	80631.0	0.020674615384615385	1.467419	0.65335745	4.1325297	-0.7913659	3.3627982	3.454146	32.26302	0.33823603	-9.313226e-09	-0.0013418263	0.0	-0.00087549025	0.25575343	-0.15190169	12.244871	-4.488088	0.08896869	0.0005564913	1.0	1.4824663	0.0030137019	3900000	3649.377426624298
130	12.9275055	4.0659437	18.628077	2.7002687	22.666666	20.85599	67.0	0.0	1000.0	81358.0	0.02070178117048346	1.4294112	0.6389541	3.2933893	-0.8065324	2.7979302	3.2453012	26.481226	-0.018896908	3.7252903e-09	-0.00064025074	5.2154064e-08	-4.917383e-06	0.2749014	-0.17119019	11.464697	-5.00679	0.08952518	0.00037205964	1.0	1.4825866	0.0014770774	3930000	3676.2394123077393
131	13.55269	3.797308	22.605492	2.3799236	27.291666	21.115711	85.0	0.0	1000.0	82111.0	0.02073510101010101	1.3963704	0.6708102	3.3385327	-0.7694445	2.554761	2.9276333	24.602154	-0.13407168	7.450581e-09	-0.001112134	-2.2351742e-08	-0.0007824451	0.26243436	-0.16298041	8.98149	-2.8300476	0.08989724	0.00047092885	1.0	1.4826198	0.0015210519	3960000	3703.261321544647
132	13.870946	3.5783365	21.057495	7.5342717	24.416666	17.097555	61.0	0.0	1000.0	82875.0	0.020770676691729325	1.4291183	0.6223021	3.2344406	-0.8541962	2.8981223	3.200237	25.77017	-0.21057984	-1.3038516e-08	-0.0005229742	3.7252903e-09	-0.00048544782	0.31723052	-0.18216819	8.949448	-2.6939754	0.09036817	0.00039362907	1.0	1.4824367	0.001311209	3990000	3730.4009158611298
133	14.182996	3.3671284	20.314896	7.189553	28.541666	16.499949	72.0	8.0	1000.0	83667.0	0.02081268656716418	1.4420552	0.63220304	3.5878792	-0.9751901	2.7318213	2.900083	23.189426	-0.24819317	2.3283064e-09	-0.00086834625	7.450581e-09	-0.0004227045	0.25831002	-0.14428708	9.316942	-2.8764992	0.090761796	0.00056637824	1.0	1.482186	0.0008317466	4020000	3757.4126143455505
134	12.763381	4.1092186	19.946304	1.6062933	29.166666	15.733898	65.0	0.0	1000.0	84487.0	0.020860987654320987	1.4062884	0.6835167	3.4986148	-0.81739324	2.8097463	3.0512955	26.88605	-0.035945594	3.7252903e-09	-0.00058974535	-2.514571e-08	8.408012e-05	0.24906003	-0.13962917	8.665344	-2.589079	0.091328174	0.0007639453	1.0	1.4820923	0.0010371031	4050000	3784.4403491020203
135	13.807433	3.0874329	19.547865	6.465579	30.25	26.088392	86.0	0.0	1000.0	85337.0	0.020915931372549018	1.4411731	0.62015665	3.5859716	-0.6248447	2.9796474	2.7632604	22.113394	-0.17415896	0.0	-0.0008065148	-7.450581e-09	-0.00097544305	0.22203787	-0.12692429	13.143035	-5.8097143	0.09209212	0.0010120124	1.0	1.481982	0.001049331	4080000	3811.598704814911
136	13.089141	3.3573155	19.610533	7.3262973	25.5	21.769627	96.0	0.0	1000.0	86053.0	0.020937469586374696	1.4457872	0.59458405	3.052265	-0.65106994	2.7062685	2.687275	21.855402	-0.087135136	-8.381903e-09	-0.00042814494	1.8626451e-09	-0.00015066541	0.22239745	-0.12965935	9.0428915	-3.1172469	0.09310413	0.00095434487	1.0	1.4817067	0.00038017705	4110000	3838.781021595001
137	13.741719	4.2707496	21.17167	0.65628725	30.416666	24.406141	79.0	0.0	1000.0	86890.0	0.02098792270531401	1.3468004	0.59383273	2.849068	-0.772941	2.7347598	3.2814922	25.098019	-0.40779752	-3.7252903e-09	-0.00075454515	-2.9802322e-08	0.0002678628	0.267485	-0.1565418	12.989191	-5.6215587	0.09405848	0.00120534	1.0	1.4813386	0.0010119458	4140000	3865.8611536026
138	13.430799	2.8666155	17.653877	6.140094	20.5	15.454233	67.0	0.0	1000.0	87528.0	0.020989928057553956	1.5060606	0.6455887	3.5992715	-0.92763615	2.59002	2.8905065	26.589193	-0.9440663	-4.656613e-10	-0.0004059705	-1.3038516e-08	-0.00049216324	0.2676345	-0.14474949	8.639909	-3.3338985	0.09526382	0.00081769377	1.0	1.4810013	0.00052548543	4170000	3892.895895957947
139	14.09386	2.5321515	18.200428	8.15841	27.333334	17.468225	62.0	0.0	1000.0	88345.0	0.02103452380952381	1.4250035	0.66220134	3.1743054	-1.0976679	2.5441449	3.1142159	26.536379	-0.39518404	4.656613e-09	-0.0077720736	-1.071021e-08	-0.004921876	0.27838048	-0.1612212	10.366661	-3.4903173	0.09608151	0.0006845817	79.0	1.4805946	0.0048076995	4200000	3927.3095467090607
140	13.909248	3.2804704	21.789234	7.1266527	23.833334	18.39988	69.0	0.0	1000.0	89027.0	0.02104657210401891	1.4646903	0.64643234	3.3699327	-0.7435838	2.8295557	2.709604	24.430717	-0.28687042	-9.313226e-09	-0.007604621	-7.450581e-09	-0.003906506	0.25475818	-0.14209607	8.4628315	-3.0162058	0.09676609	0.00022181869	79.0	1.4724972	0.0050924597	4230000	3961.560316324234
141	14.295242	2.535105	19.324427	10.207408	20.916666	17.30346	57.0	0.0	1000.0	89658.0	0.021046478873239436	1.4699515	0.6135389	3.322647	-0.9176505	2.449861	2.4625309	25.063696	-1.0257956	-1.0244548e-08	-0.007033536	1.3038516e-08	-0.0013827849	0.24076536	-0.1427643	8.83813	-3.1945567	0.09698791	-0.0002494082	79.0	1.4594342	0.004973991	4260000	3995.8887963294983
142	13.060432	4.502976	18.440107	0.4985124	33.208332	28.120247	114.0	0.0	1000.0	90621.0	0.021123776223776224	1.3768644	0.62541735	2.9881654	-1.1964195	2.318154	3.0382228	24.698921	-3.8727462	-7.450581e-09	-0.007168643	-1.1175871e-08	-0.005686596	0.25928062	-0.16517957	19.740837	-10.380459	0.0967385	0.00061383843	79.0	1.4580662	0.0045104944	4290000	4030.2156023979187
143	14.705022	2.802058	20.200897	10.186383	20.708334	12.1979475	53.0	0.0	1000.0	91287.0	0.02113125	1.4993956	0.6192859	3.4756856	-0.8043658	3.105618	3.0840695	31.869633	-0.029629588	-1.1175871e-08	-0.008298796	-4.656613e-09	-0.006300061	0.2421753	-0.14613986	9.025936	-3.3820024	0.09735234	0.00025887787	79.0	1.4333818	0.0053537986	4320000	4064.784762620926
144	13.428672	4.525881	18.99218	1.1717274	24.916666	18.995432	71.0	0.0	1000.0	92017.0	0.021153333333333333	1.4866555	0.59851426	3.3966339	-0.7551032	2.4066806	2.508969	21.264284	-0.9785452	7.450581e-09	0.0041748313	-7.450581e-09	-0.0025066882	0.26571476	-0.15643916	9.48239	-2.93623	0.09761122	0.0004504472	4.0	1.4124734	0.014612841	4350000	4092.0255477428436
145	13.527707	3.2073414	20.583832	6.8112316	28.625	26.681475	107.0	0.0	1000.0	92920.0	0.021214611872146117	1.4607224	0.6398404	3.215184	-0.85250825	2.7897587	2.836455	25.377266	-1.0480815	1.3038516e-08	0.00082908693	-1.1175871e-08	0.0010211751	0.25329393	-0.15269017	16.810024	-8.402622	0.098061666	0.0006617382	1.0	1.4100335	0.006682443	4380000	4119.188089847565
146	13.340199	3.6131594	19.62492	1.8992869	23.916666	15.16827	61.0	0.0	1000.0	93636.0	0.02123265306122449	1.438206	0.5817749	2.8629324	-0.7044876	3.25007	4.2599354	39.52739	-1.2742622	1.1175871e-08	0.0004117355	-2.9802322e-08	-0.0036986012	0.2588645	-0.15237424	13.381797	-7.243924	0.098723404	0.0005405098	1.0	1.409231	0.0054221563	4410000	4146.328315973282
147	14.837174	3.59353	22.61232	10.081301	20.166666	15.59024	52.0	0.0	1000.0	94240.0	0.021225225225225224	1.4600794	0.5887397	3.053439	-0.8859325	2.447988	2.5139384	19.489975	-0.84515053	1.8626451e-08	-0.00042763958	-7.450581e-09	-0.0015862146	0.25888854	-0.15810786	9.002962	-2.959032	0.099263914	0.00018500537	1.0	1.4088328	0.002103886	4440000	4173.347180843353
148	13.515895	3.5994925	19.104004	3.1055543	47.458332	150.09523	765.0	0.0	1000.0	95487.0	0.021361744966442952	1.424937	0.64663017	3.589883	-0.6456458	2.1354911	2.4114795	21.109753	-1.5577804	3.3527613e-08	0.00038204296	2.682209e-07	-0.0017747469	0.25928885	-0.16286066	222.80415	-200.43832	0.09944892	0.0016372725	1.0	1.4087689	0.0063606338	4470000	4200.552935600281
149	13.961951	2.9066308	20.717775	9.180906	20.791666	21.118671	99.0	0.0	1000.0	96085.0	0.021352222222222224	1.4185218	0.6089621	3.0615823	-0.6480108	2.3629458	3.3355255	67.57881	-3.0986907	-1.8626451e-09	-0.0010084773	-5.5879354e-09	-0.0034502195	0.25457925	-0.15578109	12.375591	-6.4316206	0.10108619	0.0012317672	1.0	1.4092275	0.0019117815	4500000	4227.7466678619385
150	13.360131	2.2865982	18.819864	9.730686	23.25	20.78511	81.0	0.0	1000.0	96756.0	0.021358940397350992	1.472724	0.62691134	3.4456565	-0.61366814	2.2666123	2.5004468	31.351204	-0.70457387	-1.8626451e-09	-0.00063801	-1.7695129e-08	-0.00013580825	0.22771391	-0.14084768	11.761878	-5.239679	0.10231796	0.001019463	1.0	1.409924	0.0009921954	4530000	4255.0929753780365
151	13.518692	3.7011812	19.875957	5.8173366	20.041666	17.789227	56.0	0.0	1000.0	97316.0	0.02134122807017544	1.3702635	0.6175541	3.2323635	-1.064831	2.3526247	2.6581728	42.981236	-2.7313848	-5.5879354e-09	-0.0009279456	-3.585592e-08	-0.0001887781	0.25640997	-0.16000603	10.40823	-4.591098	0.10333742	0.0005999133	1.0	1.4106983	0.0029216981	4560000	4282.180570840836
152	14.025131	2.90376	18.284292	6.121652	27.041666	30.476055	93.0	0.0	1000.0	98160.0	0.02138562091503268	1.4214922	0.6461124	3.0891209	-0.67569	2.2850657	2.707104	21.404943	-3.4431298	-4.656613e-09	-0.0003466195	2.4214387e-08	8.674245e-05	0.27263036	-0.15879618	14.583163	-5.407037	0.103937335	0.00069146603	1.0	1.4117854	0.0004436237	4590000	4309.320487976074
153	13.928848	3.027898	20.375004	5.998488	22.916666	19.878624	89.0	0.0	1000.0	98814.0	0.02138831168831169	1.4266046	0.6556941	3.7108216	-0.86894757	2.8488786	3.1492999	24.94637	-3.9925249	5.5879354e-09	-0.00037106266	-3.7252903e-09	0.0005623372	0.25642338	-0.14978674	10.478493	-4.9579077	0.1046288	0.00049355626	1.0	1.4127258	0.000633772	4620000	4336.561668872833
154	13.156837	2.9013078	18.533798	6.454539	20.333334	19.475767	66.0	0.0	1000.0	99465.0	0.02139032258064516	1.4648548	0.6126372	3.2234116	-0.5413301	2.3193839	2.6311347	31.340862	-3.0040185	-8.381903e-09	-0.00037052832	1.4901161e-08	0.00093112	0.21425486	-0.12115538	8.576287	-3.3508687	0.10512236	0.00013177097	1.0	1.4134758	0.0009999532	4650000	4363.676326990128
155	14.99376	3.2167406	21.610874	7.300987	28.166666	22.146608	85.0	0.0	1000.0	100200.0	0.02141025641025641	1.3998597	0.59661674	3.1771443	-0.7692309	2.2290406	2.3720822	19.840717	-2.5623984	1.8626451e-09	-0.00048502	-2.6077032e-08	-0.0004539668	0.2761977	-0.16343258	10.948973	-3.736642	0.10525413	0.00034694374	1.0	1.413913	0.00026195002	4680000	4390.817405700684
156	12.729411	3.6297202	18.112957	0.23958248	27.416666	21.744572	73.0	0.0	1000.0	101017.0	0.021447346072186835	1.491579	0.6161193	3.6097429	-0.6750465	2.69554	3.3463507	23.571735	-1.9216919	7.450581e-09	-0.0006628528	-2.7008355e-08	0.0007031346	0.2638201	-0.15184386	14.835155	-6.328104	0.10560107	0.0004900694	1.0	1.4141872	0.0013182794	4710000	4417.817070484161
157	12.356181	4.5348997	20.440374	0.8945246	30.083334	31.964714	158.0	0.0	1000.0	101854.0	0.021488185654008438	1.2884544	0.6347355	2.755199	-0.9562727	3.0802536	3.5151536	30.71453	-3.2567072	3.7252903e-09	-0.0006980954	2.2351742e-08	-0.0009478198	0.24816413	-0.14460722	15.259352	-8.106129	0.10609114	0.00080578774	1.0	1.4142182	0.0027902625	4740000	4444.859280586243
158	15.191133	2.635409	20.248972	10.39381	19.125	14.6267805	58.0	0.0	1000.0	102425.0	0.021472746331236896	1.4383123	0.5770179	2.9968534	-0.83913374	2.6890743	2.366838	23.561684	-3.223368	-6.9849193e-09	-0.0005604103	-1.8626451e-09	-0.00038694683	0.2514444	-0.12609395	7.192725	-2.476981	0.10689693	0.00031757355	1.0	1.4140885	0.001140192	4770000	4471.938440084457
159	13.308009	3.7254293	19.174147	2.9607806	30.583334	28.002851	117.0	0.0	1000.0	103344.0	0.02153	1.498603	0.6270214	3.4287555	-0.71379834	2.4274623	2.6207867	18.974066	-2.4402885	3.7252903e-09	-0.00050654716	-1.8626451e-08	-0.00096481293	0.23255405	-0.119050846	16.208006	-7.6648817	0.1072145	0.0006913468	1.0	1.4139239	0.0011031481	4800000	4498.992044210434
160	13.667684	2.5649576	18.702211	8.842877	29.375	25.45881	104.0	0.0	1000.0	104218.0	0.021577225672877846	1.4503906	0.57144946	3.0232556	-0.7601462	3.099628	3.4035966	35.229866	-3.045888	1.1175871e-08	-0.00052655436	4.0978193e-08	0.00015441049	0.24008116	-0.11986379	11.695181	-4.339697	0.10790585	0.0009487793	1.0	1.4138644	0.00035334367	4830000	4526.194974899292
161	13.415261	2.4116027	18.634815	7.476246	33.166668	15.431748	62.0	0.0	1000.0	105127.0	0.021631069958847737	1.45868	0.6075168	3.4629502	-0.6280821	2.9522078	3.0189836	22.803587	-2.018855	-1.3038516e-08	-0.0005078844	9.313226e-09	-4.8650312e-05	0.23447797	-0.114073366	10.708903	-3.743122	0.10885463	0.001458846	1.0	1.4139531	0.00046555127	4860000	4553.398461103439
162	14.393688	3.0703368	19.668404	7.3491383	27.041666	15.276559	53.0	0.0	1000.0	106001.0	0.02167709611451943	1.4149956	0.57582307	3.3996222	-0.7195135	3.3045182	3.007604	23.605627	-2.6739032	-3.0267984e-09	-0.0006196529	2.9802322e-08	0.00027661165	0.23139724	-0.1184015	10.259436	-3.4353905	0.110313475	0.0014866814	1.0	1.4140968	0.0009302001	4890000	4580.593040704727
163	13.559337	3.4112656	19.07524	3.8627603	31.708334	20.241209	83.0	0.0	1000.0	106857.0	0.02171890243902439	1.4444511	0.61348665	2.9429917	-0.5746863	3.193456	2.8765514	23.975851	-2.6431978	0.0	-0.0005621505	9.313226e-09	-0.0005380097	0.24650723	-0.12240635	10.55628	-3.341979	0.11180016	0.0018624738	1.0	1.4142549	0.0008989576	4920000	4607.833535671234
164	14.358382	3.721799	23.37672	8.073573	27.625	28.452904	144.0	0.0	1000.0	107611.0	0.02173959595959596	1.5060434	0.61942595	3.3424904	-0.66960037	2.93956	2.6039715	24.399992	-3.367089	-1.3038516e-08	-0.00021774368	3.7252903e-08	0.00075027347	0.257835	-0.14356944	24.859623	-16.041428	0.11366263	0.001909785	1.0	1.4144075	0.0005986453	4950000	4634.920873880386
165	15.665749	2.9719052	20.738934	8.872491	23.666666	15.101508	53.0	0.0	1000.0	108261.0	0.021739156626506023	1.4964496	0.61097836	3.6417162	-0.92527467	2.859434	3.258107	34.065178	-3.8280911	-1.8626451e-08	-0.0010922146	-7.450581e-09	-0.0011898549	0.2701402	-0.1485975	11.717451	-6.3091507	0.115572415	0.0016485378	1.0	1.4147705	0.0012392659	4980000	4662.092235088348
166	12.973766	4.057746	19.590414	5.972817	29.875	20.345583	73.0	0.0	1000.0	109114.0	0.02177924151696607	1.4737148	0.6761119	3.2791824	-0.72025144	2.3254218	2.9508321	34.816013	-5.4056554	2.3283064e-09	-0.00040119927	7.450581e-09	0.00028284232	0.25335833	-0.15467812	16.86598	-8.094439	0.11722095	0.0018944293	1.0	1.4152408	0.0014115174	5010000	4689.309969902039
167	13.344619	4.170035	19.520885	-0.18086718	24.0	16.010414	56.0	0.0	1000.0	109852.0	0.021796031746031747	1.3833863	0.67805713	3.2154384	-0.88112426	3.3116274	4.0402856	38.35252	-1.9988629	5.5879354e-09	-0.00029402287	5.5879354e-08	-0.00043242145	0.23038895	-0.13553733	13.520515	-6.244489	0.11911538	0.0016557053	1.0	1.4153432	0.0006526652	5040000	4716.563737154007
168	13.832137	3.2193708	18.835827	7.0073385	32.75	23.1809	95.0	0.0	1000.0	110847.0	0.021863313609467454	1.419487	0.60671926	3.2771242	-1.2184256	2.9194248	2.8944237	23.593382	-0.35029513	1.1175871e-08	-0.00082387554	-9.313226e-09	-0.00062873855	0.24464111	-0.14136657	13.147429	-4.4414825	0.12077109	0.0021425635	1.0	1.4153504	0.0012592012	5070000	4743.639281749725
169	13.053767	3.8907828	20.887283	5.8804855	40.166668	29.998148	101.0	0.0	1000.0	112014.0	0.021963529411764705	1.3997579	0.62267345	3.3325787	-0.9379445	3.6158245	3.6154869	26.935293	-0.15369439	1.3038516e-08	-0.00044255354	7.450581e-09	-0.0012875637	0.2573453	-0.1453238	20.624302	-9.349571	0.12291365	0.003190346	1.0	1.4152017	0.0014874947	5100000	4770.961312294006
170	13.462266	3.181615	20.650349	5.8903522	25.25	19.339619	61.0	0.0	1000.0	112701.0	0.021969005847953218	1.3821508	0.62113494	3.24753	-0.8129243	3.4245193	3.179184	45.26245	-2.1189723	-6.519258e-09	-0.00041348673	3.3527613e-08	-0.0006044479	0.21539167	-0.11307654	10.555158	-4.264699	0.126104	0.0029701293	1.0	1.4150198	0.00079668866	5130000	4798.25305557251
171	13.924404	3.0700324	18.941378	6.1093907	29.125	19.002878	59.0	0.0	1000.0	113631.0	0.022021511627906977	1.4499651	0.61217403	3.324194	-0.73037624	3.0178192	3.4195035	39.46257	-3.0711336	1.3969839e-09	-0.0007273351	3.1664968e-08	-0.001008257	0.20993078	-0.11365585	11.969333	-4.0695143	0.12907413	0.003096521	1.0	1.4147868	0.0015345495	5160000	4825.331985235214
172	14.09522	3.2606902	18.212404	7.551027	33.125	20.372189	73.0	0.0	1000.0	114590.0	0.022078998073217726	1.3886164	0.6264449	3.052669	-0.8149964	3.0724168	3.3098958	28.675478	-2.1843219	-5.5879354e-09	-0.00035758282	1.8626451e-09	-0.00042301603	0.22182904	-0.11041435	14.129138	-6.212188	0.13217065	0.0035713464	1.0	1.4145961	0.0002451462	5190000	4852.548640727997
173	15.832057	2.6441162	21.716486	11.856756	22.708334	21.82025	110.0	0.0	1000.0	115379.0	0.022103256704980843	1.4694078	0.6034009	3.4801788	-0.74402934	3.2879126	3.5501463	34.599583	-2.2556396	-6.0535967e-09	-0.0006775574	-7.450581e-09	-0.0009576834	0.27452195	-0.14013481	10.901346	-4.23036	0.135742	0.0030967146	1.0	1.4144044	0.00087059883	5220000	4879.82558131218
174	13.3672285	5.056964	20.563393	-0.18961427	21.916666	20.10787	76.0	0.0	1000.0	115993.0	0.022093904761904763	1.4944062	0.6357919	3.3664083	-1.1386033	2.6858158	2.9776325	28.951927	-2.224204	-3.7252903e-09	-0.0007811382	1.4901161e-08	-0.0012874636	0.2750801	-0.1640749	10.151894	-4.43111	0.13883871	0.002566129	1.0	1.4143167	0.001156858	5250000	4906.931870698929
175	14.554622	3.0403519	21.228945	8.567599	19.875	15.335994	50.0	0.0	1000.0	116916.0	0.02214318181818182	1.5075715	0.61067605	3.304617	-0.6988872	2.200119	2.548461	22.176785	-3.965092	1.8626451e-09	-0.00975528	-7.450581e-09	-0.023709616	0.25696817	-0.14518666	78.15961	-61.91375	0.14140484	0.004696399	79.0	1.4141343	0.0074838805	5280000	4941.251354455948
176	13.15831	4.3727603	19.592037	-2.417017	28.541666	19.578857	81.0	0.0	1000.0	117752.0	0.02217551789077213	1.4676435	0.6495947	3.4131472	-0.8559195	2.6135345	3.2181325	52.45853	-0.9841714	-2.7939677e-09	-0.007440894	3.7252903e-09	-0.008799402	0.21965769	-0.12526801	12.707713	-5.3279324	0.14610124	0.0028603822	79.0	1.398196	0.0052201473	5310000	4975.772197961807
177	13.315234	4.3563595	20.888264	1.4913327	23.708334	18.675919	83.0	0.0	1000.0	118499.0	0.02219082397003745	1.4166815	0.66308403	3.2868853	-1.5285833	3.445078	4.539308	55.121742	-1.5762789	1.2805685e-08	-0.008614028	1.8626451e-09	-0.01176683	0.26218224	-0.16185054	22.650723	-15.808746	0.14896162	0.0026401877	79.0	1.3958142	0.0058644093	5340000	5010.205059766769
178	14.179547	4.00103	20.766684	2.6738102	23.25	25.591747	132.0	0.0	1000.0	119270.0	0.022210428305400372	1.4838232	0.6525958	3.546417	-1.0441034	2.7422662	2.7035465	20.797775	-0.8748825	-5.5879354e-09	-0.007618618	9.313226e-09	-0.008680691	0.25833935	-0.14839679	17.91169	-9.016132	0.1516018	0.0018234104	79.0	1.3727704	0.0053532654	5370000	5044.498128414154
179	14.350937	3.2337954	23.05118	6.5390596	33.333332	21.894953	84.0	0.0	1000.0	120219.0	0.022262777777777777	1.4093	0.685531	3.4012907	-0.768217	2.8079123	3.0365827	22.878653	-1.8449695	9.778887e-09	-0.008247071	-3.3527613e-08	-0.008799923	0.2768814	-0.1630393	12.216829	-3.4341598	0.15342522	0.002485752	79.0	1.3512223	0.005363143	5400000	5078.787009477615
180	14.138767	3.8769987	20.330877	-0.18299782	23.166666	17.084757	57.0	0.0	1000.0	120896.0	0.022264456721915286	1.4828562	0.6793162	3.3938534	-0.9230289	3.805408	5.4049377	40.439243	-0.94322824	3.7252903e-09	-0.009225555	6.7055225e-08	-0.014028944	0.24353106	-0.1447664	33.0714	-25.381754	0.15591097	0.0031773448	79.0	1.3298042	0.0064815287	5430000	5113.236656427383
