Epoch	AverageEpRet	StdEpRet	MaxEpRet	MinEpRet	AverageEpCost	StdEpCost	MaxEpCost	MinEpCost	EpLen	CumulativeCost	CostRate	AverageVVals	StdVVals	MaxVVals	MinVVals	AverageCostVVals	StdCostVVals	MaxCostVVals	MinCostVVals	LossPi	DeltaLossPi	SurrCost	DeltaSurrCost	LossV	DeltaLossV	LossVC	DeltaLossVC	Penalty	DeltaPenalty	StopIter	Entropy	KL	TotalEnvInteracts	Time
0	0.7779074	1.9716078	5.750725	-1.6912328	83.26667	67.13515	208.0	0.0	1000.0	2498.0	0.08326666666666667	0.611177	0.5430859	2.028936	-1.2112343	-0.44123104	0.12094053	0.10231483	-0.845433	-1.5182493e-07	0.02179251	-3.0110678e-07	-0.026654134	0.7690597	-0.6537509	143.57492	-98.1245	0.99999994	0.0320639	1.0	1.837877	0.123662345	30000	59.944398641586304
1	0.37323824	2.1262565	6.1692715	-2.7863333	52.033333	47.081123	158.0	0.0	1000.0	4059.0	0.06765	0.19026196	0.3485811	1.3921783	-0.9465105	4.395308	6.272115	18.253063	-7.09172	1.14977645e-08	0.033314098	-1.0172526e-09	-0.014182209	0.16306446	-0.04787869	29.37116	-6.879904	1.0320638	0.030136228	1.0	1.8381112	0.12692717	60000	119.67339825630188
2	0.050397627	1.4104042	3.7238197	-2.05995	62.333332	69.086586	246.0	0.0	1000.0	5929.0	0.06587777777777777	0.04402869	0.47890225	1.4435571	-1.3475773	5.9056215	4.9249325	19.88165	-2.7232337	2.2933023e-08	-0.0005438154	3.2552084e-08	-0.009010368	0.08224887	-0.048189025	40.64015	-5.404587	1.0622001	0.031109452	1.0	1.8382796	0.017223807	90000	178.72206807136536
3	0.43715325	1.4044129	2.9397373	-1.6478697	100.166664	85.2221	338.0	0.0	1000.0	8934.0	0.07445	0.04846255	0.32517004	0.87805444	-0.90784335	8.558498	6.492201	24.653553	-2.5819783	1.833621e-08	-0.003696108	4.0690104e-08	-0.018545622	0.04711407	-0.005309958	72.32724	-10.589558	1.0933095	0.03218019	2.0	1.83865	0.023831667	120000	237.8064260482788
4	1.3380105	2.3449092	7.3283286	-1.9203694	78.6	63.73309	201.0	0.0	1000.0	11292.0	0.07528	0.07704892	0.34307912	0.91867685	-0.8130316	8.992208	7.074646	30.313135	-5.566981	1.053288e-08	-0.0020491364	1.6276042e-08	-0.01577083	0.13118872	-0.016003095	39.63443	-8.649263	1.1254897	0.03306067	2.0	1.8393319	0.024539657	150000	297.05095291137695
5	0.46167362	2.2312467	6.374013	-2.2798033	59.966667	41.6281	155.0	0.0	1000.0	13091.0	0.07272777777777778	0.0826971	0.35543135	1.3338459	-0.8160966	6.680864	6.2132998	29.967958	-3.2682729	-1.794282e-08	-0.01288669	-3.2552084e-08	-0.030644685	0.122168794	-0.036125243	26.45953	-5.4248695	1.1585504	0.034327388	22.0	1.8400348	0.0130004	180000	358.23237800598145
6	-0.21246943	2.9134493	8.589536	-4.5476375	36.466667	37.778065	119.0	0.0	1000.0	14185.0	0.06754761904761905	0.045708522	0.47355807	1.7347239	-1.1812737	3.9297402	4.950441	29.604446	-1.9528646	-5.1757367e-09	-0.0097245285	-6.1035155e-09	-0.024617992	0.14198558	-0.029079184	17.070368	-2.964448	1.1928778	0.032461524	22.0	1.8491678	0.013353785	210000	419.30633997917175
7	-0.26407167	2.8173862	8.045824	-3.294165	19.166666	18.455503	58.0	0.0	1000.0	14760.0	0.0615	-0.03610216	0.45370838	1.7310491	-1.3374609	1.6093998	3.148398	24.36456	-1.8120188	-8.002744e-09	-0.0007456848	-2.0345052e-08	-0.0017255453	0.15393756	-0.034405045	8.633391	-1.602839	1.2253393	0.026659131	2.0	1.8572016	0.0011535948	240000	478.6727876663208
8	-0.83365756	2.5438352	7.6983304	-5.1827335	22.9	27.49709	105.0	0.0	1000.0	15447.0	0.05721111111111111	-0.011737305	0.47955906	1.8429574	-1.4990121	1.7217633	3.496555	28.58244	-1.2226157	-1.2669574e-08	-0.0012933995	-2.4414062e-08	-0.0027556804	0.15299655	-0.037847154	10.784796	-2.934154	1.2519984	0.02350223	1.0	1.8577578	0.0035818298	270000	537.5211470127106
9	-0.81678647	3.2741096	9.353037	-4.6311245	20.3	22.06075	67.0	0.0	1000.0	16056.0	0.05352	-0.06306163	0.50113463	1.8661155	-1.5782747	2.0104094	3.8975773	29.7125	-1.1310438	5.410147e-09	-0.008617578	4.0690105e-09	-0.018093921	0.1744122	-0.04133624	10.456463	-3.4695482	1.2755007	0.021644235	19.0	1.8580369	0.011831014	300000	598.2386832237244
10	-1.141539	1.9459808	4.34253	-3.3097618	14.533334	16.736654	60.0	0.0	1000.0	16492.0	0.049975757575757576	-0.045220364	0.5336689	1.8526222	-1.5381669	1.0549731	2.47813	24.449905	-1.3693734	4.0690105e-09	-0.01108693	4.0690105e-09	-0.019602416	0.12684314	-0.05240106	5.8048215	-1.318707	1.2971449	0.019341111	36.0	1.8627737	0.011754753	330000	661.3991317749023
11	-0.70563376	1.8766978	2.2722213	-3.7866228	18.966667	26.527325	111.0	0.0	1000.0	17061.0	0.047391666666666665	-0.07723252	0.52034956	1.3635588	-1.7097241	1.8089432	3.006179	28.208809	-0.7604136	1.2712753e-08	-0.0011530572	3.0517577e-09	-0.0016963938	0.10225167	-0.027913481	8.317422	-1.2355337	1.316486	0.014608264	2.0	1.864161	0.001951471	360000	720.3860154151917
12	-0.4680292	3.1020253	10.65745	-3.5145555	16.533333	19.561415	66.0	0.0	1000.0	17557.0	0.045017948717948716	-0.099248715	0.49233034	1.2792712	-1.6190357	1.3521925	2.6461492	23.093815	-0.4869549	-5.802822e-09	-0.00064527494	-1.6276042e-08	-0.0019442993	0.14453994	-0.0472747	7.298445	-0.9519901	1.3310943	0.011900663	1.0	1.8642898	0.006284201	390000	779.4900233745575
13	0.47449976	3.3132694	8.774813	-4.1956744	20.833334	22.730425	89.0	0.0	1000.0	18182.0	0.04329047619047619	0.0835096	0.5585776	2.194452	-1.272985	1.8168385	2.9006922	25.310888	-0.660643	-1.3025029e-09	-0.011792314	0.0	-0.022933967	0.14114489	-0.03434129	8.080176	-2.0167642	1.3429949	0.013267517	36.0	1.8644073	0.013261938	420000	842.2057127952576
14	1.1746749	2.8287268	7.9177995	-3.7921402	21.333334	23.374249	96.0	0.0	1000.0	18822.0	0.041826666666666665	0.08381716	0.5755992	2.0767214	-1.5681031	1.9386584	2.777032	23.849094	-1.0385817	4.0042947e-09	-0.001719712	1.2207031e-08	-0.0025624307	0.15006828	-0.03506265	12.386167	-2.897213	1.3562624	0.009017944	2.0	1.8608527	0.0024752724	450000	901.171350479126
15	-0.45071298	1.8021022	3.0785441	-2.8827968	13.433333	16.86749	64.0	0.0	1000.0	19225.0	0.040052083333333335	0.011706094	0.54601336	2.0378804	-1.5076858	1.3464823	2.5983398	23.971674	-1.4465642	1.2756877e-08	-0.007040071	1.5767416e-08	-0.012425067	0.0901875	-0.025986396	7.0739865	-1.8362427	1.3652804	0.007420659	16.0	1.8607316	0.009681734	480000	961.9178140163422
16	1.6786565	2.9513917	7.942491	-3.251559	28.9	24.227188	107.0	0.0	1000.0	20092.0	0.03939607843137255	0.09868531	0.5093265	1.5257457	-1.5453949	2.4518244	2.7437246	26.734299	-1.0343072	-8.4169416e-10	-0.0076512475	-1.6276042e-08	-0.016197931	0.15379828	-0.054586843	14.516208	-2.65137	1.372701	0.006804824	11.0	1.8569586	0.013879409	510000	1021.9304020404816
17	0.88797325	2.5601945	5.838353	-3.6146412	23.0	28.08321	114.0	0.0	1000.0	20782.0	0.038485185185185185	0.16455097	0.55135924	1.7199314	-1.365878	2.1432786	2.7758112	22.618828	-1.0340011	2.4851263e-09	-0.004491202	1.4241537e-08	-0.0123626115	0.1239263	-0.03543906	14.141677	-4.051608	1.3795059	0.0057621	6.0	1.8549798	0.007032301	540000	1081.663745880127
18	0.08692841	3.2136276	7.666542	-3.7596822	14.5	23.5411	98.0	0.0	1000.0	21217.0	0.03722280701754386	0.04239343	0.55711585	1.8316722	-1.5480288	1.3898252	2.8217058	26.781778	-1.0964416	2.4323437e-08	-0.0014757278	5.2897136e-08	-0.0024424153	0.108709455	-0.036521517	9.91918	-3.4435587	1.385268	0.003350377	1.0	1.852371	0.00090017484	570000	1141.0552968978882
19	0.4812958	3.1033041	9.588798	-3.9522555	10.033334	15.0144005	54.0	0.0	1000.0	21518.0	0.03586333333333333	0.07868301	0.54553455	1.78844	-1.5844284	1.0019569	2.355551	23.334435	-3.5157113	-2.175772e-09	-0.0010545619	-8.138021e-09	-0.0017722473	0.124387756	-0.039923795	5.4364495	-1.3653989	1.3886184	0.0007824898	1.0	1.8514671	0.0043398044	600000	1199.9539632797241
20	1.4898313	3.8021595	11.907384	-3.0700688	12.433333	17.764542	60.0	0.0	1000.0	21891.0	0.03474761904761905	0.095145874	0.5870778	2.322119	-1.5779233	1.0739503	2.3845484	27.786627	-2.0288877	-4.747831e-10	-0.0004949483	-8.138021e-09	-0.0006097326	0.1809894	-0.062123805	7.4290133	-2.3072228	1.3894008	-0.0011844635	1.0	1.8507524	0.0014951528	630000	1259.0074877738953
21	0.35428444	2.6729214	8.395489	-3.7593338	8.566667	11.84816	42.0	0.0	1000.0	22148.0	0.03355757575757576	0.13270319	0.63448274	2.3672445	-1.8391424	1.1327984	2.0153534	26.2611	-0.58825296	9.220248e-10	-0.001305805	3.0517577e-09	-0.0019378031	0.1353765	-0.044555284	4.579604	-1.4901145	1.3882164	-0.0034246445	3.0	1.8500992	0.0012013069	660000	1317.8864715099335
22	2.001992	3.4885857	10.540747	-2.4853027	13.366667	14.402508	48.0	0.0	1000.0	22549.0	0.032679710144927536	0.147812	0.6012021	2.0423198	-2.0760956	1.170835	2.2862353	25.987661	-0.9412731	5.513799e-09	-0.0011863732	1.8310548e-08	-0.0013608235	0.14893281	-0.041316524	7.069968	-2.0373101	1.3847917	-0.004968524	1.0	1.8490442	0.0030967447	690000	1377.001350402832
23	1.1375684	3.0573826	9.063016	-3.4789295	10.5	12.771713	48.0	0.0	1000.0	22864.0	0.03175555555555556	0.19580519	0.63164234	2.087935	-1.9334961	1.046188	2.066282	24.051767	-2.1553645	2.69724e-09	-0.0009116481	-5.086263e-10	-0.0017417633	0.13522199	-0.03321936	5.048625	-1.5514395	1.3798232	-0.0066974163	1.0	1.8486992	0.001873833	720000	1436.2910196781158
24	0.644559	1.9676332	5.0644445	-3.2022653	13.433333	15.717684	64.0	0.0	1000.0	23267.0	0.031022666666666667	0.12830833	0.5830259	2.1255047	-1.9326773	0.8600266	1.6618543	19.036953	-1.2005752	-9.839787e-09	-0.0009775676	-2.4414062e-08	-0.00064127706	0.113188915	-0.041203998	5.9395027	-2.0723214	1.3731258	-0.007840872	1.0	1.8484924	0.0017669274	750000	1495.6956305503845
25	1.3036081	2.9108012	9.005487	-2.0670657	14.666667	19.368935	74.0	0.0	1000.0	23707.0	0.030393589743589744	0.10821327	0.5491527	1.7812985	-2.0403302	1.4265683	2.519087	25.656418	-1.2044297	-1.1975281e-08	-0.00952795	-1.6276042e-08	-0.017539676	0.12950623	-0.037683904	8.136073	-3.0718002	1.3652849	-0.0043370724	57.0	1.8484004	0.012058751	780000	1560.2098488807678
26	1.9704572	3.495453	10.850947	-2.894928	13.233334	15.219907	45.0	0.0	1000.0	24104.0	0.029758024691358024	0.24194367	0.6032699	1.7036177	-1.7943449	1.6204259	2.6060824	20.904566	-1.222445	6.150686e-09	-0.0015771516	1.6276042e-08	-0.0025315613	0.14050634	-0.046495356	8.232266	-4.357548	1.3609478	-0.009404421	2.0	1.8426709	0.0018568578	810000	1619.6108903884888
27	2.3494382	2.6940193	10.278281	-1.6694835	14.7	18.486301	80.0	0.0	1000.0	24545.0	0.029220238095238094	0.2520118	0.60925543	1.6346552	-1.9009591	1.287617	1.9932512	21.066824	-1.1977952	-1.3710047e-08	-0.0030970236	-2.009074e-08	-0.006153788	0.124501124	-0.03583461	7.507633	-2.7113514	1.3515434	-0.009670258	7.0	1.8424866	0.007070311	840000	1679.7856414318085
28	1.941861	2.985036	9.975016	-2.5044932	14.0	15.483324	49.0	0.0	1000.0	24965.0	0.028695402298850575	0.26964727	0.5751478	1.7126933	-1.7981644	1.1965655	2.0999124	19.445162	-1.9906117	5.8065126e-09	-0.008927074	4.0690105e-09	-0.018319506	0.14309232	-0.033535987	6.3656807	-2.2498407	1.3418732	-0.00957191	23.0	1.8413088	0.013574532	870000	1741.310477256775
29	3.2420535	3.1499987	12.118148	-2.084685	11.3	13.515793	40.0	0.0	1000.0	25304.0	0.028115555555555557	0.2677154	0.5859657	1.8723848	-1.740918	1.303239	2.2159927	23.776764	-2.2690482	-1.7289244e-08	-0.00902608	-2.6448568e-08	-0.01800378	0.2153555	-0.07059798	5.8282104	-1.9228797	1.3323013	-0.006308317	49.0	1.832527	0.012271674	900000	1805.7398331165314
30	4.107974	3.2551608	10.521823	-1.5659652	7.9666667	9.343387	39.0	0.0	1000.0	25543.0	0.027465591397849463	0.41747636	0.6417661	2.152278	-1.9731498	1.1873072	1.7701856	18.963936	-1.468886	-7.814357e-09	-0.008824261	-1.8310548e-08	-0.018465968	0.2554139	-0.10041171	4.183415	-1.383095	1.325993	-0.009809136	39.0	1.818018	0.012913896	930000	1868.9439678192139
31	3.8898845	3.4834237	10.533488	-2.1025167	6.1	12.977801	51.0	0.0	1000.0	25726.0	0.026797916666666668	0.4496537	0.63653785	2.1596522	-1.850474	0.818051	1.5975232	19.894049	-2.807843	5.7579963e-09	-0.009156026	1.3224284e-08	-0.015831867	0.20683344	-0.056243435	4.8716288	-1.9074447	1.3161838	-0.0060834885	79.0	1.8030506	0.011986048	960000	1936.1075539588928
32	4.0121527	2.8914707	10.11777	-1.1664379	13.333333	12.517545	39.0	0.0	1000.0	26126.0	0.02638989898989899	0.440011	0.6506722	2.3628883	-1.7117175	0.7605491	1.6614578	29.918497	-1.5217656	3.3448924e-10	0.00085619773	-4.0690105e-09	-0.0066609373	0.22405879	-0.06978403	6.657209	-2.3188372	1.3101003	-0.014827728	6.0	1.7814317	0.015295483	990000	1995.048615694046
33	3.2635868	2.9748273	9.262426	-2.5697067	10.233334	11.167463	33.0	0.0	1000.0	26433.0	0.02591470588235294	0.40124342	0.6497814	2.1737	-1.4990938	1.1151048	1.9409033	23.745983	-1.1749135	-2.9357212e-09	0.0012223682	-5.5948894e-09	0.00060345663	0.18764623	-0.0650758	5.200907	-2.0188868	1.2952726	-0.016338825	1.0	1.7798191	0.011780158	1020000	2054.5401520729065
34	4.211287	3.0149088	12.361258	-1.8200599	11.7	12.5648985	58.0	0.0	1000.0	26784.0	0.02550857142857143	0.4283752	0.62938946	2.258084	-1.8729749	1.1856523	1.9114076	19.168251	-0.1768654	-1.1459982e-08	-0.00053729594	-6.1035155e-09	-0.00048248086	0.18479379	-0.05386184	6.766897	-2.2815661	1.2789338	-0.01676166	1.0	1.7795243	0.0017877612	1050000	2113.72394657135
35	5.4364963	2.6884499	11.872725	-0.28234148	11.233334	13.063137	46.0	0.0	1000.0	27121.0	0.025112037037037037	0.5436392	0.6269604	1.8930014	-1.775838	1.234262	1.9124763	20.192297	-1.6700835	-2.2483977e-09	0.0008559791	0.0	0.0010983073	0.21365935	-0.06821065	5.679603	-1.7183063	1.2621721	-0.017201424	1.0	1.7793851	0.013124971	1080000	2173.12295460701
36	5.6837363	3.1370234	11.171807	-0.6841963	19.933332	16.683191	76.0	0.0	1000.0	27719.0	0.024972072072072072	0.5513506	0.6579823	2.507693	-1.7977165	1.2714057	1.8423392	20.128555	-2.198603	2.890885e-08	-0.00092376553	4.0690104e-08	-0.00070643716	0.22883564	-0.07651506	10.2121315	-3.4208012	1.2449707	-0.016278505	1.0	1.779228	0.003439637	1110000	2232.149000644684
37	5.060615	2.7721994	10.261037	-1.216576	11.5	19.03637	95.0	0.0	1000.0	28064.0	0.02461754385964912	0.5772482	0.61688405	1.9763566	-1.7502143	1.6639427	2.152447	21.187044	-2.0507374	-4.238874e-09	-0.0008881849	-1.0172526e-08	-0.0021200194	0.14655912	-0.0421212	6.324375	-2.0554695	1.2286922	-0.016706467	1.0	1.7790642	0.002319118	1140000	2291.608784675598
38	6.498383	3.4983194	15.909917	0.5127078	16.933332	16.237679	50.0	0.0	1000.0	28572.0	0.02442051282051282	0.6323498	0.60772276	2.260769	-1.8683174	1.4024233	1.8773729	20.22993	-0.97312534	8.639244e-09	-0.00102969	1.5767416e-08	-0.00232067	0.24252334	-0.08105536	8.537602	-2.6388679	1.2119857	-0.016292334	1.0	1.7790165	0.004602107	1170000	2350.245831012726
39	6.1816955	2.961664	12.020788	-0.19518992	12.533334	11.652563	37.0	0.0	1000.0	28948.0	0.024123333333333333	0.64296776	0.6706315	2.412584	-1.6654599	1.583788	2.1514213	21.034029	-0.6771082	2.9610943e-09	-0.001001587	2.0345052e-09	-0.002716496	0.21650618	-0.06540224	7.44999	-2.8344378	1.1956934	-0.016604662	1.0	1.7790619	0.0036876297	1200000	2409.5594930648804
40	6.4138618	2.4848218	13.0101595	0.88281643	17.833334	17.339903	53.0	0.0	1000.0	29483.0	0.023969918699186993	0.6183206	0.66418254	2.50616	-1.6048485	1.2859746	1.7623142	19.722286	-1.8834859	4.103804e-09	-0.00066144025	1.0172526e-08	-0.002514911	0.19273072	-0.049981564	8.836003	-3.2734604	1.1790887	-0.016117573	1.0	1.779201	0.005485691	1230000	2468.9680881500244
41	4.984489	2.872299	11.048623	-0.10501629	10.3	16.555262	73.0	0.0	1000.0	29792.0	0.023644444444444444	0.62825906	0.66745424	2.4182708	-1.4543957	1.5136179	2.1679444	20.471754	-4.511271	-6.6348234e-09	-0.0005993242	-1.6276042e-08	-0.00012675374	0.22824007	-0.078840986	7.452186	-3.3601851	1.1629711	-0.01683259	1.0	1.7793279	0.0041784937	1260000	2528.147606611252
42	5.190176	3.2879589	9.90168	-1.7767398	12.366667	13.370324	42.0	0.0	1000.0	30163.0	0.02338217054263566	0.5062796	0.6440981	2.3538163	-1.6424757	1.085762	2.0402493	21.971653	-4.743972	-7.585608e-09	-0.0005029146	-1.2207031e-08	-0.0012364684	0.2011834	-0.073277876	6.728999	-2.5941043	1.1461385	-0.01714313	1.0	1.7793317	0.0008811884	1290000	2587.4532363414764
43	5.960674	3.2824998	12.931028	-0.41274872	14.7	12.894831	43.0	0.0	1000.0	30604.0	0.023184848484848485	0.6186613	0.637394	2.62321	-1.4302064	1.1732833	1.9431963	18.341667	-2.5159066	6.56987e-09	-0.0009450672	0.0	-0.0009050232	0.19707228	-0.060891554	8.328364	-3.2589874	1.1289954	-0.017051458	1.0	1.7791529	0.003332194	1320000	2645.752120733261
44	6.436689	2.689701	12.09996	-0.2280565	11.6	15.808437	57.0	0.0	1000.0	30952.0	0.022927407407407407	0.64945245	0.6549917	2.3297582	-1.6416669	1.322336	2.0227149	20.33147	-3.19337	0.0	-0.000990943	0.0	-0.0039815065	0.21044019	-0.06613898	5.847381	-2.5348704	1.111944	-0.017438173	1.0	1.7789111	0.005989668	1350000	2705.110415458679
45	5.6527815	3.6343548	13.306808	-0.43153146	10.466666	11.351161	37.0	0.0	1000.0	31266.0	0.022656521739130436	0.61051947	0.6548499	2.306215	-1.802918	1.1486324	1.6830653	19.722095	-2.7971628	2.795577e-09	-0.00080678525	8.138021e-09	-0.00062569376	0.22175968	-0.06354998	5.097396	-1.8949726	1.0945058	-0.017931938	1.0	1.7787063	0.0028526704	1380000	2764.2527511119843
46	5.874754	2.6522417	11.839801	-1.8475715	14.733334	19.892935	77.0	0.0	1000.0	31708.0	0.022487943262411346	0.65287983	0.64209163	2.497276	-1.5689279	1.1873473	1.7541261	21.045908	-0.89549094	-7.00601e-09	-0.00062953075	-1.7293294e-08	-0.0014485982	0.19591616	-0.06914985	7.190182	-2.7311625	1.0765738	-0.017693639	1.0	1.7784317	0.007109152	1410000	2823.604570865631
47	5.9150057	3.329686	11.828765	-1.7919194	11.666667	12.605113	41.0	0.0	1000.0	32058.0	0.0222625	0.56147414	0.6471838	2.1870298	-1.8488107	1.586437	2.4320333	23.61364	-0.8750046	-7.3969004e-09	-0.0008692479	-8.138021e-09	-0.0006492594	0.2074885	-0.06994088	8.121091	-3.8152308	1.0588802	-0.017951608	1.0	1.7781947	0.0028642335	1440000	2882.640550136566
48	7.435497	3.317183	13.683974	0.6137714	10.533334	12.708877	40.0	0.0	1000.0	32374.0	0.02202312925170068	0.72027475	0.6607859	2.5932927	-1.4709613	1.2274576	1.5930172	18.86486	-3.1064756	-6.4387433e-09	-0.00039108875	2.0345052e-09	-0.0003030416	0.22401541	-0.07806371	5.892918	-2.296687	1.0409286	-0.018347979	1.0	1.7779759	0.00080988824	1470000	2941.547400712967
49	7.2133803	2.9368439	14.629783	0.86991125	10.566667	11.540317	40.0	0.0	1000.0	32691.0	0.021794	0.7677267	0.71012264	3.1653018	-1.3885634	1.0639774	1.7865037	20.883287	-1.842313	-1.8511724e-09	-0.0006206225	-8.138021e-09	-0.0004083923	0.22896802	-0.08221197	6.483946	-2.5679862	1.0225806	-0.018672585	1.0	1.7775578	0.002219355	1500000	3000.5226855278015
50	6.800128	3.0655875	12.840721	1.33855	15.566667	10.82492	35.0	0.0	1000.0	33158.0	0.0216718954248366	0.69015306	0.63497984	2.5598226	-1.3258642	1.0663892	1.7324524	22.196812	-0.9695492	2.0464084e-09	-0.0009606605	8.138021e-09	-0.0013542562	0.21169613	-0.07415815	8.809982	-3.246129	1.003908	-0.018217623	1.0	1.777148	0.0012523764	1530000	3060.006110429764
51	6.978615	4.515446	18.07706	0.30124694	15.966666	14.508579	51.0	0.0	1000.0	33637.0	0.02156217948717949	0.72609156	0.64835507	2.5633793	-1.1877809	1.5888132	2.4160643	23.688507	-0.9986582	2.0198438e-09	-0.0013376115	4.0690105e-09	-0.0016940715	0.19299051	-0.06444368	7.982971	-2.7910576	0.9856904	-0.017740607	1.0	1.7768707	0.0023894995	1560000	3118.503522157669
52	7.036114	2.9511986	11.673879	1.0233632	12.333333	14.517424	51.0	0.0	1000.0	34007.0	0.021388050314465407	0.7726491	0.7242053	2.8740134	-1.3469893	1.5729511	2.0844724	22.478762	-1.6339977	1.6136886e-08	-0.00049296964	4.0690104e-08	-0.0022123128	0.24125275	-0.108038306	7.308936	-3.7803345	0.9679498	-0.017834961	1.0	1.7765625	0.0039645773	1590000	3177.615156173706
53	7.569314	2.6482239	11.942428	0.48661974	13.8	14.767983	48.0	0.0	1000.0	34421.0	0.02124753086419753	0.70354277	0.6157282	2.532962	-1.4139327	1.3282241	2.0693934	22.733164	-2.0266438	-3.7815706e-09	-0.00016790423	5.086263e-09	0.00030102435	0.25572926	-0.11623682	7.950254	-3.1600895	0.95011485	-0.017684639	1.0	1.7762427	0.0012994959	1620000	3236.8073256015778
54	9.751264	3.523397	16.749523	1.9468379	15.2	10.202614	38.0	0.0	1000.0	34877.0	0.021137575757575758	0.8166905	0.6458077	2.9186	-1.5753363	1.4744024	2.0643911	24.898008	-3.315334	5.4063882e-09	-0.0012439841	-4.0690105e-09	-0.0022470688	0.28823248	-0.13870513	7.267634	-2.7712898	0.9324302	-0.017316401	1.0	1.7759893	0.0016418974	1650000	3295.904300928116
55	8.934723	3.2887993	16.747396	2.6676645	11.433333	13.669146	50.0	0.0	1000.0	35220.0	0.020964285714285713	0.9859975	0.6979672	3.168728	-1.0739422	1.5089753	1.816816	23.590034	-0.80133843	1.8220367e-08	-0.00095158786	2.0345052e-08	-0.0008191854	0.22712295	-0.08236562	5.9630375	-2.2847338	0.9151138	-0.01751113	1.0	1.775807	0.0026301104	1680000	3355.330098628998
56	8.296483	4.1268263	17.4016	-0.872076	16.433332	16.94045	56.0	0.0	1000.0	35713.0	0.020884795321637426	0.8597129	0.68995804	2.6571107	-1.3060576	1.3192403	2.1849205	25.852575	-1.174731	-1.8023234e-08	-0.001080604	-3.3569336e-08	-0.0022347972	0.25258103	-0.09319593	8.987077	-3.5854464	0.8976027	-0.016960025	1.0	1.7756231	0.002546965	1710000	3414.6597998142242
57	8.686491	2.873648	14.207496	3.077555	16.333334	21.367159	78.0	0.0	1000.0	36203.0	0.02080632183908046	0.962986	0.69285995	2.9918323	-1.4894584	1.4377583	2.02736	20.38632	-1.3610567	1.8809656e-09	-0.0013515553	-4.0690105e-09	-0.00347571	0.2562226	-0.100345165	9.995513	-4.255365	0.88064265	-0.016451955	1.0	1.7754459	0.0041605593	1740000	3473.664607524872
58	8.041669	2.6944575	13.435866	3.5868146	16.133333	14.006506	58.0	0.0	1000.0	36687.0	0.0207271186440678	0.9388449	0.66083133	2.638089	-1.4796972	1.871188	2.4439425	19.971117	-2.7201657	-5.8070815e-09	-0.0013516798	-1.0172526e-08	-0.0009010559	0.2606105	-0.105367795	10.090162	-4.9835405	0.8641907	-0.016022682	1.0	1.7753034	0.0015407	1770000	3532.854740381241
59	8.32194	4.4025106	17.536697	-1.0978634	15.966666	12.810109	40.0	0.0	1000.0	37166.0	0.02064777777777778	0.80019194	0.6693207	2.6973717	-1.9652174	1.6696764	2.3650765	23.786875	-2.0477295	2.5647497e-09	-0.0008155059	2.2379558e-08	-0.00063896074	0.23855755	-0.10971865	8.086477	-3.6439848	0.848168	-0.015672266	1.0	1.7751253	0.00081452104	1800000	3591.8817229270935
60	8.702687	2.8802505	15.88969	2.0620658	13.166667	12.712418	46.0	0.0	1000.0	37561.0	0.02052513661202186	0.9224294	0.6890237	3.1818635	-1.2612122	1.6610976	2.1507938	20.620382	-5.348568	6.6614243e-09	-0.0009318524	0.0	-0.00061374716	0.24181348	-0.0969235	6.858946	-2.8962045	0.83249575	-0.015746772	1.0	1.7749959	0.0016895012	1830000	3651.406468629837
61	8.835732	2.6601288	13.422476	-0.46693748	13.1	11.446543	49.0	0.0	1000.0	37954.0	0.020405376344086023	0.9390323	0.7016382	3.1840787	-1.2489784	1.2848856	1.8261813	20.763424	-1.598889	-1.9670658e-09	-0.0005638288	-6.866455e-09	-0.00040806097	0.2746513	-0.11402185	5.8719854	-2.5066798	0.816749	-0.01580298	1.0	1.7751348	0.0013766441	1860000	3710.3567233085632
62	6.51823	3.7786767	12.962711	-0.78075415	16.8	15.034183	50.0	0.0	1000.0	38458.0	0.020348148148148146	0.73516977	0.7133738	2.799568	-1.2919962	1.1867187	2.0381236	24.23382	-1.9591553	2.844978e-09	-0.0005714604	-1.4241537e-08	-0.0002107076	0.1866958	-0.081516206	7.610942	-2.926466	0.800946	-0.0153282285	1.0	1.775197	0.0019082347	1890000	3769.676706790924
63	8.539348	3.0416324	15.834203	2.6264508	13.4	16.232887	64.0	0.0	1000.0	38860.0	0.02023958333333333	0.8938035	0.63902855	2.6821759	-1.3680886	2.068679	2.3442802	23.126009	-1.8164467	6.508569e-10	-0.00057710696	4.0690105e-09	-0.0003129313	0.26635367	-0.1124908	8.591382	-4.302954	0.78561777	-0.015350223	1.0	1.7749949	0.0007347135	1920000	3828.7416071891785
64	8.105248	4.0926075	18.191732	-0.8669609	16.6	14.145906	52.0	0.0	1000.0	39358.0	0.020183589743589744	0.8633694	0.6390018	2.8735652	-1.2030941	1.2307183	1.7245575	23.588451	-2.16035	1.6804089e-08	-0.00048595155	1.2207031e-08	-0.0005552673	0.26008418	-0.12801288	7.326074	-3.563546	0.77026755	-0.014914691	1.0	1.7748032	0.00095168763	1950000	3888.074646949768
65	8.745331	3.438893	14.074772	-0.92155015	11.666667	12.485548	38.0	0.0	1000.0	39708.0	0.020054545454545453	0.92069256	0.74800515	3.0023293	-1.3513098	1.587433	1.9851342	19.24295	-3.048265	5.671063e-10	-0.0008635584	-4.0690105e-09	-0.0009990641	0.2376278	-0.096609056	6.9983196	-3.469134	0.75535285	-0.015187979	1.0	1.7747519	0.003037627	1980000	3947.1491317749023
66	8.842153	4.106833	18.049313	0.19682398	16.5	19.234951	80.0	0.0	1000.0	40203.0	0.020001492537313433	0.85072255	0.7014663	2.7128024	-1.2667692	1.3503212	2.1398292	21.632734	-2.5496497	1.3482074e-08	-0.0010113114	1.93278e-08	-0.0026114553	0.24413854	-0.11530988	7.6952367	-3.3046808	0.7401649	-0.014763355	1.0	1.7746594	0.0036311226	2010000	4006.291835784912
67	9.613211	3.7329583	16.80427	-1.168715	15.133333	13.887004	40.0	0.0	1000.0	40657.0	0.019929901960784313	1.0626646	0.7495126	3.128319	-1.476075	1.571476	2.232307	23.046684	-3.7543817	3.3023704e-09	-0.0011455087	1.9073486e-08	-0.0003674652	0.2613724	-0.11743362	8.013332	-4.052964	0.7254015	-0.014547586	1.0	1.7745016	0.0020110996	2040000	4065.5154342651367
68	9.012816	4.2845736	17.537422	-0.099342756	12.3	10.6274805	39.0	0.0	1000.0	41026.0	0.019819323671497583	1.013915	0.7270078	2.5406713	-1.5617881	1.5535285	1.9046242	19.485222	-2.3602107	-2.0076587e-09	-0.0004482567	-4.83195e-09	-0.00013827134	0.32076526	-0.16655734	6.28496	-3.441019	0.71085393	-0.0146996975	1.0	1.7743134	0.0007266651	2070000	4124.766030073166
69	9.282876	2.7273762	14.878425	4.564505	15.833333	17.23965	65.0	0.0	1000.0	41501.0	0.01976238095238095	0.97799206	0.7607563	3.0912154	-1.5474901	1.3610721	1.986774	24.51047	-1.6826565	-7.302997e-09	-0.00028260867	-6.1035155e-09	-0.00017717082	0.28712037	-0.13500202	9.632769	-4.687727	0.69615424	-0.0143533945	1.0	1.7741175	0.0002553495	2100000	4184.172543048859
70	11.175274	3.9879146	18.809683	-0.9124401	17.3	13.468853	60.0	0.0	1000.0	42020.0	0.01972769953051643	1.010022	0.7122838	2.7435887	-1.6554517	1.6988558	2.3134217	22.36622	-2.4300761	-1.0172527e-08	-0.0006519094	-1.0172526e-08	-0.0011085145	0.34579018	-0.15665914	7.594219	-3.898311	0.68180084	-0.013854682	1.0	1.774041	0.0008057916	2130000	4243.489300727844
71	9.9187355	2.76152	14.685371	1.6920211	16.166666	16.114347	55.0	0.0	1000.0	42505.0	0.01967824074074074	1.0845461	0.73220074	2.965197	-1.5874091	1.6549968	2.257056	22.402746	-2.5636158	-6.2513044e-09	-0.0009448361	0.0	-0.0013677734	0.24300613	-0.11415386	7.707238	-3.719686	0.66794616	-0.013542891	1.0	1.77402	0.0013353331	2160000	4303.003417491913
72	11.35087	3.080878	16.47325	3.5439553	21.566668	13.980185	52.0	0.0	1000.0	43152.0	0.019704109589041095	1.100392	0.66077507	2.847788	-1.4077135	1.707775	2.402219	23.156372	-2.9940436	-1.0624954e-09	-0.00094177667	5.086263e-09	-0.00042289734	0.2888398	-0.12084681	9.142839	-4.1500154	0.65440327	-0.012546122	1.0	1.7740417	0.0011091748	2190000	4362.879898071289
73	10.247745	3.7715833	18.625786	1.8848176	19.0	14.2314205	55.0	0.0	1000.0	43722.0	0.019694594594594595	1.1118453	0.7029665	2.785408	-1.437452	2.2592754	2.671179	30.193192	-2.346446	-2.3342022e-08	-0.0009714461	-4.0690104e-08	-0.0009333659	0.28433755	-0.13273215	9.450672	-4.9786215	0.64185715	-0.011999428	1.0	1.7740512	0.0011061841	2220000	4421.481622934341
74	10.719633	4.4303083	18.259226	-1.8286444	23.466667	19.742903	77.0	0.0	1000.0	44426.0	0.019744888888888888	1.041716	0.7282632	3.3110025	-1.386267	1.9016117	2.4833372	22.583874	-2.5733159	-2.6310724e-08	-0.0007253751	-3.2552084e-08	-0.0012902872	0.31245816	-0.16193244	10.95436	-5.092462	0.6298577	-0.010935545	1.0	1.7740073	0.0011623045	2250000	4480.346088647842
75	9.889236	3.7682188	16.564976	-0.15683462	18.5	15.163003	60.0	0.0	1000.0	44981.0	0.019728508771929824	1.1069288	0.7500625	3.0282311	-1.2846782	2.1470234	2.641953	19.966621	-3.6624453	-4.1268042e-09	-0.009276798	-3.051758e-08	-0.023952547	0.31505138	-0.15598808	9.229701	-4.797471	0.6189222	-0.00023138523	79.0	1.7738879	0.010544192	2280000	4547.963215351105
76	10.668529	3.8530612	16.537716	-0.7433702	14.533334	14.013644	54.0	0.0	1000.0	45417.0	0.019661038961038962	1.125467	0.7065858	2.9286258	-1.2682863	2.0080535	2.1551092	21.57311	-2.8327365	-4.579992e-09	-0.0077446084	6.1035155e-09	-0.015399965	0.32570827	-0.15833472	7.2474227	-3.9548748	0.6186908	-0.0037070513	79.0	1.7633932	0.007666963	2310000	4615.976236104965
77	10.627547	3.7675722	17.927393	-0.59948146	18.133333	18.14154	54.0	0.0	1000.0	45961.0	0.019641452991452993	1.0809968	0.7369481	3.0428104	-1.2941971	1.3974607	2.113828	20.136555	-1.5588101	-6.1035155e-09	0.0015582541	-6.1035155e-09	-0.0007750488	0.31212512	-0.14482638	7.990879	-3.5983992	0.61498374	-0.010601521	2.0	1.7496867	0.0045457957	2340000	4675.803606748581
78	10.920801	3.308376	17.900234	1.7036759	16.233334	13.300835	52.0	0.0	1000.0	46448.0	0.01959831223628692	1.2005882	0.74982625	3.5856545	-1.1043051	1.8549172	2.1070547	23.020233	-1.9118278	-3.7797725e-09	-0.00019748676	-1.4241537e-08	-0.0014672811	0.3254782	-0.16500938	8.707251	-4.140306	0.6043822	-0.010720372	1.0	1.7495644	0.0062629962	2370000	4735.209911823273
79	9.803928	3.8990722	17.197332	1.052028	16.166666	17.439579	68.0	0.0	1000.0	46933.0	0.019555416666666665	1.0221342	0.75016195	3.0460029	-1.3624358	1.6192396	2.0650983	23.650381	-2.5594316	1.0889952e-08	-0.0013098787	2.2379558e-08	-0.0010359619	0.28125918	-0.14554243	8.040589	-4.1422095	0.59366184	-0.01068747	1.0	1.7492495	0.0027552408	2400000	4794.493230581284
80	11.125325	2.966094	17.08376	1.9107105	17.1	15.254179	49.0	0.0	1000.0	47446.0	0.019525102880658438	1.1017417	0.66562384	2.83743	-1.0489206	2.0082524	2.6613166	25.658743	-3.1470094	2.4624578e-09	-0.00019806284	4.0690105e-09	0.0008711629	0.3055775	-0.15633301	9.161225	-4.724944	0.5829744	-0.010518014	1.0	1.7490503	0.0018556408	2430000	4854.154326438904
81	11.254844	3.2314165	16.629091	5.215053	19.166666	14.285386	54.0	0.0	1000.0	48021.0	0.019520731707317072	1.0836601	0.7004254	3.3842866	-1.2952577	1.7363391	2.1023562	22.21052	-4.422096	3.5251464e-09	-0.0005468438	2.0345052e-08	-0.0004870056	0.28494924	-0.14337356	8.65018	-4.688785	0.57245636	-0.010114491	1.0	1.7487984	0.0011844403	2460000	4913.5330119133
82	11.442862	3.9223363	20.918367	1.6292801	14.033334	14.604756	55.0	0.0	1000.0	48442.0	0.019454618473895582	1.1809522	0.7558989	2.9335418	-1.5278615	1.7048743	1.8588047	21.835619	-1.866808	-9.927331e-09	-0.00035614707	-2.0345052e-08	-0.00056392007	0.32372493	-0.16563152	6.9341984	-3.454788	0.56234187	-0.010374427	1.0	1.7485263	0.0013055432	2490000	4974.394070148468
83	11.126942	4.0751414	18.27776	0.17691717	21.566668	18.826725	67.0	0.0	1000.0	49089.0	0.019479761904761906	1.1985406	0.7688571	3.0689516	-1.4093671	1.668173	2.415868	21.607218	-2.034516	-2.8897167e-09	-0.0005425639	2.1362304e-08	-0.00047461753	0.30776516	-0.15900819	9.714766	-5.4056296	0.55196744	-0.009671271	1.0	1.748667	0.0011585645	2520000	5033.5220646858215
84	10.293412	3.726817	18.736395	2.7790623	18.3	13.198864	43.0	0.0	1000.0	49638.0	0.019465882352941177	1.1925763	0.75950307	3.277349	-1.2395484	2.0241604	2.4698503	30.976944	-3.4891837	2.4783706e-09	-0.00058462657	1.2207031e-08	0.00010156453	0.34129068	-0.18333024	9.488139	-5.193157	0.5422962	-0.009454608	1.0	1.7489059	0.0016099128	2550000	5092.815952539444
85	11.143509	3.6586454	17.811295	0.40960705	23.0	17.565117	66.0	0.0	1000.0	50328.0	0.019506976744186045	1.0554649	0.6977272	2.7674298	-1.3776069	2.1191697	2.9770222	26.775822	-2.2156317	1.2739901e-08	-0.00015460161	6.1035155e-09	-0.0024375916	0.34721035	-0.1834466	9.540944	-4.8460755	0.53284156	-0.008696377	1.0	1.7491136	0.0044278638	2580000	5151.846780538559
86	12.798151	3.163378	18.624582	4.709081	27.2	19.187496	79.0	0.0	1000.0	51144.0	0.019595402298850574	1.2922428	0.7033118	2.9692006	-1.2703514	2.2604125	2.5373478	23.379221	-4.74014	5.187658e-09	-0.00029698503	3.2552084e-08	-0.0010579021	0.29890186	-0.14541711	11.40637	-5.982212	0.5241452	-0.007483661	1.0	1.749337	0.0027587544	2610000	5210.404253005981
87	11.510357	2.6872013	16.97252	6.918064	19.066668	16.554825	67.0	0.0	1000.0	51716.0	0.019589393939393938	1.2844989	0.7687634	3.5843472	-1.2981603	2.666922	2.8335364	23.740244	-1.4307628	-4.169587e-09	-7.301778e-05	-1.3224284e-08	-0.0010927612	0.345958	-0.16143371	8.988647	-4.6082654	0.5166615	-0.007391572	1.0	1.7495012	0.0021528641	2640000	5268.881613969803
88	11.928515	3.939283	23.3226	6.0324206	24.366667	17.982367	67.0	0.0	1000.0	52447.0	0.01964307116104869	1.2782375	0.71974933	3.2972941	-1.2390662	2.154306	2.4483829	23.962595	-2.4935617	4.168978e-09	-0.00066577	2.0345052e-08	-0.0003364502	0.3090574	-0.13156651	11.356262	-6.0449767	0.50926995	-0.0066742897	1.0	1.7495542	0.0030613358	2670000	5327.27735209465
89	12.540548	4.21578	20.298231	0.3713264	19.666666	13.881244	52.0	0.0	1000.0	53037.0	0.019643333333333332	1.249176	0.7014242	3.615927	-1.2657708	2.494375	2.967797	29.487675	-2.2497644	-7.471568e-09	-0.0008083147	-1.4241537e-08	0.000150059	0.30806112	-0.15794924	9.509258	-5.297626	0.50259566	-0.00658834	1.0	1.7497139	0.0016022517	2700000	5386.124515771866
90	11.820065	4.211729	22.083437	4.822714	19.3	17.276478	63.0	0.0	1000.0	53616.0	0.01963956043956044	1.2637569	0.71567696	3.1561038	-1.3004382	2.1140683	2.605724	23.883522	-2.418612	-1.305658e-09	-0.0012107015	-2.0345052e-08	-0.00054836017	0.28815123	-0.15306462	9.318888	-4.9344554	0.49600732	-0.0065601766	1.0	1.7499079	0.0028684153	2730000	5445.727894544601
91	12.888963	3.3336942	18.23873	5.7691216	21.666666	14.731675	66.0	0.0	1000.0	54266.0	0.01966159420289855	1.2489694	0.7287836	3.065786	-1.3234434	1.974396	2.5135067	23.891064	-2.7452276	-9.809417e-09	-0.0008536184	-1.3224284e-08	-0.0010603444	0.36142808	-0.19172257	10.013868	-5.0190196	0.48944715	-0.0062564313	1.0	1.7500885	0.00074541144	2760000	5504.299089193344
92	11.602202	4.4358206	20.028128	-1.6818789	19.733334	19.876173	71.0	0.0	1000.0	54858.0	0.01966236559139785	1.2809875	0.71824175	3.1597354	-1.2638314	2.1422698	2.1336994	23.790834	-1.4183271	1.3947657e-09	-0.00037897716	-2.0345052e-09	0.00053484295	0.27961603	-0.1507707	9.527341	-4.887685	0.48319072	-0.006213188	1.0	1.7502952	0.0025839934	2790000	5563.197628974915
93	11.316248	3.9507158	20.632645	2.0371377	23.6	18.100828	66.0	0.0	1000.0	55566.0	0.019704255319148937	1.2042999	0.7890176	3.3474653	-1.2454143	2.3267484	3.1029723	26.970568	-4.7316484	5.8498117e-09	-0.00065991003	2.2379558e-08	0.00025376384	0.25308064	-0.1327105	9.295186	-4.498911	0.47697753	-0.0057211816	1.0	1.7502654	0.0017269297	2820000	5621.624177455902
94	11.870374	3.414372	18.560421	4.4517384	26.533333	16.841879	54.0	0.0	1000.0	56362.0	0.019776140350877193	1.1529272	0.69013494	3.6189582	-1.0968916	2.7578993	3.1812906	26.861109	-3.823395	-2.0345052e-09	-0.0006529302	-2.0345052e-09	-0.0011261109	0.31212696	-0.17757829	10.303896	-5.108894	0.47125635	-0.00493598	1.0	1.750353	0.0009872399	2850000	5680.051912069321
95	11.966964	3.9759367	18.828798	-0.7731688	23.666666	18.912664	61.0	0.0	1000.0	57072.0	0.019816666666666666	1.3149416	0.73399204	2.9898252	-1.0645918	2.6063967	2.7435472	29.222263	-1.6122679	1.2300491e-08	-0.0005227496	8.138021e-09	-0.0010079631	0.35231677	-0.18677711	10.337877	-4.9188175	0.46632037	-0.0045821965	1.0	1.7503407	0.0009796522	2880000	5738.891141414642
96	12.977249	3.9288325	21.693346	2.711024	23.566668	19.338535	64.0	0.0	1000.0	57779.0	0.0198553264604811	1.2848879	0.68888444	2.9250753	-0.96238285	2.2325332	2.5998468	23.22355	-2.5293844	4.1844346e-09	-0.00087678526	1.6276042e-08	-0.000112349444	0.26354513	-0.14869341	10.531376	-5.5493517	0.46173817	-0.0042804778	1.0	1.7503146	0.0011273323	2910000	5797.702011585236
97	13.0619545	4.161493	21.903559	-0.20434752	28.6	20.43298	77.0	0.0	1000.0	58637.0	0.01994455782312925	1.3754432	0.72847813	3.2842336	-1.1776602	2.8263767	3.1635058	25.788557	-1.5831747	-1.0588228e-08	-0.00078388024	4.0690105e-09	-0.0010650919	0.32373887	-0.17742269	13.179206	-7.0925694	0.4574577	-0.0034152567	1.0	1.7501414	0.0018954946	2940000	5856.326249361038
98	13.800348	3.9479904	22.613287	4.0849233	26.2	18.902206	90.0	0.0	1000.0	59423.0	0.020007744107744106	1.4054171	0.69809467	3.3407648	-1.0255644	2.7344592	2.9615812	24.357864	-4.5523877	1.0622655e-08	-0.000554911	-4.0690105e-09	-0.0012637166	0.2874094	-0.16106129	13.871113	-7.7700677	0.45404243	-0.0029174387	1.0	1.7500951	0.0014728762	2970000	5915.388591527939
99	13.592102	3.1750097	21.310867	6.2440867	24.866667	19.229721	66.0	0.0	1000.0	60169.0	0.020056333333333332	1.4904706	0.7226692	3.3798172	-1.3894489	2.6164732	2.975348	31.597532	-4.0344806	-6.1878116e-09	-0.00040675647	-2.4414062e-08	-0.0003820923	0.29687676	-0.16187596	13.423148	-7.557774	0.451125	-0.002634436	1.0	1.7500308	0.00043616467	3000000	5973.902494907379
100	13.603546	2.8744655	18.326029	7.697045	28.066668	17.785639	64.0	0.0	1000.0	61011.0	0.020135643564356435	1.4386512	0.72945213	3.5523233	-0.9482329	2.823342	3.2339544	28.618078	-3.170784	-8.081108e-09	-0.0013916916	-1.2207031e-08	-0.004468691	0.3128715	-0.17670381	13.731947	-7.559097	0.44849056	-0.002005726	1.0	1.7499943	0.0020998637	3030000	6033.126720905304
101	13.984134	3.6460457	23.173912	6.224392	31.166666	23.576942	89.0	0.0	1000.0	61946.0	0.0202437908496732	1.4145242	0.67100954	2.9554563	-0.94140667	2.9253495	3.2884161	30.836735	-2.070413	5.0239075e-09	-0.007940748	1.6276042e-08	-0.0177261	0.30811113	-0.17468244	13.766359	-7.4243717	0.44648483	0.004064709	79.0	1.7499068	0.0065860385	3060000	6099.847950935364
102	13.644727	3.9701765	25.17819	5.5200934	28.9	18.882708	84.0	0.0	1000.0	62813.0	0.020327831715210357	1.4127467	0.72838044	3.5688329	-1.1668314	3.270166	3.3922567	29.583796	-2.235525	-7.012877e-10	-0.009248413	0.0	-0.022608593	0.30975634	-0.17423071	13.716054	-7.4744205	0.45054954	0.0081831515	79.0	1.7221942	0.007872152	3090000	6166.59449839592
103	13.57913	3.19341	18.923151	4.7746935	23.733334	21.653225	67.0	0.0	1000.0	63525.0	0.020360576923076922	1.5190564	0.72095275	3.3907127	-0.8926588	2.7653234	2.7224877	25.912584	-4.1093674	-1.8835232e-08	0.00012385623	-2.4414062e-08	-0.0015262289	0.31866062	-0.17195606	11.027059	-5.5993524	0.4587327	-0.00035619736	2.0	1.705891	0.0016569372	3120000	6225.569090604782
104	12.818388	4.105691	24.958593	2.8994858	17.133333	13.073468	48.0	0.0	1000.0	64039.0	0.02032984126984127	1.3974446	0.7202454	3.4657426	-1.3993946	2.41986	2.5590785	28.1893	-2.5060415	6.859106e-09	-0.00024999614	4.0690105e-09	0.00050876057	0.3302535	-0.1862296	8.677349	-4.972204	0.4583765	-0.0014182329	1.0	1.7055047	0.0012861432	3150000	6284.625255584717
105	12.291528	4.1626906	20.816542	-0.5214055	19.9	12.1445465	48.0	0.0	1000.0	64636.0	0.020325786163522014	1.3486652	0.7317491	3.1471593	-1.2211018	1.935217	2.3309383	23.534052	-2.179112	8.6789536e-09	-0.00029081124	-1.0172526e-08	-0.0022109945	0.29611433	-0.17418152	8.412957	-4.546541	0.45695826	-0.0018997788	1.0	1.7052331	0.0034142567	3180000	6343.617862224579
106	14.243239	2.5356302	19.885561	9.63515	22.066668	16.360386	63.0	0.0	1000.0	65298.0	0.020342056074766354	1.4373933	0.72722244	3.7535744	-1.1559566	2.352104	2.5194693	23.292553	-1.4147662	-1.5239063e-09	-0.0007074702	4.0690105e-09	-0.0007886477	0.31111425	-0.19318998	9.703139	-4.860935	0.4550585	-0.0020558536	1.0	1.7050323	0.0031387191	3210000	6402.312117099762
107	13.468172	4.3661613	20.880186	4.3086815	21.4	18.62901	78.0	0.0	1000.0	65940.0	0.02035185185185185	1.3968997	0.78348047	3.8080475	-1.2227389	2.1186488	2.3351169	22.999926	-1.814269	4.769114e-09	-0.00063808856	4.0690105e-09	-0.00055403647	0.34110424	-0.20890157	10.320748	-5.4744515	0.45300263	-0.0022706091	1.0	1.7048099	0.0013384069	3240000	6461.1126136779785
108	13.924131	3.0647335	20.614405	7.745759	24.633333	16.985254	72.0	0.0	1000.0	66679.0	0.02039113149847095	1.4900634	0.7330243	3.4155552	-0.98483104	2.436962	2.7116568	27.583847	-1.5824263	-9.051633e-09	-0.00056462456	-1.2207031e-08	-0.0008850016	0.3069561	-0.17069761	10.408066	-5.5168858	0.45073202	-0.0020785034	1.0	1.7046678	0.0024953415	3270000	6519.971725463867
109	14.619822	3.4578764	22.011368	7.28401	26.4	15.074481	72.0	0.0	1000.0	67471.0	0.020445757575757575	1.488307	0.69179153	3.2763116	-1.002779	2.5147114	2.894935	26.405844	-3.74198	1.4422312e-10	-0.000698673	-4.0690105e-09	-0.0010512705	0.28009725	-0.16171001	12.896911	-6.356584	0.44865352	-0.0016951859	1.0	1.7044065	0.0011097963	3300000	6578.691699028015
110	13.922145	2.453494	17.823576	8.940585	30.333334	22.508268	96.0	0.0	1000.0	68381.0	0.020534834834834835	1.5033276	0.6709753	3.846543	-0.9417965	2.748673	3.0074883	31.789581	-1.2644093	3.1104315e-09	-0.00064005837	-8.138021e-09	-0.00011339519	0.25754565	-0.14216954	13.592758	-6.908694	0.44695833	-0.0008598566	1.0	1.7040527	0.0014643715	3330000	6637.871952056885
111	13.64067	4.0972915	22.265657	5.6409297	22.833334	20.379866	97.0	0.0	1000.0	69066.0	0.020555357142857143	1.4455333	0.7157915	3.162542	-1.0132555	3.0294583	3.0097497	28.702908	-2.2001927	9.518905e-10	-0.00040972893	1.2207031e-08	-0.0013985881	0.27100313	-0.15066308	11.130229	-6.2088094	0.44609848	-0.0010339618	1.0	1.7036259	0.00095113844	3360000	6696.640152692795
112	13.50836	3.196907	20.054611	8.545698	23.866667	19.717562	62.0	0.0	1000.0	69782.0	0.02058466076696165	1.4321299	0.748856	3.159238	-1.3534589	2.3757885	2.6734238	24.986116	-2.576962	5.940971e-09	-0.00040437342	-8.138021e-09	-0.00030567625	0.30568093	-0.17204398	10.90275	-5.1327186	0.4450645	-0.0010599792	1.0	1.7031479	0.0006706454	3390000	6755.412591457367
113	14.498594	3.8354726	22.597906	2.3721397	23.3	17.33234	60.0	0.0	1000.0	70481.0	0.020608479532163743	1.4553988	0.71380025	3.6760278	-1.1241342	2.4371865	2.726063	26.253328	-1.5427133	-1.1778297e-09	-0.00072953716	1.2207031e-08	-0.0003028361	0.3266146	-0.19025524	9.487365	-5.039474	0.44400454	-0.0011567175	1.0	1.7025008	0.0010623179	3420000	6813.985061645508
114	13.937698	3.486177	21.251205	7.092075	25.2	20.748333	73.0	0.0	1000.0	71237.0	0.02064840579710145	1.5362256	0.71290696	3.6697333	-0.8061145	2.324885	2.91813	27.851093	-2.3465843	-1.0725131e-09	-0.00040786146	-2.1870932e-08	-0.0005652867	0.29413268	-0.16575578	10.297655	-4.843948	0.44284782	-0.0010139644	1.0	1.7017379	0.0015228427	3450000	6872.430409908295
115	14.789256	3.3594596	21.531992	8.577287	28.933332	19.33207	66.0	0.0	1000.0	72105.0	0.020719827586206895	1.456625	0.68662536	3.1857967	-1.1186265	2.9781697	3.3534408	27.17586	-2.0166092	-6.5628156e-09	-0.00054785504	-1.2207031e-08	-0.00056074216	0.28332394	-0.15023895	13.1578	-6.5716133	0.44183385	-0.00042405725	1.0	1.7010291	0.0010553332	3480000	6931.801168203354
116	13.284285	3.2193468	19.54248	4.9576807	24.6	13.884284	58.0	0.0	1000.0	72843.0	0.020752991452991452	1.474319	0.7487533	3.9624014	-1.0443476	2.8355079	2.5837312	25.63274	-2.0298584	-6.268912e-09	-0.0012714165	-2.0345052e-09	-0.0010424724	0.29544026	-0.16784357	9.998074	-4.9184113	0.4414098	-0.00033554435	3.0	1.7003279	0.0015857135	3510000	6990.900729894638
117	14.522757	2.965072	19.455444	5.5130763	28.166666	21.500517	104.0	0.0	1000.0	73688.0	0.02081581920903955	1.4877458	0.7171597	3.859597	-0.9021473	2.7592893	2.9859757	28.823107	-1.7135892	2.7303118e-09	-0.0072523025	-2.0345052e-09	-0.01293298	0.23815618	-0.13721764	11.858988	-5.5243325	0.44107425	0.003076464	79.0	1.6986561	0.006424216	3540000	7057.8061718940735
118	13.292786	4.2329273	23.330652	5.373131	28.966667	23.175392	84.0	0.0	1000.0	74557.0	0.020884313725490197	1.3822652	0.68883306	3.438649	-1.066037	2.60425	3.1981947	28.175844	-2.2380838	9.2320915e-09	-0.0004179943	1.6276042e-08	-0.0004737549	0.33079615	-0.19848074	14.26119	-7.337146	0.44415072	0.0005890131	2.0	1.691348	0.0006635491	3570000	7116.867800474167
119	14.223455	3.5573785	20.596167	2.7919412	30.2	23.543434	100.0	0.0	1000.0	75463.0	0.020961944444444443	1.4532638	0.69447225	3.3789585	-1.0196642	3.2011964	3.469843	32.19808	-2.559013	-1.87812e-08	-0.0011362031	-2.4414062e-08	-0.0005163819	0.3427457	-0.20689979	12.323173	-6.654137	0.44473973	0.0012458265	3.0	1.6911585	0.0012199422	3600000	7176.237530708313
120	14.160615	4.1842113	20.39615	0.9002984	27.033333	17.547049	72.0	0.0	1000.0	76274.0	0.02101212121212121	1.4719219	0.7368427	3.3747253	-0.9849182	3.1700225	3.2094398	28.741566	-2.4321232	-8.861037e-09	-0.0016872549	-2.6448568e-08	-0.0039350535	0.31750494	-0.17671047	11.769073	-5.8684793	0.44598556	0.0014855266	6.0	1.6911912	0.0047408254	3630000	7235.908013343811
121	14.452521	3.8380797	21.59312	6.996133	26.433332	17.9883	57.0	0.0	1000.0	77067.0	0.02105655737704918	1.5602988	0.73705214	3.4613419	-0.97640145	2.67467	2.8310635	22.542185	-2.7772448	-1.5685382e-08	-0.007298647	-3.2552084e-08	-0.0134418905	0.3407066	-0.20704402	9.584704	-5.0359077	0.44747108	0.0051417947	79.0	1.6923753	0.006190711	3660000	7303.010065078735
122	14.59072	2.9949834	20.22886	6.170406	33.966667	20.15355	75.0	4.0	1000.0	78086.0	0.02116151761517615	1.4261312	0.72162086	3.5631301	-1.3667853	2.8892791	2.9403355	29.64949	-3.2010734	1.10055565e-08	-0.008424923	6.1035155e-09	-0.015328337	0.33871782	-0.21434581	11.516061	-5.8401256	0.45261288	0.006823182	79.0	1.6907046	0.0071597523	3690000	7370.105131864548
123	13.563273	3.6812627	19.768263	5.1778083	18.766666	13.588435	61.0	0.0	1000.0	78649.0	0.02114220430107527	1.4455084	0.73225623	3.2545278	-1.1888279	2.835529	2.4865382	25.110653	-2.398985	-3.4145544e-09	-0.0003227777	6.866455e-09	-0.0017808556	0.29427946	-0.18913555	9.471418	-5.3827662	0.45943606	0.0017770827	6.0	1.6731156	0.003838366	3720000	7429.484454631805
124	14.057592	2.8433993	19.091805	6.3251877	20.3	17.212688	64.0	0.0	1000.0	79258.0	0.02113546666666667	1.4715558	0.7097038	3.4841409	-0.96021783	1.9540275	2.491319	27.209757	-3.9569936	-7.465909e-09	-0.00017725273	-2.0345052e-08	5.1071165e-06	0.2616277	-0.16103503	8.849911	-4.463602	0.46121314	0.00068855286	1.0	1.6709936	0.0024180638	3750000	7488.438457965851
125	14.749094	3.4964995	21.509817	9.245392	25.633333	16.189468	62.0	0.0	1000.0	80027.0	0.02117116402116402	1.492257	0.6852082	3.263824	-1.1657562	2.3175561	2.8899932	30.724447	-2.7301352	-3.2671268e-09	-0.00076287857	-8.138021e-09	-0.001664268	0.34765196	-0.23920685	10.234333	-5.5691924	0.4619017	0.0007393062	1.0	1.6703489	0.0023744209	3780000	7547.791419506073
126	14.972644	2.5838494	22.896383	11.411887	28.466667	21.722084	97.0	0.0	1000.0	80881.0	0.021228608923884514	1.5719044	0.68695843	3.340479	-1.0174445	2.53673	2.8301172	24.112307	-1.6846924	1.9626025e-09	-0.0006972584	-2.2379558e-08	-0.00031637267	0.34252682	-0.21223532	12.276585	-6.001064	0.462641	0.0011787415	1.0	1.6698909	0.0016082557	3810000	7606.531276941299
127	13.939938	3.1615138	20.88612	7.4614167	23.166666	18.136673	60.0	0.0	1000.0	81576.0	0.02124375	1.5344973	0.7264033	3.6541812	-1.0994542	2.5747046	2.8405025	27.88866	-2.3521214	-5.630337e-09	-0.00082786556	-1.1189779e-08	-0.0044932556	0.28270534	-0.16880594	11.169812	-6.1692877	0.46381974	0.00084617734	1.0	1.6696897	0.004597218	3840000	7665.4195997715
128	15.822134	3.349216	20.589493	7.005421	30.3	20.495771	89.0	0.0	1000.0	82485.0	0.021313953488372093	1.5478802	0.67258126	3.6128623	-1.0633975	2.6422074	3.2235532	24.058212	-4.4569583	7.04345e-09	-0.001106927	-4.0690105e-09	-0.0015142659	0.30242917	-0.18037449	12.367248	-6.60318	0.46466592	0.0015262663	1.0	1.6696789	0.0015546446	3870000	7723.994710683823
129	14.888206	3.1250024	20.457	9.023042	32.9	18.65002	91.0	0.0	1000.0	83472.0	0.021403076923076924	1.5989193	0.71940416	3.6885066	-1.2057339	2.8964167	2.9274132	24.587353	-3.4225497	-1.677726e-09	-0.00038006227	-3.2552084e-08	3.8085939e-06	0.29937923	-0.17565557	11.451611	-6.0916114	0.4661922	0.002518028	1.0	1.6696134	0.0019320984	3900000	7783.00044131279
130	14.549331	3.957182	21.944065	4.4638267	31.666666	24.371202	97.0	0.0	1000.0	84422.0	0.02148142493638677	1.622806	0.7122445	3.610124	-1.0854828	3.425255	3.1018682	29.340233	-2.6037698	-9.60994e-09	-0.0007093781	-4.0690105e-09	-0.0008592285	0.30956048	-0.18993941	16.080137	-8.8255415	0.4687102	0.0032524168	1.0	1.6694865	0.0018862729	3930000	7842.567808866501
131	13.614673	3.4246955	21.631924	7.9804163	22.666666	18.56939	72.0	0.0	1000.0	85102.0	0.02149040404040404	1.4635055	0.7153281	3.2608814	-1.1174992	2.7820861	3.0325701	30.416891	-2.822855	-1.2549345e-08	-0.000484059	-3.051758e-08	-0.0009806091	0.27304485	-0.16872	9.982556	-4.994283	0.47196263	0.0026527047	1.0	1.6694608	0.0009688562	3960000	7900.953219413757
132	15.466315	2.8006654	21.575953	9.523246	36.3	22.068304	81.0	0.0	1000.0	86191.0	0.021601754385964914	1.530323	0.69008225	3.8798673	-1.1312926	2.7537308	3.2007716	34.574734	-2.918267	9.272546e-09	-0.00064307905	2.2379558e-08	-0.0012891805	0.32513818	-0.2056402	16.510979	-8.462447	0.47461534	0.0040285587	1.0	1.6694524	0.0010059965	3990000	7959.935419082642
133	14.481131	4.340225	22.4597	-0.48672944	25.866667	18.634615	74.0	0.0	1000.0	86967.0	0.02163358208955224	1.5673195	0.70897686	3.6140964	-0.95073724	3.1625686	3.296262	33.08611	-2.0754566	1.527348e-08	-0.0005667609	1.4241537e-08	-0.0023392944	0.35358456	-0.22560579	11.944227	-6.2177854	0.4786439	0.003801018	1.0	1.6695824	0.004013467	4020000	8018.455190658569
134	14.838472	2.578514	20.514881	9.576618	19.866667	16.404741	70.0	0.0	1000.0	87563.0	0.021620493827160494	1.5232172	0.70267373	4.3384585	-0.8888598	2.6822605	2.7686095	25.7588	-2.039044	-7.915385e-09	-0.0008075678	2.0345052e-09	-0.002243093	0.30111268	-0.1765097	9.93523	-4.921574	0.4824449	0.0027275085	1.0	1.6697966	0.0016294565	4050000	8076.990175247192
135	14.154841	2.9079268	19.111235	8.444114	32.266666	20.692888	97.0	0.0	1000.0	88531.0	0.021698774509803922	1.5716215	0.71906066	3.77353	-1.2946398	2.5062766	2.983196	26.454706	-2.9420934	4.526857e-09	-0.0011098406	9.6639e-09	-0.0020762077	0.26569948	-0.15224572	13.763527	-6.482874	0.48517242	0.0035653412	1.0	1.6699705	0.0031122924	4080000	8136.220605373383
136	13.784944	3.637955	20.151146	5.0833335	25.633333	17.055758	64.0	0.0	1000.0	89300.0	0.02172749391727494	1.4704993	0.72052974	3.7529714	-0.9772227	2.888495	3.0905323	26.173468	-2.087539	-6.6790777e-09	-0.0007487554	-2.0345052e-08	-0.0025411155	0.34771392	-0.20554325	12.196292	-5.89504	0.48873776	0.0033549368	1.0	1.6701913	0.0017497081	4110000	8195.415092945099
137	15.234065	2.8556755	22.136923	9.930692	25.633333	18.318449	64.0	0.0	1000.0	90069.0	0.021755797101449276	1.4848319	0.74766535	3.5281546	-1.148299	2.7962418	3.1875873	35.0754	-3.1329522	-1.0929761e-08	-0.0005038836	4.0690105e-09	-0.0004484619	0.31496373	-0.19265924	10.752104	-5.1916084	0.4920927	0.0031417906	1.0	1.67031	0.0013740463	4140000	8254.391023874283
138	14.77602	2.4660065	19.324339	9.745241	28.366667	25.047266	88.0	0.0	1000.0	90920.0	0.02180335731414868	1.5521412	0.7353942	3.4820054	-1.4167031	2.659199	2.842746	29.18613	-2.1866221	-1.3087859e-09	-0.0013397578	-1.6276042e-08	-0.0053835004	0.33426863	-0.21074152	11.987915	-6.2260513	0.4952345	0.003366053	1.0	1.670335	0.004042086	4170000	8313.201042413712
139	13.503842	4.217398	22.658747	7.4115834	34.7	21.40584	89.0	0.0	1000.0	91961.0	0.02189547619047619	1.4865956	0.7144462	3.4552345	-1.1665019	2.5446403	3.1857119	27.226877	-2.6933918	-1.3614032e-09	-0.00039496645	4.0690105e-09	-0.00057056884	0.33294627	-0.19544901	14.429627	-7.2276354	0.49860054	0.0045205355	1.0	1.670283	0.0013392355	4200000	8372.570825576782
140	14.251127	4.0703435	20.797062	-0.6830073	30.033333	24.14606	84.0	0.0	1000.0	92862.0	0.0219531914893617	1.4246815	0.731248	3.4511733	-1.3517522	3.3405964	3.6082551	28.609144	-3.4112928	-3.2304528e-09	-0.00057022495	-7.629395e-09	-0.00072089693	0.33562165	-0.21324751	12.448073	-6.196815	0.5031211	0.0048699975	1.0	1.6700894	0.001570791	4230000	8432.355563640594
141	14.750003	3.092886	21.699198	8.545582	27.666666	19.287876	82.0	0.0	1000.0	93692.0	0.02199342723004695	1.4863864	0.662267	3.5202506	-0.97668767	3.0489986	3.0391147	25.524471	-2.6703806	-3.877269e-09	-0.0010122884	-3.153483e-08	-0.0029552584	0.2851004	-0.1590598	10.187063	-5.0207477	0.5079911	0.004978001	3.0	1.669657	0.0016222105	4260000	8491.565326929092
142	13.409357	3.1606832	20.002483	5.522293	21.6	15.352742	67.0	0.0	1000.0	94340.0	0.02199067599067599	1.5137669	0.74092025	3.469451	-1.301093	2.515099	2.7453785	26.849382	-2.1013844	3.3181773e-09	-0.0071944725	-5.086263e-09	-0.01092987	0.29335397	-0.16357052	7.623368	-3.544231	0.5129691	0.0069473386	79.0	1.6680961	0.0067359507	4290000	8558.365468978882
143	15.7214775	3.3887026	21.612213	9.668042	34.2	23.936583	84.0	0.0	1000.0	95366.0	0.022075462962962963	1.4855261	0.67597634	3.5894032	-1.2376127	2.6138766	2.9431028	25.415663	-2.6548073	-8.56457e-09	-0.009192489	-4.0690104e-08	-0.019852644	0.36119244	-0.20914769	15.693158	-8.401342	0.5199164	0.012692213	79.0	1.6298985	0.008147226	4320000	8625.135909557343
144	14.844009	2.8309655	19.878677	8.696899	27.633333	19.635822	79.0	0.0	1000.0	96195.0	0.022113793103448277	1.592518	0.66753894	3.756885	-1.0835418	3.354255	3.3355718	28.842283	-2.14425	-1.3967382e-08	-0.009579225	-3.2552084e-08	-0.022090724	0.289284	-0.16237207	10.76057	-5.601043	0.5326086	0.015880704	79.0	1.6246412	0.0092005795	4350000	8692.02367758751
145	15.192906	3.5396585	20.01252	7.6999216	26.033333	22.622236	87.0	0.0	1000.0	96976.0	0.022140639269406393	1.494787	0.6688305	3.3271954	-1.0105473	2.8515508	3.26503	28.871634	-2.814626	-2.2256303e-09	-0.009917131	-8.138021e-09	-0.02578174	0.31162307	-0.1748756	12.50571	-6.0535765	0.54848933	0.018251121	79.0	1.6365945	0.009854459	4380000	8759.295382738113
146	14.352709	3.3106053	19.037346	8.236867	28.0	16.75112	68.0	0.0	1000.0	97816.0	0.022180498866213153	1.5144677	0.71276116	3.3062599	-1.2093182	2.898404	3.1854312	30.405792	-2.846223	2.9004508e-09	-0.010372292	7.1207684e-09	-0.026222806	0.31841692	-0.18914971	11.200583	-5.463002	0.56674045	0.018103123	79.0	1.6145195	0.010597382	4410000	8826.368726491928
147	15.234015	3.318977	21.141289	7.942065	24.833334	15.72913	60.0	0.0	1000.0	98561.0	0.022198423423423423	1.5183753	0.7028257	3.145621	-1.2424713	2.8935032	2.928836	28.665638	-4.579983	1.0375289e-08	-0.008832863	1.2461345e-08	-0.01702918	0.38054824	-0.23650543	9.141225	-4.223148	0.5848436	0.012160242	79.0	1.5982909	0.008770384	4440000	8893.68815946579
148	14.48665	4.112399	22.495832	3.5427895	24.866667	18.19475	61.0	0.0	1000.0	99307.0	0.02221633109619687	1.6096685	0.7323271	3.575546	-1.2005882	2.50121	2.7749937	26.710245	-4.6634655	-1.9584026e-09	0.00021224396	-8.646647e-09	0.00048906263	0.35113594	-0.2181616	11.237277	-6.373395	0.5970038	0.0043780208	2.0	1.5694546	0.0029606102	4470000	8952.261131048203
149	14.054251	3.1855292	20.517046	8.103844	24.733334	20.136091	74.0	0.0	1000.0	100049.0	0.02223311111111111	1.4960641	0.737996	3.4079807	-1.3526403	2.4635837	2.9310906	26.326284	-2.7707968	3.8245727e-09	-0.0007419755	1.525879e-08	-0.0024072928	0.28812188	-0.16227941	11.806433	-6.3841634	0.60138184	0.003804624	1.0	1.568808	0.0025728464	4500000	9010.979678630829
150	14.964232	3.498362	23.098764	7.7801356	19.2	15.210523	68.0	0.0	1000.0	100625.0	0.022213024282560705	1.5184705	0.71873254	3.3953207	-1.2955716	2.5103323	2.8629074	35.477676	-1.8730114	1.0939573e-08	-0.0008846118	1.2207031e-08	-0.000521342	0.35586044	-0.18151972	9.5404215	-4.7302923	0.60518646	0.0023994446	1.0	1.5680702	0.0011809397	4530000	9070.363810539246
151	14.542292	2.83983	20.07116	6.6119266	29.166666	19.981796	64.0	0.0	1000.0	101500.0	0.02225877192982456	1.4604154	0.69744086	3.4150748	-1.0118703	2.4179113	3.0536304	28.825226	-2.4040508	-1.469801e-09	0.0038892308	-3.0517577e-09	0.0022592773	0.28721985	-0.15325634	12.12808	-5.184224	0.6075859	0.0030837655	3.0	1.5672479	0.011725789	4560000	9129.42292380333
152	14.695638	3.1323328	21.408493	9.112042	29.366667	20.790197	81.0	0.0	1000.0	102381.0	0.022305228758169933	1.5482224	0.6989245	3.3510776	-1.0986645	2.886187	3.3717787	33.418324	-2.2110128	1.00327355e-08	0.0041577974	8.138021e-09	-0.006095902	0.2922472	-0.17521827	11.910848	-5.836752	0.6106697	0.0034980774	1.0	1.5654435	0.01787915	4590000	9188.118068218231
153	13.611797	3.384283	20.811071	6.3798094	31.966667	22.153229	78.0	0.0	1000.0	103340.0	0.022367965367965367	1.4990398	0.70893425	3.3366606	-1.2090396	2.9851344	3.2176962	27.176952	-4.543696	-6.0688423e-09	-0.0009604971	1.2207031e-08	0.00010356852	0.26669273	-0.14572686	15.7430725	-7.958198	0.61416775	0.0045077205	1.0	1.5644315	0.004079085	4620000	9246.552427768707
154	15.59425	3.2735968	22.582373	6.1522017	25.0	18.79007	61.0	0.0	1000.0	104090.0	0.02238494623655914	1.4836562	0.6862042	3.5864189	-1.1814504	3.0866153	3.6220756	37.049545	-2.5974658	-4.1594905e-09	-0.0007631846	-1.0172526e-09	-0.0037640433	0.30983374	-0.1652495	13.154102	-6.3027363	0.6186755	0.004169047	1.0	1.5635921	0.009179877	4650000	9304.878083467484
155	14.936978	3.7684011	24.355742	6.10919	34.966667	19.260466	73.0	0.0	1000.0	105139.0	0.022465598290598292	1.5610114	0.7355898	3.3235376	-1.2342975	3.0349905	3.4851494	30.10397	-3.114467	4.7282706e-10	-0.0005654158	-2.0345052e-09	-0.0010850078	0.3386302	-0.18489487	13.068443	-6.256679	0.6228445	0.0057029724	1.0	1.5631146	0.0012368273	4680000	9364.019125699997
156	16.16433	2.8693454	23.215322	9.1345625	25.766666	22.254114	82.0	0.0	1000.0	105912.0	0.022486624203821658	1.667225	0.6662037	3.481966	-1.2366567	3.2735233	3.0218098	25.310501	-1.688695	-7.531111e-09	-0.0007132557	-1.6276042e-08	-0.0010061767	0.30861238	-0.17140694	12.417038	-6.26379	0.6285475	0.0053782463	1.0	1.5629618	0.0007358645	4710000	9423.073266506195
157	15.338634	2.7515016	21.600803	9.210937	31.6	21.303522	94.0	0.0	1000.0	106860.0	0.022544303797468353	1.6595734	0.6833269	3.463515	-1.3300908	3.142283	3.444522	26.811443	-3.0926752	-6.8928574e-09	-0.0011909176	-8.138021e-09	-0.0038115631	0.28494626	-0.16899285	13.170544	-6.3965316	0.63392574	0.006203413	1.0	1.5630548	0.002702587	4740000	9483.346712350845
158	15.443194	3.476641	23.56612	9.593779	30.9	21.798088	75.0	0.0	1000.0	107787.0	0.02259685534591195	1.6033409	0.6884625	3.5610194	-1.036911	3.1108947	3.2009654	26.341093	-1.7291579	-7.541482e-09	-3.0727195e-05	6.1035155e-09	-0.004976776	0.3088436	-0.175026	12.7424135	-6.051906	0.64012915	0.006797254	1.0	1.5633681	0.0070356964	4770000	9542.380053043365
