Epoch	AverageEpRet	StdEpRet	MaxEpRet	MinEpRet	AverageEpCost	StdEpCost	MaxEpCost	MinEpCost	EpLen	CumulativeCost	CostRate	AverageVVals	StdVVals	MaxVVals	MinVVals	AverageCostVVals	StdCostVVals	MaxCostVVals	MinCostVVals	LossPi	DeltaLossPi	SurrCost	DeltaSurrCost	LossV	DeltaLossV	LossVC	DeltaLossVC	Penalty	DeltaPenalty	StopIter	Entropy	KL	TotalEnvInteracts	Time
0	0.57349926	2.05658	4.5056305	-3.5524435	5.25	10.516851	34.0	0.0	1000.0	191.0	0.006366666666666666	0.60733956	0.57626563	2.0035431	-1.1514295	-0.42947686	0.119579725	0.09710092	-0.8134704	1.1175871e-08	0.017345577	2.2351742e-08	-0.0035388877	0.9029922	-0.75249386	5.644889	-1.4061842	0.99999994	-0.031178474	1.0	1.837877	0.041572757	30000	31.273629188537598
1	1.4977283	3.483455	9.856425	-2.3428733	2.25	5.5018935	22.0	0.0	1000.0	314.0	0.005233333333333334	0.16033716	0.41278324	1.2935841	-1.0014988	0.56511444	0.7014009	3.3893182	-1.1984965	4.1909516e-09	0.027605487	1.21071935e-08	-0.001233452	0.20322987	-0.049571294	2.3120832	-0.4102177	0.96882147	-0.03053081	1.0	1.8383422	0.079912916	60000	60.1806321144104
2	0.23699717	1.7435762	4.5637674	-1.4648314	6.5	10.747092	39.0	0.0	1000.0	527.0	0.005855555555555556	0.12773286	0.4725216	1.9777492	-1.0803777	0.54528147	0.6567946	3.8116887	-0.9764137	-6.519258e-09	0.0022971453	-1.8626451e-09	-7.932098e-05	0.114436135	-0.020489678	4.5665293	-0.6097139	0.93829066	-0.029744983	1.0	1.8391634	0.011569572	90000	89.3599488735199
3	-0.38177595	1.5376811	4.7297487	-2.3999052	1.25	4.49305	21.0	0.0	1000.0	613.0	0.005108333333333334	0.03202848	0.32413742	1.2629389	-0.9040381	0.6971405	0.88117737	6.696975	-1.5292305	5.5879354e-09	-0.0050957776	1.8626451e-08	-0.0040929513	0.06951227	-0.008231709	1.900913	-0.79550004	0.9085457	-0.029424667	79.0	1.8399512	0.0058819037	120000	125.58521246910095
4	1.5308653	2.0454314	5.579689	-1.7385774	9.833333	17.508728	73.0	0.0	1000.0	909.0	0.00606	0.07818795	0.45791146	1.546965	-1.1072518	0.3970403	0.6926698	7.995109	-1.3866323	0.0	-0.007865898	-7.450581e-09	-0.0116911195	0.13010806	-0.021348272	6.657104	-1.472788	0.879121	-0.025978386	79.0	1.8423796	0.007595865	150000	161.73142623901367
5	2.991398	3.5207746	10.497183	-0.90437204	8.75	11.351396	38.0	0.0	1000.0	1156.0	0.006422222222222222	0.22138703	0.47940534	1.7082278	-1.1125003	0.93063086	1.1632053	8.740478	-1.7530175	-1.8626451e-09	0.007528498	-5.5879354e-09	0.0008646246	0.18398568	-0.02543249	4.310742	-0.84402394	0.8531426	-0.027373433	2.0	1.8364286	0.021098696	180000	191.14655828475952
6	2.3693311	3.232621	12.958056	-1.288701	7.8333335	14.040616	53.0	0.0	1000.0	1434.0	0.006828571428571429	0.26087123	0.50330955	1.8723271	-1.0207702	1.0114911	1.0422751	10.418237	-1.0735409	3.7252903e-09	0.001036338	-9.313226e-09	-0.0011368119	0.1374799	-0.023088245	7.7020564	-1.6908791	0.8257692	-0.026771665	1.0	1.8366635	0.008944696	210000	220.62663292884827
7	3.7860487	4.0776396	14.717125	-1.0138506	7.625	12.684678	49.0	0.0	1000.0	1683.0	0.0070125	0.26232588	0.49028713	1.8623236	-1.0232633	0.99156374	1.1826729	12.70119	-1.2564274	-8.381903e-09	0.0034192172	-1.4901161e-08	-0.0003206702	0.22936654	-0.04381459	4.7740507	-1.0939454	0.7989975	-0.026113749	1.0	1.8372484	0.015952472	240000	249.725435256958
8	2.4437222	2.7207875	6.8872614	-2.977469	12.166667	17.3173	66.0	0.0	1000.0	2060.0	0.0076296296296296294	0.29849723	0.49273568	2.0360832	-0.9574997	0.81654465	1.2222121	13.131775	-1.6218783	-3.7252903e-09	-0.00015685748	-5.5879354e-09	-0.00041701365	0.15207355	-0.02434419	7.7649736	-1.9948968	0.7728838	-0.025015235	1.0	1.837896	0.0021868595	270000	279.0050175189972
9	2.864271	3.3440125	13.818304	-1.8592148	12.0	21.26225	98.0	0.0	1000.0	2373.0	0.00791	0.32669407	0.53746194	1.9015306	-1.0412267	1.3955677	1.4106044	16.804678	-1.9124526	-7.3341653e-09	-0.00028143637	-2.4214387e-08	-0.0007286677	0.17173332	-0.033726517	8.599318	-2.597033	0.74786854	-0.024116635	1.0	1.8387276	0.007825679	300000	308.4215850830078
10	2.428583	3.0421152	8.668627	-1.7600038	10.666667	11.385907	37.0	0.0	1000.0	2672.0	0.008096969696969696	0.27898753	0.47097147	2.1664019	-1.0328572	1.0368745	1.3608533	17.775269	-1.8056358	6.519258e-09	-0.00078228395	0.0	-0.0011290642	0.16342202	-0.027644463	5.5854454	-1.3024867	0.7237519	-0.02345562	1.0	1.8395871	0.004992182	330000	337.99292182922363
11	1.8847929	2.1325765	5.7786155	-1.3061582	10.625	10.115222	33.0	0.0	1000.0	2967.0	0.008241666666666666	0.31371653	0.5167752	1.9804195	-1.0750717	1.2384828	1.4661484	20.871784	-1.5114926	-3.7252903e-09	-0.00064917136	-6.0535967e-09	-0.00066445814	0.14607438	-0.041518606	5.1834583	-1.3777752	0.7002963	-0.022845447	1.0	1.8406141	0.0007633978	360000	367.5318953990936
12	4.5698476	3.2361248	10.997549	-2.20704	11.25	16.75373	73.0	0.0	1000.0	3283.0	0.008417948717948718	0.28455538	0.49975714	1.8243611	-1.0861001	1.1110606	1.269122	16.384817	-1.0596731	1.8626451e-09	-0.0009274186	2.4214387e-08	-0.0010414426	0.20822546	-0.06285894	5.9936905	-1.8727568	0.67745084	-0.022218645	1.0	1.8416188	0.001005468	390000	396.96455669403076
13	4.066291	3.8060248	16.314766	-2.7771294	12.125	13.074506	48.0	0.0	1000.0	3621.0	0.008621428571428572	0.39920843	0.53375787	1.9489033	-0.9386033	1.0378932	1.4771703	17.263247	-1.5168765	-3.7252903e-09	-0.00043634698	-7.450581e-09	-0.00038943917	0.17170025	-0.026258104	7.8801603	-1.4455206	0.6552322	-0.021526992	1.0	1.8422575	0.00075106305	420000	426.6076543331146
14	4.0539947	3.1607807	9.796754	-0.540823	14.5	22.306576	81.0	0.0	1000.0	4013.0	0.008917777777777778	0.4351076	0.5978728	1.9839593	-1.2080387	1.4779549	1.5026927	21.313988	-0.7958557	-1.1175871e-08	-0.009336741	-1.4901161e-08	-0.017083846	0.16893339	-0.033010527	9.288267	-3.3702912	0.6337052	-0.014223397	79.0	1.8428502	0.009539634	450000	463.25876927375793
15	3.990236	3.0066364	10.2198105	-2.1186016	9.958333	10.783781	37.0	0.0	1000.0	4304.0	0.008966666666666666	0.4117543	0.5464021	2.3022153	-1.1522784	1.2407922	1.6758437	23.160538	-2.4851289	0.0	-0.008046824	1.1175871e-08	-0.012292502	0.21723665	-0.04053381	6.0525527	-2.109878	0.6194818	-0.01686585	79.0	1.8244228	0.007938072	480000	499.9794418811798
16	4.3731446	3.0323539	9.6656685	-0.59377044	10.25	13.5685	57.0	0.0	1000.0	4631.0	0.009080392156862745	0.42807004	0.582269	2.1585636	-1.1410524	1.0812066	1.0799062	21.966347	-0.9544425	1.4901161e-08	-0.008534599	1.8626451e-08	-0.01103564	0.19807139	-0.05019907	5.6459265	-1.7315505	0.60261595	-0.017860532	79.0	1.7906644	0.00768056	510000	536.5328233242035
17	4.7642174	3.045288	9.907029	-0.44875112	10.083333	12.893528	55.0	0.0	1000.0	4924.0	0.009118518518518519	0.5001523	0.57371783	2.36367	-1.3308326	1.0913906	1.550713	21.2822	-1.0986382	-7.450581e-09	-0.009601078	-2.2351742e-08	-0.014493069	0.17646371	-0.033208683	5.8003893	-2.1559644	0.5847554	-0.015049756	79.0	1.7575023	0.008687491	540000	573.2879772186279
18	5.8222747	3.2288992	13.9302845	0.011721731	15.25	16.94169	78.0	0.0	1000.0	5342.0	0.009371929824561403	0.54147613	0.5973509	2.1744432	-1.3274708	1.5700879	2.059453	28.120893	-1.2336065	3.7252903e-09	-0.008865231	1.4901161e-08	-0.016117994	0.20824884	-0.037412647	8.039452	-2.704874	0.56970567	-0.012066603	79.0	1.7316256	0.009498766	570000	610.233606338501
19	5.749006	2.7955718	11.994587	1.1884815	15.666667	13.396725	48.0	0.0	1000.0	5802.0	0.00967	0.58963853	0.6075563	2.5180736	-1.1927799	1.2386209	1.658465	24.170488	-2.0528193	3.7252903e-09	-1.0581716e-05	-7.450581e-09	-0.005635652	0.18351331	-0.037255295	6.9183846	-2.5190773	0.55763906	-0.017390847	12.0	1.6938007	0.0133277085	600000	640.463175535202
20	5.9136977	3.3255718	12.89303	-0.7242145	17.0	17.958284	54.0	0.0	1000.0	6246.0	0.009914285714285714	0.57002467	0.5724139	2.0725083	-1.177555	1.754197	2.0847752	23.892689	-1.1093675	-1.4901161e-08	0.022218559	-2.4214387e-08	-0.0065914504	0.19353303	-0.03735932	8.46917	-2.7140179	0.5402482	-0.017314196	1.0	1.6876514	0.05256916	630000	670.2442896366119
21	7.25581	4.333513	17.55777	0.31281596	13.416667	12.932248	43.0	0.0	1000.0	6669.0	0.010104545454545455	0.69750935	0.62680066	2.5530899	-1.3431547	1.39617	1.466438	19.545053	-2.0059032	9.313226e-10	-0.00062678516	1.0244548e-08	-0.00048283674	0.24051577	-0.055150963	8.420599	-3.0190234	0.522934	-0.01676339	1.0	1.6865034	0.0024803015	660000	699.8304045200348
22	5.942965	3.5924156	13.028273	0.30096084	15.25	15.546302	65.0	0.0	1000.0	7112.0	0.010307246376811595	0.7037386	0.65585166	2.2137468	-1.2871808	1.4646633	1.6718643	19.913315	-1.9459596	-7.450581e-09	-0.00044306426	-1.1175871e-08	-0.0009058397	0.23951006	-0.05147571	7.675825	-2.707787	0.50617063	-0.015997857	1.0	1.6856613	0.0013668913	690000	729.2507529258728
23	6.7887073	3.751086	14.241731	-1.7980121	14.041667	19.21475	82.0	0.0	1000.0	7562.0	0.010502777777777778	0.6681364	0.62782204	2.10859	-1.3053862	1.5448241	1.6764421	18.49984	-2.2253523	1.071021e-08	-0.00074394525	1.1175871e-08	-0.0022944664	0.2314233	-0.0637005	10.916649	-5.374032	0.49017277	-0.015460521	1.0	1.6848538	0.0049232845	720000	758.8910841941833
24	6.3171134	3.1787674	12.016806	1.0406837	14.208333	12.058811	46.0	0.0	1000.0	7955.0	0.010606666666666667	0.6961711	0.63572514	2.211191	-1.1956125	1.6803442	2.0307026	24.882795	-2.9749498	-1.1175871e-08	0.00064038066	-1.4901161e-08	-0.0030947952	0.19632542	-0.043882377	9.4204855	-4.389508	0.47471225	-0.014984995	1.0	1.6844727	0.0070206644	750000	788.53808760643
25	7.041266	2.340104	11.305106	1.1468581	18.458334	13.4783125	48.0	0.0	1000.0	8545.0	0.010955128205128206	0.7393755	0.6315095	2.3159666	-1.2191997	1.4315013	1.4954567	17.370266	-1.7212794	-1.8626451e-09	-0.0008716143	1.4901161e-08	-0.0008670557	0.22651352	-0.043712974	11.079953	-4.786546	0.45972726	-0.014085054	1.0	1.6842303	0.0027692611	780000	818.2991762161255
26	7.372103	2.995337	12.507084	0.135033	22.416666	15.638939	59.0	0.0	1000.0	9203.0	0.011361728395061728	0.76916754	0.5939618	2.0618753	-1.2833374	2.0888746	2.1312912	22.970787	-1.6227313	-1.8626451e-09	-0.001322417	1.1175871e-08	-0.0021805367	0.22751695	-0.048234243	10.706371	-4.448142	0.4456422	-0.012812853	1.0	1.6842551	0.0038239812	810000	847.9530127048492
27	7.7197323	4.3953123	15.6085615	-0.36647865	23.291666	17.094053	61.0	0.0	1000.0	9811.0	0.011679761904761905	0.73314524	0.6210067	2.3615906	-1.14932	1.9450337	2.1093605	24.143185	-2.0984206	4.656613e-09	-0.0004734525	7.450581e-09	-0.00032200373	0.21741694	-0.04548315	11.475874	-5.2097564	0.43282935	-0.01160264	1.0	1.6843092	0.003974813	840000	877.5953180789948
28	8.167756	4.528096	21.075949	0.09307289	18.041666	17.562933	71.0	0.0	1000.0	10436.0	0.011995402298850575	0.77968544	0.6484226	2.3081875	-1.3277556	2.279742	2.334903	24.751816	-2.3537993	9.313226e-09	-0.00090472074	1.5832484e-08	-0.0014954675	0.26297283	-0.060878593	12.158941	-5.5089903	0.4212267	-0.011164188	1.0	1.6841998	0.0029429658	870000	907.1311705112457
29	7.2446427	3.4855492	13.69055	0.10805616	18.333334	23.966412	109.0	0.0	1000.0	10906.0	0.012117777777777778	0.86287683	0.6553942	2.945882	-1.3584784	2.1709476	1.9199395	21.411386	-2.5814672	5.5879354e-09	-0.0003953122	1.1175871e-08	-0.002301113	0.21046348	-0.053415954	10.874434	-5.1007667	0.41006252	-0.010742515	1.0	1.6840956	0.006048863	900000	936.820723772049
30	7.7705193	3.0108397	12.824546	0.97172093	17.791666	16.479733	57.0	0.0	1000.0	11521.0	0.012388172043010752	0.8220383	0.6014246	2.454731	-1.1445957	1.8498259	2.2018979	23.884254	-3.6778421	-9.313226e-10	-0.00024772075	1.4901161e-08	-0.00015722029	0.21678935	-0.059879813	11.280399	-5.0515127	0.39932	-0.010426283	1.0	1.6843431	0.003235267	930000	966.7965421676636
31	7.051068	3.559557	12.48528	0.20965831	24.875	31.378487	153.0	0.0	1000.0	12278.0	0.012789583333333333	0.7493819	0.61709523	2.668754	-1.1078675	2.2394714	2.6191776	23.582165	-2.94921	0.0	-0.0008000217	-9.313226e-09	-0.0011775992	0.19229022	-0.050580338	14.771897	-7.629814	0.38889372	-0.00930053	1.0	1.6846365	0.0036699423	960000	996.3412528038025
32	7.85763	3.5385199	14.016004	1.3991318	19.5	19.750528	83.0	0.0	1000.0	12860.0	0.01298989898989899	0.7753958	0.5768266	2.2851024	-1.0611665	2.249768	2.249201	26.678339	-2.6788113	-1.8626451e-09	-0.00054937415	5.5879354e-09	-0.00041733985	0.19716981	-0.04735814	9.584457	-4.629842	0.3795932	-0.008942097	1.0	1.684799	0.0008131949	990000	1026.2951595783234
33	7.1598625	2.657265	11.631289	-0.0038148386	18.75	16.76119	56.0	0.0	1000.0	13404.0	0.013141176470588236	0.8237519	0.58947664	2.8006415	-0.9502623	1.9949903	2.0402546	17.855276	-2.8799875	5.5879354e-09	-0.0013565777	0.0	-0.0016411913	0.20709954	-0.064061224	11.795473	-5.574342	0.3706511	-0.008698404	1.0	1.6850195	0.003183645	1020000	1056.028998374939
34	7.9392204	3.2940326	13.326819	1.4843861	17.791666	14.265283	53.0	0.0	1000.0	14040.0	0.01337142857142857	0.7890875	0.5751157	2.0250533	-1.1363648	1.9145807	2.112519	21.294552	-3.2659922	-1.8626451e-09	-0.0005232992	3.7252903e-09	-0.00033791165	0.18954152	-0.04394454	10.743708	-4.6706123	0.3619527	-0.008586168	1.0	1.6854119	0.0014178609	1050000	1085.6573038101196
35	8.287511	2.6903107	15.451531	3.6637814	19.25	14.0334425	53.0	0.0	1000.0	14645.0	0.013560185185185186	0.8115975	0.57476676	2.1310582	-1.0421262	2.1636162	1.9525068	22.76497	-2.6979125	6.9849193e-09	-0.00051155686	-5.5879354e-09	-4.395953e-05	0.18448085	-0.04616753	10.550892	-4.9286747	0.35336652	-0.008324295	1.0	1.685613	0.0003702977	1080000	1115.734004497528
36	8.792432	4.1990027	16.818968	-0.5456283	24.541666	18.993376	70.0	0.0	1000.0	15340.0	0.01381981981981982	0.8411504	0.5943564	2.5196257	-0.83808386	2.0427632	2.027379	23.46931	-2.1594076	5.5879354e-09	-0.0012861579	1.8626451e-09	-0.0010938864	0.24989295	-0.07375489	10.333879	-5.0720096	0.34504223	-0.007491231	1.0	1.685626	0.00274376	1110000	1145.8461647033691
37	8.234637	2.8294978	12.250707	1.0979391	27.291666	19.51384	79.0	0.0	1000.0	16196.0	0.014207017543859649	0.84828854	0.63499755	2.4234858	-1.3338574	2.5641954	2.2874439	22.726753	-1.907545	-1.0244548e-08	-0.00057580136	-1.4901161e-08	-0.00023788423	0.19586949	-0.051644783	16.327034	-8.312874	0.337551	-0.0064330697	1.0	1.6853805	0.00061413413	1140000	1175.4058616161346
38	8.305255	3.543781	18.091747	3.1934621	30.375	20.053703	103.0	0.0	1000.0	17048.0	0.014570940170940171	0.8735686	0.6292725	2.5502675	-1.2943522	2.8073075	2.4624486	21.920197	-2.090182	1.8626451e-09	-0.00049471715	-1.8626451e-09	2.303021e-05	0.22909641	-0.06611076	11.948339	-5.9791164	0.33111793	-0.005125284	1.0	1.6850576	0.0010541123	1170000	1205.1792469024658
39	7.8844094	3.5028343	15.530175	0.0031289358	25.208334	21.71017	94.0	0.0	1000.0	17754.0	0.014795	0.8526602	0.6104529	2.4167747	-1.0702842	3.118269	2.5952826	26.242579	-1.7179052	-8.381903e-09	-0.0014892267	-1.4901161e-08	-0.003570521	0.18303958	-0.06113469	13.825542	-6.6296077	0.32599264	-0.004587412	1.0	1.6848459	0.00275463	1200000	1234.898553609848
40	7.8661	3.0164306	15.995641	2.6387904	26.625	15.897622	55.0	0.0	1000.0	18585.0	0.015109756097560975	0.84501135	0.584042	2.7019813	-1.1166353	2.4942594	2.1337364	21.685472	-2.6849506	3.7252903e-09	-0.00083606015	7.450581e-09	-0.0018938784	0.20529151	-0.057024203	12.768403	-6.2050786	0.32140523	-0.0039432943	1.0	1.6848519	0.0022257222	1230000	1264.7503888607025
41	9.43043	3.6900518	16.68379	3.3485224	18.708334	14.788733	50.0	0.0	1000.0	19165.0	0.01521031746031746	0.90594757	0.58815473	2.3825998	-1.1682634	2.7502468	2.7238402	24.563057	-2.3603194	-2.7939677e-09	-0.0010193316	0.0	-0.002030799	0.222554	-0.075721055	9.956202	-4.884608	0.31746194	-0.0042653084	1.0	1.6849318	0.0023257986	1260000	1294.266835451126
42	7.243276	3.2613513	12.793082	0.61179364	30.375	15.518302	52.0	0.0	1000.0	20148.0	0.015618604651162792	0.9119381	0.64759266	3.013433	-1.34454	2.3603995	2.2087545	19.871006	-2.0269935	-1.3969839e-09	-0.00017646431	-1.1175871e-08	3.3119693e-05	0.18024656	-0.07032523	15.650171	-7.410122	0.31319663	-0.0031192303	3.0	1.6851103	0.0028869058	1290000	1324.2339911460876
43	9.249004	3.4037387	15.817023	2.3056722	42.083332	23.0722	96.0	13.0	1000.0	21270.0	0.016113636363636365	0.91541964	0.59301823	2.639868	-0.97385067	3.1421704	2.8912017	25.054384	-1.2652975	-1.8626451e-09	-0.0003637944	-1.1175871e-08	-5.9693237e-05	0.20629588	-0.05311793	18.118618	-8.038294	0.3100774	-0.0009010732	1.0	1.6848096	0.0022390778	1320000	1354.1609227657318
44	9.189012	3.1622777	14.411108	1.64615	32.25	22.335043	69.0	0.0	1000.0	22290.0	0.016511111111111112	0.92670417	0.6240281	2.3330562	-1.4494412	3.869664	3.3607821	31.213993	-3.3874285	-1.8626451e-09	-0.0007910362	1.8626451e-09	-0.0024778512	0.21116516	-0.067753285	14.817652	-7.1266394	0.30917633	1.8626451e-05	1.0	1.6846162	0.002083286	1350000	1383.9864435195923
45	9.317307	4.137674	16.857016	-0.5484975	30.083334	20.619402	70.0	0.0	1000.0	23158.0	0.016781159420289855	1.0003349	0.603842	2.497122	-1.4334371	3.1681623	2.9383056	28.216202	-3.5049126	-5.5879354e-09	-0.0010978081	-7.450581e-09	-0.00087207777	0.20493805	-0.05998212	14.088094	-6.6932917	0.30919495	0.00061059	1.0	1.6844108	0.0033616654	1380000	1414.2352030277252
46	9.81638	3.0593474	15.545408	4.2062035	30.25	26.005207	106.0	0.0	1000.0	24155.0	0.017131205673758865	0.96563697	0.62002087	2.405563	-0.97400504	3.0260386	2.6606293	21.349241	-3.1306937	-6.519258e-09	-0.0013674207	-1.4901161e-08	-0.00132708	0.1959045	-0.05560021	15.233097	-7.8292675	0.30980554	0.0011778772	1.0	1.6841736	0.002268258	1410000	1444.0114278793335
47	10.555975	4.153941	20.775475	3.7343109	33.791668	21.140364	79.0	0.0	1000.0	25216.0	0.017511111111111113	1.0674477	0.5882159	2.4557943	-0.9059489	3.3598719	3.147951	24.590124	-2.6988409	1.3969839e-09	-0.001861405	3.7252903e-09	-0.0020544068	0.21849413	-0.0712693	15.173936	-7.3597965	0.31098342	0.002110362	1.0	1.6841002	0.00253371	1440000	1473.752611398697
48	11.862609	3.7227287	20.594513	5.2724066	38.208332	29.23323	127.0	0.0	1000.0	26374.0	0.017941496598639455	1.1251945	0.6040482	2.8099012	-0.8784747	3.8948	3.1752496	23.009132	-2.3070433	1.1175871e-08	-0.00067857304	1.1175871e-08	-0.0015889847	0.2206753	-0.06559615	18.121428	-8.357521	0.31309378	0.003473103	1.0	1.6839855	0.0014975725	1470000	1503.4949622154236
49	10.876831	3.265797	16.678572	4.0517416	35.25	17.772285	66.0	0.0	1000.0	27452.0	0.018301333333333333	1.1835262	0.6088786	2.753008	-0.9753921	4.091489	3.4511268	29.61946	-3.0214276	7.450581e-09	-0.00064120116	-1.4901161e-08	-0.0016555558	0.23134719	-0.07706562	15.2699585	-8.458193	0.31656688	0.004396975	1.0	1.6839426	0.0009678906	1500000	1533.3714487552643
50	10.663114	2.7471385	16.787306	6.592743	40.583332	20.381601	83.0	8.0	1000.0	28778.0	0.018809150326797384	1.113624	0.6162525	2.8116267	-0.8473659	3.9877272	3.139623	24.710682	-2.7190259	-4.1909516e-09	-0.0007885734	-2.2351742e-08	-0.0015808488	0.21372725	-0.0764639	20.863329	-10.511736	0.32096386	0.0058425367	1.0	1.6837895	0.0007667485	1530000	1563.5671582221985
51	8.774255	3.2314885	14.949224	1.9589647	46.208332	29.954103	109.0	0.0	1000.0	30170.0	0.01933974358974359	1.014285	0.59170544	2.638438	-0.84711653	4.542309	3.520279	27.443897	-2.4026697	-1.8626451e-09	-0.00079192617	2.2351742e-08	-0.0014675797	0.23822686	-0.07030927	20.789066	-9.611687	0.3268064	0.007759303	1.0	1.6833553	0.00076835364	1560000	1593.5668470859528
52	9.8087225	3.7646847	15.5330925	2.6477108	40.083332	20.724215	91.0	1.0	1000.0	31390.0	0.019742138364779876	1.032658	0.5921071	2.7538052	-1.0922599	4.400928	3.1500475	26.265345	-3.2324638	-5.5879354e-09	-0.0013142065	1.1175871e-08	-0.0023304513	0.20430294	-0.06837052	17.935753	-9.232981	0.3345657	0.008913398	1.0	1.6829996	0.0025470713	1590000	1623.2042944431305
53	9.630536	3.3314295	17.094152	3.1824532	47.625	29.044237	130.0	6.0	1000.0	32714.0	0.020193827160493828	1.0220205	0.6098572	2.5956933	-1.042078	4.3812337	3.6260877	27.596466	-3.205409	-1.8626451e-08	-0.0007393869	-5.5879354e-09	-0.0013523605	0.21337697	-0.071030125	20.548355	-10.074127	0.3434791	0.010754824	1.0	1.6825873	0.0019398571	1620000	1653.038353919983
54	11.436002	3.1945543	19.01326	5.2792673	46.291668	27.855997	106.0	3.0	1000.0	33962.0	0.020583030303030304	1.1455458	0.5827259	2.8217227	-0.7993939	4.4089885	3.7351127	28.671675	-3.288704	1.3038516e-08	-0.0104168225	1.4901161e-08	-0.023348406	0.22351226	-0.08126761	20.294224	-11.163882	0.35423392	0.018686086	79.0	1.6824992	0.009333209	1650000	1689.6422102451324
55	11.775319	3.6838765	19.378433	2.7105973	51.416668	36.254787	161.0	11.0	1000.0	35454.0	0.02110357142857143	1.2242916	0.65068585	3.0433755	-0.8855794	4.9476037	4.4160576	36.992096	-2.8747945	0.0	-0.010892369	3.9115548e-08	-0.028691225	0.22725266	-0.07872222	27.658451	-15.390676	0.37292	0.02386558	79.0	1.6717696	0.008670811	1680000	1726.9670240879059
56	10.098751	3.4844162	14.005895	-2.2598686	41.25	26.83631	100.0	6.0	1000.0	36674.0	0.021446783625730995	1.186051	0.6222214	3.0326579	-0.6028326	4.6015644	4.4098697	35.998367	-3.5092647	0.0	-0.012391601	-3.7252903e-09	-0.037322074	0.20276265	-0.078662455	22.316412	-12.833356	0.3967856	0.024625868	53.0	1.673317	0.012022921	1710000	1761.7947149276733
57	12.376666	3.0125995	17.092215	5.483922	35.666668	15.886752	65.0	10.0	1000.0	37790.0	0.0217183908045977	1.2257124	0.62375516	2.7286074	-0.8226815	4.159122	3.5425122	35.870625	-2.2434418	-3.259629e-09	-0.00025029108	3.7252903e-09	-0.0011853924	0.20841014	-0.07722787	17.182026	-8.914749	0.42141145	0.01692149	2.0	1.6619241	0.002694293	1740000	1791.6218168735504
58	11.733712	3.7192504	17.60123	4.4640217	41.416668	28.115707	115.0	0.0	1000.0	39012.0	0.022040677966101693	1.3029795	0.6293509	2.7668016	-0.697302	4.0967674	3.3569565	30.563845	-2.1032615	9.313226e-09	-0.0010682486	4.656613e-09	-0.0015284448	0.21681747	-0.07513981	19.385387	-9.681274	0.43833295	0.017705798	1.0	1.6616696	0.002390001	1770000	1821.5574538707733
59	11.906577	2.6174843	16.684536	5.6964874	40.833332	30.829731	147.0	0.0	1000.0	40210.0	0.022338888888888887	1.2158455	0.6215899	2.684115	-1.22215	4.0509615	3.652934	30.018042	-3.410476	-7.450581e-09	-0.00038053095	-2.9802322e-08	-0.0010977052	0.21785113	-0.073624715	17.51159	-9.036492	0.45603874	0.018630952	1.0	1.6617373	0.0031786445	1800000	1851.3855278491974
60	11.745773	3.0287182	17.21773	5.0597606	45.916668	31.546152	130.0	0.0	1000.0	41620.0	0.022743169398907102	1.319062	0.60156757	2.7447221	-1.0646898	4.187523	3.708512	33.85436	-2.2888665	-1.4901161e-08	-0.0015793517	-2.2351742e-08	-0.00063106744	0.22307634	-0.08266662	22.877842	-12.785963	0.4746697	0.020137101	1.0	1.6616883	0.0035732188	1830000	1881.6877446174622
61	11.69543	3.1884322	18.16695	5.480003	52.375	28.834026	114.0	12.0	1000.0	43084.0	0.023163440860215052	1.2512777	0.6391679	3.2467222	-0.7694767	4.799958	4.4361277	33.49985	-3.3746905	-1.3969839e-08	-0.001458958	-4.0978193e-08	-0.007504922	0.18995512	-0.067095205	24.464285	-14.066574	0.4948068	0.022250205	1.0	1.6614571	0.0063714883	1860000	1911.6318786144257
62	12.498265	3.6496224	21.10702	5.725399	46.0	36.33295	172.0	0.0	1000.0	44377.0	0.02347989417989418	1.264769	0.5872207	3.0688982	-0.99444973	4.870446	3.9970002	33.59542	-4.5904503	0.0	-0.0015162264	-1.4901161e-08	-0.0034348504	0.20689213	-0.073165804	26.45718	-15.156244	0.517057	0.023616016	1.0	1.6611997	0.006228976	1890000	1941.283186674118
63	12.230596	3.4033456	18.071867	4.528245	46.583332	29.10028	115.0	0.0	1000.0	45760.0	0.023833333333333335	1.211722	0.6281094	2.985495	-0.93838984	4.7807646	4.2411394	40.12887	-3.604347	5.5879354e-09	-0.0010849731	7.450581e-09	-0.0027744193	0.2113341	-0.08502289	22.146622	-13.203466	0.540673	0.025044799	1.0	1.6608217	0.001259533	1920000	1971.0941462516785
64	13.383441	3.4347308	18.976942	6.567744	38.666668	24.587711	90.0	0.0	1000.0	47035.0	0.02412051282051282	1.341299	0.5879362	2.749201	-1.1413174	4.643797	3.9771776	34.56871	-3.0572448	-1.8626451e-08	-0.0013928162	-2.9802322e-08	-0.003282614	0.19989432	-0.066209555	21.801281	-12.55394	0.5657178	0.02549702	1.0	1.6606048	0.0018945357	1950000	2001.0295054912567
65	11.687408	3.7221894	18.500633	2.71434	42.791668	20.10178	88.0	12.0	1000.0	48360.0	0.024424242424242425	1.2981931	0.6288637	2.8752599	-0.75446874	4.692426	4.0655913	35.68611	-3.1532178	1.5832484e-08	-0.000778608	2.9802322e-08	-0.0010605468	0.21027385	-0.08374272	21.821037	-13.090487	0.59121484	0.02649337	1.0	1.6608835	0.0020885393	1980000	2031.3795104026794
66	12.436151	3.3534417	17.893517	5.3326993	49.333332	33.19848	133.0	2.0	1000.0	49849.0	0.024800497512437812	1.2367132	0.6254581	2.5736349	-0.8757822	4.574341	4.1952815	43.39584	-3.0119238	-7.450581e-09	-0.001496654	-1.4901161e-08	-0.0036130808	0.2293754	-0.088189006	28.448574	-16.804867	0.6177082	0.028274536	1.0	1.6612777	0.002574555	2010000	2061.1788392066956
67	12.067852	2.3316882	15.9043665	8.591924	55.291668	27.328981	108.0	13.0	1000.0	51442.0	0.025216666666666665	1.2843107	0.61063784	2.6103995	-0.9593212	5.272276	4.7694163	40.244938	-4.1105003	-4.1909516e-09	-0.0025297692	-1.8626451e-08	-0.008231937	0.21431926	-0.09029205	27.356636	-17.115543	0.64598274	0.03065747	1.0	1.6616584	0.008345162	2040000	2090.9471032619476
68	12.400197	3.5562937	20.565113	2.9928887	45.666668	36.894745	140.0	0.0	1000.0	52813.0	0.02551352657004831	1.2790363	0.61115295	2.9199305	-0.80695814	5.3003836	4.3377795	36.88845	-2.9339297	-5.5879354e-09	-0.0016471657	-3.7252903e-09	-0.0050169607	0.19706506	-0.08163587	27.922516	-17.431248	0.6766402	0.031820297	1.0	1.661849	0.0043232613	2070000	2120.7952303886414
69	12.942372	3.4011433	18.415358	4.788159	47.875	31.244081	133.0	0.0	1000.0	54274.0	0.025844761904761905	1.3216885	0.59148765	2.7366288	-0.9887089	5.094136	4.6247663	40.59593	-3.4149616	7.450581e-09	-0.012461074	-5.5879354e-09	-0.032062657	0.19829342	-0.08027196	27.300886	-14.29129	0.7084605	0.037495792	29.0	1.6622199	0.012685672	2100000	2153.281686782837
70	13.202451	3.6217957	20.165087	7.6158624	46.208332	27.03852	131.0	0.0	1000.0	55684.0	0.026142723004694834	1.345148	0.5726756	2.7618968	-0.67244166	4.720143	3.9979436	35.840458	-3.1389513	1.4901161e-08	-0.011260968	3.7252903e-08	-0.027736576	0.21295515	-0.095801696	23.95232	-12.41047	0.7459563	0.038268566	21.0	1.6529114	0.013657484	2130000	2185.507248878479
71	12.75193	3.9343715	19.386951	4.4891095	45.0	29.021544	131.0	8.0	1000.0	57075.0	0.02642361111111111	1.3428326	0.6067116	3.0092752	-0.87070525	5.0204463	4.3719497	39.298103	-3.4839375	-1.8626451e-08	-0.010691659	-1.9557774e-08	-0.027097613	0.20623723	-0.0883795	22.481327	-12.0124655	0.78422487	0.03919369	20.0	1.6539611	0.011195742	2160000	2217.408314228058
72	13.560391	2.6716962	17.321957	8.103794	34.833332	27.406914	133.0	0.0	1000.0	58143.0	0.02654931506849315	1.4040917	0.5838941	2.9045553	-0.61393696	4.300442	3.7937715	35.53708	-3.5484703	-1.1175871e-08	-0.0015247766	-1.8626451e-08	-0.0026887208	0.20348106	-0.086311	19.599903	-9.817492	0.82341856	0.03549242	2.0	1.659766	0.0013119724	2190000	2247.463990211487
73	13.659447	3.2876663	20.588852	7.7397695	34.541668	24.939894	99.0	0.0	1000.0	59209.0	0.02667072072072072	1.4051609	0.5395045	2.6895752	-0.7728159	3.6119397	3.6756477	39.42651	-3.3626237	-7.450581e-09	-0.0029074172	7.450581e-09	-0.005842367	0.2157791	-0.08493582	17.861935	-8.812174	0.858911	0.034994185	4.0	1.6607208	0.004656866	2220000	2277.7776262760162
74	13.125424	2.9314601	18.791986	4.216421	53.916668	40.74915	196.0	0.0	1000.0	60723.0	0.026988	1.3785182	0.58692276	2.628549	-0.7936778	3.8656135	3.9088972	35.2186	-5.123007	-7.450581e-09	-0.0077727824	-1.4901161e-08	-0.021062657	0.19207549	-0.088765584	32.319786	-17.888508	0.89390516	0.038210094	11.0	1.6613057	0.012296587	2250000	2308.714523792267
75	13.844163	3.4787922	22.319218	7.1467714	32.958332	24.371225	92.0	0.0	1000.0	61723.0	0.027071491228070177	1.4388803	0.5662053	3.1951897	-0.5882148	4.625341	4.471322	40.40729	-4.0722218	-1.3038516e-08	-0.009032948	-2.9802322e-08	-0.023982752	0.20153606	-0.09113692	18.989822	-9.936546	0.93211526	0.03762126	13.0	1.6595311	0.01605497	2280000	2340.1682765483856
76	14.326495	2.5754695	19.811388	9.817907	33.833332	21.597967	76.0	0.0	1000.0	62705.0	0.027145021645021646	1.4091529	0.5402281	2.8942664	-0.59872234	3.5333636	3.727187	31.850504	-3.2148206	-3.7252903e-09	-0.0023323442	-1.4901161e-08	-0.006878718	0.21523973	-0.09557213	15.247911	-6.972505	0.9697365	0.035307825	2.0	1.6643693	0.005540778	2310000	2369.994491815567
77	14.583426	2.3151188	17.960752	8.63166	28.458334	22.317743	90.0	0.0	1000.0	63553.0	0.02715940170940171	1.5186096	0.56356853	3.1972144	-0.62642556	3.4514804	3.0133564	34.697796	-2.892884	-3.7252903e-09	-0.004393664	3.7252903e-09	-0.008688531	0.20676199	-0.089077175	14.379992	-7.253494	1.0050443	0.03387761	7.0	1.6660831	0.00770077	2340000	2400.3854846954346
78	13.777949	2.5255203	18.708803	9.461287	32.125	22.591135	76.0	0.0	1000.0	64455.0	0.02719620253164557	1.3996552	0.56750035	2.6972792	-0.8025624	3.3210924	3.4457989	31.825775	-4.6115746	2.0489097e-08	-0.0061236974	2.4214387e-08	-0.0146180745	0.18855965	-0.08329805	14.295512	-7.075943	1.038922	0.03315389	13.0	1.6697116	0.010847538	2370000	2431.4024295806885
79	14.339101	2.5476522	18.703817	9.314942	25.416666	32.38559	154.0	0.0	1000.0	65178.0	0.0271575	1.4753684	0.4997582	2.792479	-0.7265309	2.857577	2.580977	24.852598	-3.6745543	1.8626451e-08	-0.008353985	2.2351742e-08	-0.017963963	0.18416876	-0.07398785	17.39598	-11.18862	1.0720758	0.031137943	16.0	1.6631114	0.012710512	2400000	2462.525270462036
80	14.347478	2.1276813	18.748793	10.782026	24.791666	17.051342	69.0	0.0	1000.0	65935.0	0.02713374485596708	1.4698253	0.5265139	2.9230168	-0.8813958	2.5024474	3.2708178	35.198017	-3.8987756	8.381903e-09	-0.006484916	5.5879354e-09	-0.015699826	0.17819068	-0.081727296	14.0407295	-8.223922	1.1032138	0.02802527	7.0	1.6537876	0.0142862955	2430000	2493.43909907341
81	13.828789	2.28246	18.621134	7.665608	23.208334	13.022349	42.0	0.0	1000.0	66649.0	0.02709308943089431	1.4708418	0.5072065	2.8069637	-0.7750264	2.6207414	3.035959	28.072493	-3.1552908	-5.5879354e-09	-0.008140946	-5.5879354e-09	-0.017817423	0.17733748	-0.07137178	10.006479	-5.0729456	1.131239	0.026193738	15.0	1.6528254	0.013292061	2460000	2524.3534693717957
82	13.671292	3.340785	19.85836	6.8759246	25.458334	23.239655	104.0	0.0	1000.0	67387.0	0.027063052208835342	1.5151087	0.54167455	3.091928	-0.81315017	2.4527338	2.7563343	29.267952	-2.9642453	-1.1175871e-08	-0.0075655286	-1.7695129e-08	-0.017359633	0.20488143	-0.0875839	11.729694	-5.4305444	1.1574328	0.02588582	23.0	1.6535208	0.011221558	2490000	2556.3978729248047
83	14.051239	2.8500707	19.561296	8.554607	31.666666	21.605684	83.0	0.0	1000.0	68216.0	0.027069841269841268	1.4941303	0.5672071	2.9131162	-0.7297444	2.8779616	3.4613602	31.446472	-3.1443257	6.519258e-09	-0.008881994	3.7252903e-09	-0.019404368	0.18395063	-0.074080184	13.285651	-6.7209654	1.1833186	0.025318861	19.0	1.6491029	0.012956243	2520000	2588.10267496109
84	14.380654	2.3393679	19.879549	9.329947	19.708334	16.221075	59.0	0.0	1000.0	68870.0	0.027007843137254902	1.5082781	0.55972546	2.7020473	-0.87301654	2.66817	2.9419606	37.255108	-3.5136547	2.7939677e-09	-0.009460014	1.3038516e-08	-0.020640464	0.17479363	-0.07476513	13.669748	-6.9448824	1.2086375	0.021671176	16.0	1.6475265	0.016304396	2550000	2619.2391641139984
85	14.404472	2.3437943	19.396784	9.42267	16.375	15.1597395	53.0	0.0	1000.0	69411.0	0.026903488372093023	1.4650882	0.5250543	2.7582784	-0.7605687	2.2472384	2.7213962	42.01392	-2.1101923	-2.7939677e-09	-0.0018081537	-5.5879354e-09	-0.0026611974	0.18945019	-0.08367748	10.898144	-5.629443	1.2303087	0.015588403	2.0	1.6476586	0.0015020089	2580000	2649.5986001491547
86	14.500877	2.8572257	19.802856	9.90749	22.583334	31.71608	122.0	0.0	1000.0	69995.0	0.02681800766283525	1.464544	0.51753837	2.8554056	-0.65767163	1.8919412	2.7252736	29.347466	-2.7936149	9.313226e-09	-0.0013021859	1.4901161e-08	-0.0045284303	0.1575343	-0.07594246	22.848057	-12.336058	1.245897	0.0134289265	1.0	1.6473122	0.007731214	2610000	2679.406975507736
87	14.714871	2.3525639	19.384222	11.186758	20.75	18.797716	77.0	0.0	1000.0	70689.0	0.026776136363636363	1.4989601	0.5139428	3.0807753	-0.47700128	2.3042011	3.3839815	36.168674	-3.4753318	7.450581e-09	-0.008554418	9.313226e-09	-0.021697994	0.1597743	-0.07262204	13.7196865	-6.8883505	1.259326	0.011785626	6.0	1.6468976	0.018512812	2640000	2709.842871427536
88	15.304184	3.0437272	22.094898	7.994566	24.208334	24.153984	90.0	0.0	1000.0	71338.0	0.026718352059925093	1.5388737	0.5224476	2.803363	-0.39418048	2.3809938	2.8019607	28.169754	-4.104235	-1.8626451e-09	-0.0025827559	0.0	-0.004353364	0.15453443	-0.061958198	13.880457	-7.0129414	1.2711116	0.01018405	3.0	1.6440685	0.004684576	2670000	2740.143123149872
89	14.724121	2.41707	20.234415	9.778217	22.833334	15.94696	48.0	0.0	1000.0	72062.0	0.02668962962962963	1.5622835	0.5649046	2.984942	-0.5918099	2.3566854	3.0668504	25.402027	-3.2647824	-7.450581e-09	-0.0041422923	-1.4901161e-08	-0.011420957	0.16928245	-0.0742117	12.283572	-5.8936954	1.2812957	0.009099007	7.0	1.6422808	0.012101462	2700000	2770.6919872760773
90	14.383517	3.325361	19.940762	6.7670317	19.291666	16.799007	64.0	0.0	1000.0	72641.0	0.026608424908424907	1.4769113	0.5624813	2.8590927	-1.1397613	2.5106418	3.1862369	32.185	-2.6489716	3.7252903e-09	-0.0050538783	0.0	-0.010355735	0.19679399	-0.09738153	12.098278	-5.9721813	1.2903947	0.0068336725	7.0	1.6435516	0.0085053425	2730000	2801.49404668808
91	14.67888	3.2379038	20.152182	8.741415	15.958333	21.243586	74.0	0.0	1000.0	73169.0	0.02651050724637681	1.5110277	0.5321262	2.8955388	-0.6482015	1.8649607	2.356061	28.211119	-3.2996829	-1.8626451e-09	-0.0037465715	2.7939677e-09	-0.01058439	0.18172963	-0.0917979	10.006311	-5.421413	1.2972283	0.004002571	9.0	1.6464293	0.011957501	2760000	2832.010600090027
92	13.602084	3.1372626	21.33413	7.3195667	16.25	15.316793	59.0	0.0	1000.0	73730.0	0.02642652329749104	1.5083797	0.5556089	3.1451995	-1.0658054	1.8554133	2.5473704	33.069717	-3.1482146	-3.7252903e-09	-0.0019385046	7.450581e-09	-0.003163993	0.17042282	-0.0836758	7.8686557	-3.6981115	1.3012309	0.0007328987	2.0	1.6482768	0.00439678	2790000	2862.0901498794556
93	13.154946	2.9747896	19.201094	7.267527	26.791666	23.620224	81.0	0.0	1000.0	74473.0	0.02640886524822695	1.4131594	0.56194365	2.892566	-0.98368835	2.094849	2.7666414	28.70028	-2.746297	-1.4901161e-08	-0.003964833	-1.3038516e-08	-0.009774327	0.18929598	-0.10600881	15.680837	-8.589149	1.3019638	0.001470089	6.0	1.6487718	0.011737765	2820000	2892.717289209366
94	13.71552	2.976172	18.0418	7.4063196	26.458334	26.169287	97.0	0.0	1000.0	75232.0	0.02639719298245614	1.4212489	0.5357515	2.858886	-0.81904656	2.4827979	3.108646	36.636242	-3.6477993	5.5879354e-09	-0.0083372705	-3.7252903e-09	-0.019190244	0.19155622	-0.09015283	15.698061	-8.850765	1.3034339	0.0019831657	7.0	1.6508708	0.013254413	2850000	2923.085066318512
95	13.938748	3.525639	21.475872	8.34319	19.791666	29.015772	122.0	0.0	1000.0	75816.0	0.026325	1.4664794	0.5553295	2.8335984	-1.0501271	1.9431789	2.4910984	35.89085	-2.7270203	1.1175871e-08	-0.0035005722	1.1175871e-08	-0.008476125	0.1612683	-0.07939048	21.62945	-15.565453	1.3054171	2.9563904e-05	2.0	1.6535033	0.009183159	2880000	2953.3709886074066
96	12.647235	2.5421178	17.520124	7.67693	23.166666	21.112135	65.0	0.0	1000.0	76473.0	0.026279381443298968	1.4135139	0.58898133	2.7658162	-1.0726979	2.492427	3.5119374	41.94561	-3.4057953	1.8626451e-08	-0.011242275	2.9802322e-08	-0.025289886	0.16351238	-0.09235727	21.890762	-12.280485	1.3054466	0.00035774708	8.0	1.654463	0.017003639	2910000	2983.9826667308807
97	13.462398	2.9144738	19.291454	8.403824	14.75	11.486405	45.0	0.0	1000.0	76907.0	0.026158843537414964	1.3312017	0.5534835	3.0510573	-1.1977788	1.9946289	2.34978	25.714437	-2.5784264	-1.094304e-08	-0.0060791657	-3.0267984e-09	-0.014666263	0.16132897	-0.086702935	8.045143	-3.708454	1.3058044	-0.0016657114	12.0	1.654522	0.012661353	2940000	3014.9690470695496
98	14.217387	2.7617638	20.444017	9.8989525	18.5	19.62991	85.0	0.0	1000.0	77370.0	0.02605050505050505	1.4369311	0.5965824	2.808625	-1.1992072	1.4071395	2.0102472	28.81027	-1.7340564	3.7252903e-09	-0.0030399025	1.8626451e-09	-0.0073324144	0.17685193	-0.0816559	10.8947	-6.026474	1.3041387	-0.004110098	6.0	1.6526747	0.011802616	2970000	3045.3120608329773
99	13.824634	2.7069612	18.97084	8.509339	17.791666	16.802727	67.0	0.0	1000.0	77995.0	0.02599833333333333	1.4498307	0.5649054	3.2286623	-1.185785	1.8911469	2.7229211	28.29026	-2.0231628	0.0	-0.0019063433	3.7252903e-09	-0.004135113	0.18485978	-0.0975371	14.309633	-7.416879	1.3000286	-0.0061178207	2.0	1.6513531	0.004585583	3000000	3075.46918797493
100	13.735383	3.5155213	20.50012	5.9904747	13.5	15.687043	67.0	0.0	1000.0	78458.0	0.025893729372937293	1.4555944	0.5679411	3.0197423	-0.41378105	2.2019343	2.762706	31.465252	-1.0892088	0.0	-0.0050971457	-7.450581e-09	-0.010417219	0.16226797	-0.079413846	8.921135	-5.5577106	1.2939107	-0.008089185	8.0	1.6508509	0.008180458	3030000	3106.3886573314667
101	13.513988	2.6889234	17.56419	8.08348	17.041666	16.8609	71.0	0.0	1000.0	78940.0	0.025797385620915034	1.4449263	0.5633222	2.8060584	-0.9792283	1.590274	2.4601197	34.71405	-2.0565815	1.1175871e-08	-0.008011203	1.4901161e-08	-0.016581118	0.15614873	-0.0839416	9.174318	-4.722083	1.2858216	-0.00819087	18.0	1.6476226	0.01214469	3060000	3137.909149646759
102	13.5022955	2.2228198	19.165157	10.033497	17.458334	18.770498	77.0	0.0	1000.0	79479.0	0.02572135922330097	1.4323021	0.51713175	2.9712546	-0.8035748	1.6483591	2.5372076	32.72753	-3.130964	4.656613e-09	-0.0045222766	1.1175871e-08	-0.009726964	0.13893494	-0.076895684	13.14111	-6.588331	1.2776307	-0.01023376	7.0	1.6298652	0.011212125	3090000	3168.433904647827
103	14.212349	2.3761754	20.17159	8.975043	15.458333	12.625962	38.0	0.0	1000.0	79947.0	0.025624038461538462	1.4742038	0.48887923	3.2605247	-0.7735394	1.8390802	2.4750712	33.783607	-4.929313	-9.313226e-09	-0.0048758495	-7.450581e-09	-0.012439821	0.13642502	-0.069865786	8.0409	-4.483426	1.2673969	-0.01184392	7.0	1.6228416	0.012965206	3120000	3198.717102766037
104	13.417534	2.7922018	19.172672	9.196703	20.5	30.272375	129.0	0.0	1000.0	80525.0	0.025563492063492062	1.4248482	0.5129617	2.8965898	-0.87040937	1.850937	2.5088208	23.816433	-2.0292926	-1.1175871e-08	-0.0054463604	-1.6763806e-08	-0.013442083	0.1390645	-0.06874553	15.896677	-10.425707	1.255553	-0.0117640495	7.0	1.6200039	0.014063252	3150000	3229.3415451049805
105	13.216015	2.4586163	17.477554	6.450791	22.291666	22.786106	104.0	0.0	1000.0	81132.0	0.025513207547169812	1.353839	0.5257563	2.6641903	-1.1548166	2.0435407	3.1991408	38.795696	-3.1492023	-7.450581e-09	-0.004850669	-7.450581e-09	-0.012481598	0.13796328	-0.07631692	15.912615	-8.020434	1.243789	-0.011274576	6.0	1.6197526	0.013956707	3180000	3260.0086541175842
106	13.797616	2.3500025	18.707603	9.147256	13.708333	14.231652	52.0	0.0	1000.0	81658.0	0.025438629283489098	1.4047136	0.5395205	3.117179	-1.1285814	1.7766392	2.2815235	34.20066	-3.2153404	3.7252903e-09	-0.0073712803	7.450581e-09	-0.015863694	0.15721554	-0.09017466	8.221949	-3.9431238	1.2325144	-0.012047291	15.0	1.617723	0.012670405	3210000	3291.3363201618195
107	14.658008	4.158291	21.128138	0.8914389	16.208334	13.322846	43.0	0.0	1000.0	82173.0	0.025362037037037037	1.4618404	0.5040857	2.9372683	-0.5607397	1.8769226	2.1238878	22.699177	-3.1435971	-5.5879354e-09	-0.009595456	5.5879354e-09	-0.018955335	0.23217535	-0.14626208	9.084887	-4.8515677	1.2204671	-0.008651137	43.0	1.606929	0.012233119	3240000	3325.239799261093
108	14.75578	2.4594512	19.25794	9.536839	19.583334	15.61494	71.0	0.0	1000.0	82727.0	0.025298776758409785	1.4907228	0.566822	3.1964145	-0.97156	1.9126313	2.5207484	26.15858	-1.9555506	-1.4901161e-08	-0.0076565566	-7.450581e-09	-0.016587503	0.15945663	-0.08830348	9.14313	-4.0886564	1.211816	-0.012016296	16.0	1.5758858	0.0130329225	3270000	3356.454532146454
109	14.527798	2.859533	19.127045	9.35999	21.5	19.663841	61.0	0.0	1000.0	83404.0	0.025273939393939394	1.4937974	0.5371164	3.008515	-1.2088145	2.1202796	2.7156494	30.20723	-1.4003539	0.0	-0.0074744476	-3.7252903e-09	-0.01610687	0.15285015	-0.08425205	10.616549	-4.687299	1.1997997	-0.011902928	18.0	1.5647664	0.013087347	3300000	3388.222424030304
110	14.377326	3.161287	19.04596	10.026442	25.541666	20.221645	85.0	0.0	1000.0	84096.0	0.025254054054054054	1.4870459	0.4836815	2.839178	-0.826757	2.2361844	2.8909843	30.189316	-1.6686296	1.1175871e-08	-0.0029192776	2.2351742e-08	-0.005691155	0.14814854	-0.08248687	10.277847	-5.102009	1.1878967	-0.012238622	2.0	1.5676727	0.0046891095	3330000	3418.6822340488434
111	15.077014	2.1816301	19.950048	11.599831	32.125	33.628254	157.0	0.0	1000.0	85010.0	0.025300595238095237	1.5008471	0.4945639	3.1873717	-0.5014507	2.4523945	3.14796	28.39156	-2.6081324	-1.8626451e-09	-0.00254572	-1.8626451e-09	-0.0072080577	0.14673305	-0.09128925	30.304474	-17.99651	1.1756581	-0.009185791	1.0	1.5690947	0.008945106	3360000	3448.630321741104
112	15.371437	2.46151	20.14695	10.91688	23.25	19.940014	65.0	0.0	1000.0	85861.0	0.02532772861356932	1.5372347	0.4565166	2.7494423	-0.48842838	2.8867006	3.1946688	27.838697	-4.2437162	3.7252903e-09	-0.0041357707	7.450581e-09	-0.011618556	0.10974428	-0.06412421	15.097839	-7.901078	1.1664723	-0.008073211	6.0	1.5695546	0.012325585	3390000	3478.7798478603363
113	15.359184	2.8354683	20.231133	10.574115	28.375	27.10291	126.0	0.0	1000.0	86629.0	0.025330116959064328	1.5811117	0.52154505	2.816457	-0.53415626	2.6760046	2.9950647	30.527082	-3.0657687	-1.1175871e-08	-0.00517252	-1.1175871e-08	-0.012352994	0.122933604	-0.06769185	18.04425	-10.148359	1.1583991	-0.006233573	7.0	1.570503	0.010272103	3420000	3509.334463119507
114	15.829385	2.139966	18.98604	11.181115	45.083332	35.078384	161.0	0.0	1000.0	87859.0	0.025466376811594204	1.6042987	0.49210352	2.8635042	-0.44374853	3.0688374	3.7872825	32.862404	-3.5017314	-5.5879354e-09	-0.002873025	-1.1175871e-08	-0.006301095	0.12635507	-0.062012322	35.844856	-22.695892	1.1521655	-0.00080502033	1.0	1.5690279	0.008235505	3450000	3538.99777507782
115	15.690288	2.002204	18.766455	11.943059	26.458334	22.870975	105.0	0.0	1000.0	88785.0	0.02551293103448276	1.5983965	0.53259695	3.03712	-0.6395037	3.3246353	3.7773166	34.922356	-3.989681	1.8626451e-09	-0.009725502	6.519258e-09	-0.024454381	0.12093562	-0.06576997	18.483429	-9.505379	1.1513605	0.001288414	13.0	1.5687213	0.015370244	3480000	3570.5464296340942
116	15.217923	2.5443926	20.061152	11.025201	22.208334	18.252806	69.0	0.0	1000.0	89426.0	0.025477492877492878	1.5946883	0.5304864	3.2905738	-1.0548606	2.7667437	3.3611677	38.070023	-3.101772	-1.8626451e-08	-0.0017366835	-2.2351742e-08	-0.0030519865	0.1443238	-0.08049911	11.364433	-5.7837577	1.1526489	-0.00074362755	2.0	1.561651	0.0032872586	3510000	3600.4912548065186
117	15.090964	2.878002	20.025621	9.274984	36.375	32.29656	147.0	0.0	1000.0	90517.0	0.025569774011299434	1.5472	0.54336125	2.9894402	-0.9634343	2.4687645	3.4013247	32.87014	-3.2697024	-5.5879354e-09	-0.0011101896	-1.3038516e-08	-0.0020870382	0.1638377	-0.0837343	21.974585	-11.176558	1.1519053	0.0022323132	1.0	1.5597324	0.0022223706	3540000	3630.6270060539246
118	15.45946	2.335957	19.913712	11.106995	25.75	20.946857	80.0	0.0	1000.0	91386.0	0.025598319327731094	1.601105	0.5401391	2.8443513	-0.7123909	3.298692	3.5329363	38.254486	-2.1217947	1.1175871e-08	-0.0017914505	2.6077032e-08	-0.0049408786	0.160356	-0.094920844	16.62894	-7.403284	1.1541376	0.0022484064	1.0	1.5586036	0.008834356	3570000	3660.7728493213654
119	15.412693	2.6172664	20.692575	9.7382	41.625	28.124445	102.0	0.0	1000.0	92677.0	0.02574361111111111	1.6173704	0.51156014	3.0283632	-0.6415637	3.2756176	3.8332407	34.791866	-3.0451293	-1.1175871e-08	-0.0012278433	-1.4901161e-08	-0.0049478537	0.1334692	-0.07330766	20.662785	-10.326147	1.156386	0.006547332	1.0	1.5575771	0.010383732	3600000	3691.1251261234283
120	16.596842	2.796282	21.584833	9.5706835	25.458334	18.754953	74.0	0.0	1000.0	93416.0	0.02573443526170799	1.6250622	0.4788545	2.8561177	-0.21370366	3.3448308	3.3879058	33.367844	-3.745889	-2.7939677e-09	-0.0011587961	-1.0244548e-08	-0.0016152251	0.15659189	-0.087711394	16.54189	-8.301319	1.1629333	0.0060759783	1.0	1.5564579	0.0013654439	3630000	3721.4598200321198
121	15.92894	2.7015712	20.51963	11.61368	25.958334	22.957348	78.0	0.0	1000.0	94165.0	0.025728142076502734	1.7022923	0.5310762	3.3221714	-0.8275008	2.8272004	3.37935	32.082275	-2.5295587	9.313226e-09	-0.0012574391	1.1175871e-08	-0.0020832089	0.1668253	-0.09013647	12.965298	-5.9108596	1.1690093	0.005812049	1.0	1.5556296	0.002945146	3660000	3751.0968165397644
122	16.513472	2.9760249	22.573952	10.870113	30.791666	21.478632	77.0	0.0	1000.0	95160.0	0.025788617886178863	1.6737947	0.5165236	2.9323292	-0.80421764	2.6935277	3.2033427	26.14404	-2.7645652	3.7252903e-09	-0.00089815573	0.0	-0.0017755963	0.13860357	-0.07341142	14.078209	-6.2216125	1.1748214	0.0069133043	1.0	1.5550032	0.0028527782	3690000	3781.1190915107727
123	16.340166	2.34374	19.95562	12.028033	23.541666	23.041592	70.0	0.0	1000.0	95871.0	0.025771774193548386	1.7241536	0.5334005	3.2107246	-0.8944813	3.0525823	3.2962353	26.783869	-3.2039378	1.4901161e-08	-0.0013886272	1.1175871e-08	-0.0050421637	0.15520877	-0.07908045	13.194847	-6.4719086	1.1817347	0.005901456	1.0	1.5545783	0.007765473	3720000	3811.0048146247864
124	16.172987	2.5513742	20.757565	11.865533	22.291666	20.27823	66.0	0.0	1000.0	96620.0	0.025765333333333335	1.6424886	0.5434866	2.8319712	-0.6445704	2.3902225	3.0495114	35.08384	-3.3445482	-1.3969839e-09	-0.0016305345	-1.8626451e-09	-0.0027885996	0.16063192	-0.089865334	12.38665	-5.2408133	1.1876361	0.004605174	1.0	1.5544189	0.0034989133	3750000	3841.0055890083313
125	16.543556	1.8264458	19.186272	12.208754	32.0	24.89478	83.0	0.0	1000.0	97716.0	0.025850793650793652	1.6692401	0.48364228	2.7767196	-1.0115122	3.2888138	3.473426	25.069208	-1.8106472	-9.313226e-09	-0.001225675	0.0	-0.002398946	0.14471161	-0.08426943	17.800934	-8.466187	1.1922413	0.0061616898	1.0	1.5544579	0.0040216884	3780000	3871.431433916092
126	16.959837	2.644282	21.30927	12.199182	29.458334	19.083107	73.0	3.0	1000.0	98692.0	0.025903412073490815	1.6974409	0.5013206	3.1084774	-0.38770673	3.2435594	3.372223	36.84633	-1.421533	0.0	-0.0010287643	-2.0489097e-08	-0.0014500124	0.11631148	-0.059732314	16.365986	-7.4113135	1.198403	0.006884098	1.0	1.5546417	0.0019230176	3810000	3901.337076187134
127	16.466764	3.759329	21.474981	2.6425753	26.708334	24.749542	90.0	0.0	1000.0	99515.0	0.025915364583333333	1.7106677	0.55910754	3.3259192	-0.54249233	2.9978375	3.3118267	33.789864	-2.901132	1.8626451e-09	-0.0014276777	5.5879354e-09	-0.0026675183	0.14405179	-0.0870453	11.06451	-4.3199883	1.2052871	0.0067540407	1.0	1.5546889	0.0034116819	3840000	3931.225556373596
128	16.41867	2.9356997	24.224361	10.786728	23.041666	15.314696	51.0	0.0	1000.0	100200.0	0.025891472868217056	1.6936109	0.5432574	3.0142934	-0.67968714	2.6079867	3.3777921	30.69865	-3.1076138	-4.656613e-09	-0.00064611516	-7.450581e-09	-0.00095020887	0.1407745	-0.07115033	11.455188	-5.5671167	1.2120411	0.005584359	1.0	1.554832	0.0009936546	3870000	3960.9834504127502
129	16.855637	1.656143	20.008764	13.934644	33.0	26.008013	95.0	0.0	1000.0	101078.0	0.0259174358974359	1.7033992	0.50305516	2.9945004	-0.36072528	2.5174162	3.1736987	27.536934	-4.4434013	-1.1175871e-08	-0.0014207	-1.1175871e-08	-0.0027008078	0.125561	-0.0691864	11.900206	-5.1508274	1.2176255	0.007381439	1.0	1.5547881	0.004843628	3900000	3990.8428144454956
130	17.461016	2.4035037	21.804888	13.397928	26.791666	26.91031	86.0	0.0	1000.0	101861.0	0.02591882951653944	1.7520545	0.5212834	3.3110948	-1.6235905	2.97073	3.158123	28.515125	-2.0911646	1.21071935e-08	-0.0010470303	1.1175871e-08	-0.0015186346	0.15178357	-0.07981965	14.065704	-5.9324718	1.2250069	0.0072250366	1.0	1.5545161	0.0021421234	3930000	4021.75639295578
131	16.74444	2.8370337	22.157154	10.499583	20.791666	26.918053	130.0	0.0	1000.0	102464.0	0.025874747474747474	1.773807	0.5037665	3.788859	-0.42158425	2.3774168	2.6587868	27.828608	-2.3486683	3.7252903e-09	-0.0011990727	1.1175871e-08	-0.005673286	0.13760194	-0.08373152	13.047216	-5.412474	1.232232	0.00533998	1.0	1.5538962	0.008466227	3960000	4051.474141359329
132	16.127712	2.2090917	21.396427	12.228182	34.541668	32.546093	104.0	0.0	1000.0	103401.0	0.025915037593984964	1.7491562	0.5159012	3.127309	-0.42405805	2.5743494	3.2656045	28.280203	-1.6715353	-7.450581e-09	-0.0014082287	-3.7252903e-09	-0.00551772	0.13542531	-0.064585716	13.429998	-6.1148405	1.237572	0.0076788664	1.0	1.5534151	0.010630682	3990000	4082.4381058216095
133	16.680723	2.2675288	21.198793	11.16885	24.75	19.538958	72.0	0.0	1000.0	104154.0	0.025908955223880595	1.6680454	0.49756467	2.9904315	-0.6554474	3.0089295	3.6004212	30.085346	-3.6424387	3.7252903e-09	-0.0064601414	7.450581e-09	-0.014982235	0.12319579	-0.060395196	11.470839	-5.301953	1.2452508	0.007759571	8.0	1.5533088	0.012055763	4020000	4113.414602518082
134	16.26045	2.4089868	22.131847	11.890341	25.208334	25.373837	83.0	0.0	1000.0	104909.0	0.025903456790123458	1.6758312	0.49903134	3.1762598	-0.535846	2.4572797	2.7176347	25.760147	-2.0762167	1.3969839e-08	-0.0060628187	2.2351742e-08	-0.013160156	0.13828239	-0.07430568	12.821877	-5.707512	1.2530104	0.007127762	8.0	1.5503829	0.010929201	4050000	4143.817450761795
135	15.780804	4.0289044	22.471634	2.762675	27.291666	18.153234	67.0	0.0	1000.0	105742.0	0.025917156862745098	1.6696169	0.56185025	3.11933	-0.82574284	2.5094557	2.9217112	28.035547	-1.7817693	-3.7252903e-09	-0.0023734195	-1.4901161e-08	-0.0046513174	0.14452319	-0.07677183	12.08893	-4.7326665	1.2601382	0.006543398	2.0	1.5474856	0.0045718644	4080000	4174.448796749115
136	17.035418	2.7387695	21.299757	8.759079	15.708333	17.43913	53.0	0.0	1000.0	106249.0	0.025851338199513383	1.6236	0.5480414	2.913205	-0.61201996	2.312676	2.322362	26.209274	-3.064879	9.313226e-09	-0.0070318393	2.2351742e-08	-0.01607053	0.1305837	-0.07239517	9.138144	-3.3271515	1.2666816	0.004366994	13.0	1.5468903	0.0126252165	4110000	4205.223400592804
137	16.209028	3.7652967	22.079882	5.735322	24.666666	16.554625	63.0	0.0	1000.0	106988.0	0.025842512077294686	1.6889075	0.5258768	3.0216281	-0.5041928	2.148171	2.4742591	23.284855	-2.84908	-3.7252903e-09	-0.007149227	0.0	-0.0143974135	0.1574103	-0.08569896	11.190621	-5.236259	1.2710485	0.004796982	17.0	1.544524	0.01329435	4140000	4236.427443742752
138	16.653969	3.756994	22.74802	7.1390524	16.458334	13.357204	51.0	0.0	1000.0	107444.0	0.025765947242206235	1.6448284	0.5504561	3.1157303	-0.39623386	2.177168	2.717692	26.338766	-2.9713452	3.7252903e-09	-0.0019546454	7.450581e-09	-0.0044571487	0.16092661	-0.0824446	8.442948	-3.3988621	1.2758455	-9.059906e-06	2.0	1.544291	0.0038521676	4170000	4266.538857221603
139	16.67009	2.540318	20.380522	11.054	22.333334	15.361387	52.0	0.0	1000.0	108170.0	0.025754761904761905	1.7219619	0.5608362	3.3094826	-0.8155905	2.0150278	2.7612028	24.863976	-1.8927073	7.450581e-09	-0.0027479753	1.5832484e-08	-0.0059736585	0.1418886	-0.07629502	13.353327	-5.1041174	1.2758365	-0.00062799454	4.0	1.5438629	0.007032344	4200000	4296.726131677628
140	16.710505	2.5794888	20.995743	10.09325	21.875	19.31604	65.0	0.0	1000.0	108757.0	0.025710874704491727	1.7124692	0.5279578	3.359571	-1.0405645	2.486446	2.6192303	23.35734	-2.072288	1.7695129e-08	-0.0032440461	3.4458935e-08	-0.006456718	0.1332201	-0.06903835	9.816658	-4.2700653	1.2752085	-0.0015747547	4.0	1.5419785	0.007811035	4230000	4327.507894039154
141	16.543676	3.0973377	23.205317	7.6686254	22.541666	22.226072	65.0	0.0	1000.0	109514.0	0.0257075117370892	1.6845362	0.5517417	3.2069361	-1.0106164	2.204152	2.8066537	25.935349	-2.7738717	-1.8626451e-09	-0.0027193842	0.0	-0.005424179	0.15898322	-0.082433864	14.70952	-6.918041	1.2736337	-0.0023429394	2.0	1.5411342	0.0047384766	4260000	4357.556846380234
142	17.045698	2.878512	22.737312	10.761861	24.416666	26.027096	87.0	0.0	1000.0	110173.0	0.02568135198135198	1.6909931	0.4932762	3.087877	-0.7465788	2.4400537	2.9253056	26.690649	-1.8260019	7.450581e-09	-0.0017805255	1.8626451e-09	-0.007245514	0.15549676	-0.08213498	16.371647	-8.943317	1.2712908	-0.0023390055	1.0	1.5416845	0.01199825	4290000	4388.025149822235
143	17.93717	2.7288716	21.754225	11.998196	16.875	18.554676	70.0	0.0	1000.0	110746.0	0.025635648148148147	1.775386	0.49846333	3.2636979	-0.6200987	2.1420877	2.692733	27.24282	-4.0363107	3.7252903e-09	-0.004012743	1.4901161e-08	-0.012538172	0.1551567	-0.07874435	10.635593	-5.170551	1.2689518	-0.004084468	6.0	1.5420895	0.015800834	4320000	4418.33786034584
144	16.20619	2.7085636	22.415522	11.404027	15.208333	16.787842	45.0	0.0	1000.0	111272.0	0.02557977011494253	1.7098973	0.5345819	3.2487662	-0.26649222	1.9368604	2.341301	29.891436	-2.2750192	9.313226e-09	-0.0041868347	1.5832484e-08	-0.0081313215	0.14169523	-0.08022747	10.855366	-4.5773497	1.2648673	-0.0065244436	7.0	1.5424998	0.008829401	4350000	4448.9011487960815
145	16.624605	3.0292518	20.833952	7.72758	16.125	16.414711	47.0	0.0	1000.0	111777.0	0.02551986301369863	1.6597623	0.5367255	3.0394838	-0.80335367	1.7646617	2.332088	28.206	-2.9564764	-1.6763806e-08	-0.008934481	-2.6077032e-08	-0.018464172	0.14260218	-0.07441366	7.5696473	-3.4246893	1.2583429	-0.005883932	28.0	1.5419359	0.012609087	4380000	4482.050122022629
146	16.912558	2.7765965	21.728333	9.183055	23.666666	19.67161	71.0	0.0	1000.0	112391.0	0.02548548752834467	1.7218496	0.5025021	2.992755	-0.5386476	1.7713546	2.4340541	25.399025	-2.260675	3.7252903e-09	-0.009354947	0.0	-0.018855777	0.12959312	-0.06557347	11.471262	-4.8623962	1.2524589	-0.0040100813	28.0	1.5360637	0.013335741	4410000	4514.156587600708
147	18.049038	2.5238464	21.939571	12.708686	16.541666	19.474298	58.0	0.0	1000.0	113058.0	0.025463513513513513	1.7701284	0.5229068	3.2502978	-0.49790138	2.0599327	2.399824	26.59344	-1.4711154	-1.8626451e-09	-0.008315287	3.7252903e-09	-0.018043706	0.14523613	-0.073169775	12.513626	-5.141061	1.2484488	-0.007496834	17.0	1.524256	0.0135129	4440000	4545.555310249329
148	17.527082	1.7007647	20.680363	13.700606	26.708334	23.575197	104.0	0.0	1000.0	113746.0	0.025446532438478747	1.7989037	0.5216269	3.3614318	-0.60424596	2.4698853	3.1562557	30.923365	-2.672172	-1.5366822e-08	-0.002994969	-1.7229468e-08	-0.006182383	0.13957159	-0.07999359	13.133986	-5.603298	1.240952	-0.008405924	2.0	1.5103431	0.0066068918	4470000	4575.522558450699
149	16.920586	2.1040423	20.425179	12.106999	24.166666	24.09818	93.0	0.0	1000.0	114510.0	0.025446666666666666	1.8019751	0.4819765	3.1827002	-0.38177294	2.3817604	2.8583636	29.57682	-2.025584	7.450581e-09	-0.0013145828	4.656613e-09	-0.002514746	0.118926294	-0.055551	14.795827	-7.5708823	1.2325461	-0.007983565	1.0	1.5086877	0.0038212142	4500000	4605.534476995468
150	16.426039	3.3159988	21.540155	2.5960813	20.625	19.060896	62.0	0.0	1000.0	115158.0	0.025421192052980133	1.725785	0.5505595	3.3874445	-0.8667176	2.4374151	2.9405928	28.074554	-1.865302	-9.313226e-09	-0.0017217877	-1.8626451e-08	-0.004611008	0.11716546	-0.056894176	13.715811	-7.165118	1.2245625	-0.008280396	3.0	1.5081375	0.00589473	4530000	4636.147655487061
151	18.180857	3.1635695	23.777039	9.874809	21.625	19.924467	75.0	0.0	1000.0	115770.0	0.02538815789473684	1.7745981	0.47837874	3.1044302	-0.21045174	2.2750468	2.7846787	27.946074	-3.0037146	9.313226e-09	-0.0010347762	2.4214387e-08	-0.0018931783	0.15416667	-0.07989998	9.655358	-4.705294	1.2162821	-0.00871563	1.0	1.5066543	0.0069140084	4560000	4665.981821298599
152	17.542	2.347683	23.043331	13.353925	21.75	19.07496	67.0	0.0	1000.0	116410.0	0.02536165577342048	1.7911266	0.482781	2.9507856	-0.470448	1.9691937	2.6098006	23.881989	-1.3084962	1.8626451e-09	-0.0005496484	3.7252903e-09	-0.001657908	0.1559399	-0.07654161	8.695063	-3.5048592	1.2075665	-0.008821607	1.0	1.5057213	0.004110404	4590000	4695.93862080574
153	17.196375	2.1763346	20.355629	10.879382	15.958333	13.489129	55.0	0.0	1000.0	116875.0	0.025297619047619048	1.7947742	0.5183809	3.3000412	-0.42985135	1.9806118	2.407036	29.393751	-1.2819272	6.9849193e-09	-0.0013799793	2.2351742e-08	-0.0023621668	0.12769252	-0.058525853	8.330372	-3.9213004	1.1987449	-0.010643244	1.0	1.5047164	0.003432827	4620000	4725.967531681061
154	17.78644	2.1254537	22.230793	14.549679	18.125	15.306079	49.0	0.0	1000.0	117455.0	0.025259139784946236	1.778182	0.44325832	2.9359934	-0.50556016	1.6913524	2.3746138	25.92779	-2.249304	-1.1175871e-08	-0.0010977371	-1.4901161e-08	-0.002008086	0.12174662	-0.05207002	11.648621	-4.7995415	1.1881016	-0.011596084	1.0	1.5038519	0.0023677917	4650000	4755.87811923027
155	17.317795	2.9615164	20.735882	5.379591	20.458334	18.969227	65.0	0.0	1000.0	118061.0	0.025226709401709402	1.7849323	0.54803866	3.056906	-0.59454155	2.055768	2.7248194	25.947287	-3.0723758	-8.381903e-09	-0.0013883074	-2.0489097e-08	-0.0029940372	0.1154969	-0.047028817	10.224383	-4.0207767	1.1765056	-0.0117532015	1.0	1.5029824	0.0048210556	4680000	4786.884837150574
156	17.407888	3.6422987	22.492783	5.6376886	24.375	21.096628	74.0	0.0	1000.0	118693.0	0.025200212314225052	1.8103014	0.54715973	3.0958955	-0.4217607	2.022631	2.5231135	27.10006	-0.92925525	-3.7252903e-09	-0.0013779728	-1.4901161e-08	-0.001978736	0.14151268	-0.061802957	10.578516	-4.1120696	1.1647524	-0.010736704	1.0	1.5022322	0.005416333	4710000	4816.975202322006
157	18.561302	2.0323534	22.481058	14.944339	24.833334	21.038984	84.0	0.0	1000.0	119328.0	0.025174683544303796	1.8401049	0.45998877	3.6071177	-0.12928443	2.2462802	2.8057075	27.664354	-1.4071144	8.381903e-09	-0.0008988953	1.3038516e-08	-0.0017129276	0.11367829	-0.05103171	9.115096	-4.070527	1.1540157	-0.009688377	1.0	1.5015494	0.0042109955	4740000	4847.025975704193
158	17.603012	2.000265	20.702269	12.588332	18.416666	17.483128	58.0	0.0	1000.0	119904.0	0.025137106918238995	1.831156	0.48681638	4.7829785	-0.122266546	1.8657203	2.2970483	29.077902	-1.5230467	-1.4901161e-08	-0.0011942995	-7.450581e-09	-0.0027173539	0.116811134	-0.062454097	12.037681	-5.329321	1.1443273	-0.010656595	1.0	1.5009438	0.003627223	4770000	4876.953455686569
159	16.361258	2.9586487	22.700354	10.725176	23.208334	19.341188	77.0	0.0	1000.0	120630.0	0.02513125	1.7535136	0.44224635	3.0521314	-0.18551701	2.2830725	3.272485	34.904125	-2.0373614	-7.450581e-09	-0.0021106803	-1.1175871e-08	-0.004105211	0.109707445	-0.05472601	16.164982	-8.525858	1.1336707	-0.010082483	1.0	1.5003994	0.0044278502	4800000	4906.939697027206
160	17.665955	2.0293944	22.006939	13.686162	17.208334	17.173086	54.0	0.0	1000.0	121255.0	0.02510455486542443	1.733233	0.44618672	2.872148	-0.38949344	2.4752266	3.0692034	29.349886	-5.360253	1.3038516e-08	0.00073685707	2.9802322e-08	-0.010888812	0.10821901	-0.05882784	12.9532795	-7.0613217	1.1235882	-0.0113343	1.0	1.4997782	0.020705245	4830000	4937.539812803268
161	17.254446	1.5737032	19.876062	13.772738	23.583334	21.48045	77.0	0.0	1000.0	121911.0	0.025084567901234568	1.8217169	0.45197996	3.0475564	-0.29071596	2.0641887	2.5174925	25.39591	-1.9706147	2.7939677e-09	-0.00090100267	0.0	-0.00246099	0.10259855	-0.0484329	10.050944	-4.313601	1.1122539	-0.0105650425	1.0	1.4993105	0.0053073075	4860000	4967.646249294281
162	17.098974	1.8679715	20.929893	11.586522	24.208334	17.284336	62.0	0.0	1000.0	122653.0	0.02508241308793456	1.8135881	0.4530612	3.0915487	-0.16464037	2.3147078	2.6644146	24.883535	-2.7146747	1.4901161e-08	-0.0014709632	2.9802322e-08	-0.006208346	0.10295887	-0.048393294	13.367374	-5.849967	1.1016889	-0.009732604	1.0	1.4988534	0.009418701	4890000	4997.717826366425
163	17.348501	3.1339254	23.576117	7.729607	19.75	17.125153	62.0	0.0	1000.0	123261.0	0.025053048780487804	1.7497166	0.48655635	3.0268896	-0.08868601	2.3453374	2.4789047	24.185617	-2.2224324	-4.656613e-09	-0.00081823673	3.7252903e-09	-0.0008815825	0.12847257	-0.07429126	9.562218	-4.0281944	1.0919563	-0.010311723	1.0	1.498277	0.0008865525	4920000	5027.822639465332
164	16.161093	4.6462154	21.95877	2.698423	14.0	18.122269	61.0	0.0	1000.0	123688.0	0.024987474747474748	1.6971738	0.62101525	3.1955492	-0.5524134	1.976067	2.3816135	23.45796	-3.0570467	-1.8626451e-09	-0.0012739135	-3.7252903e-09	-0.00241361	0.117939994	-0.06101848	7.733536	-3.9763794	1.0816445	-0.012307286	3.0	1.4977922	0.002947012	4950000	5057.916654825211
165	17.100477	3.4214654	20.900097	3.3804579	30.208334	23.551325	97.0	0.0	1000.0	124581.0	0.025016265060240964	1.740906	0.5199028	2.9466033	-0.44090492	2.049807	3.1414535	30.016771	-3.7763731	3.7252903e-09	-0.0009841723	5.5879354e-09	-0.0034775534	0.12078773	-0.06481119	12.479315	-6.119276	1.0693372	-0.009689331	1.0	1.4973481	0.005749267	4980000	5088.104056596756
166	17.39106	2.8009114	23.453735	9.824408	16.625	18.241009	61.0	0.0	1000.0	125071.0	0.024964271457085827	1.7385788	0.50950605	3.3595047	-0.58127224	2.0920546	2.3465297	25.97823	-2.2917786	0.0	-0.0011329461	1.1175871e-08	-0.0035553845	0.13033539	-0.06549604	9.572767	-4.5679717	1.0596479	-0.01114738	1.0	1.4970579	0.004978439	5010000	5117.956976890564
167	18.032701	2.1235003	21.052477	12.894355	13.833333	15.372233	47.0	0.0	1000.0	125572.0	0.024915079365079366	1.7945243	0.48716334	3.1765337	-0.4921439	1.8809284	2.8332794	27.409027	-3.0037332	1.071021e-08	-0.008218513	2.2351742e-08	-0.01794204	0.13535374	-0.068992704	8.916231	-4.2872458	1.0485005	-0.011245608	19.0	1.4968204	0.013407751	5040000	5149.937344789505
168	17.261713	2.0513253	21.429735	13.523198	21.625	19.206797	60.0	0.0	1000.0	126281.0	0.02490749506903353	1.7906867	0.49812517	3.1566744	-0.61712486	1.854933	2.7492049	31.180109	-3.497179	-9.313226e-09	-0.001679882	-2.2351742e-08	-0.0028087622	0.13502035	-0.07279691	12.612266	-6.0309353	1.0372549	-0.012580156	2.0	1.497121	0.003256923	5070000	5179.979263305664
169	17.197004	1.8241131	20.26868	13.583998	21.833334	21.072626	75.0	0.0	1000.0	126881.0	0.024878627450980392	1.7549757	0.435451	3.6143844	-0.44745547	2.3706353	2.8992696	27.70129	-2.403847	-4.1909516e-09	-0.0013706388	-1.1175871e-08	-0.0024241535	0.11026714	-0.055596996	8.965665	-4.1832194	1.0246748	-0.012117505	3.0	1.4970988	0.0035292306	5100000	5209.96623301506
170	18.292313	3.0937915	22.879559	8.112862	18.291666	22.899199	71.0	0.0	1000.0	127499.0	0.024853606237816763	1.7721162	0.46508193	2.8051515	-0.23254715	1.9087883	2.7104065	23.483519	-2.0175476	-2.2351742e-08	-0.0010886982	-3.5390258e-08	-0.002867901	0.14974591	-0.07698202	9.623974	-4.4851456	1.0125573	-0.013007879	1.0	1.4963965	0.0044856938	5130000	5240.6263954639435
171	17.353884	2.2517993	20.582214	11.795096	16.166666	13.7163725	48.0	0.0	1000.0	128077.0	0.024821124031007752	1.8180867	0.5145849	3.090991	-0.266622	2.2288647	2.7296257	24.873615	-1.6124516	9.546056e-09	-0.0010238776	7.916242e-09	-0.00199128	0.1351366	-0.07303184	10.788945	-5.4019322	0.9995494	-0.014165103	1.0	1.4960499	0.004650159	5160000	5270.515903711319
172	17.541132	2.5297546	21.413858	12.744943	15.791667	19.678625	76.0	0.0	1000.0	128500.0	0.024759152215799614	1.7608435	0.46935442	2.8787162	-0.695235	1.6093738	2.1606708	28.84082	-2.166175	-4.656613e-09	-0.00089588645	-1.1175871e-08	-0.00090702996	0.11834183	-0.05622926	7.832616	-4.002037	0.9853843	-0.01527071	1.0	1.4955986	0.003381114	5190000	5300.6812443733215
173	17.426872	2.7367914	23.05133	12.363805	19.416666	17.114605	44.0	0.0	1000.0	129060.0	0.024724137931034482	1.7707419	0.49540856	3.094902	-0.6468608	1.6169415	2.2159994	24.69802	-1.490073	-3.7252903e-09	-0.0009087301	0.0	-0.0017432095	0.14083028	-0.07421996	10.417238	-5.170618	0.9701136	-0.015191853	1.0	1.4950277	0.0029906733	5220000	5330.721731185913
174	17.426422	4.0830283	22.470507	1.1652691	24.333334	26.433353	112.0	0.0	1000.0	129807.0	0.02472514285714286	1.7615975	0.61239374	3.1442542	-0.8189514	1.915568	2.7162633	23.597399	-2.5950313	-1.1175871e-08	-0.0015618543	-1.1175871e-08	-0.0041519185	0.14076936	-0.07407302	14.3956585	-6.388995	0.9549217	-0.01373893	1.0	1.4943378	0.00684102	5250000	5360.755558729172
175	17.688715	2.175236	21.529785	12.37432	25.625	18.18152	71.0	0.0	1000.0	130506.0	0.024717045454545453	1.8228996	0.50343955	3.329856	-0.6987999	2.307813	2.9052296	26.621204	-1.0988963	-2.0489097e-08	-0.00093980227	-4.4703484e-08	-0.0014824554	0.15160652	-0.08224162	12.410234	-6.0556455	0.9411828	-0.012106061	1.0	1.4936981	0.0054609515	5280000	5391.414762973785
176	17.771364	2.5785506	21.43441	11.986788	15.625	18.031944	62.0	0.0	1000.0	131030.0	0.02467608286252354	1.8560218	0.48195913	3.1485722	-0.8499287	2.197037	2.5335827	29.773418	-1.0717303	1.6763806e-08	-0.0008924762	1.1175871e-08	-0.003911799	0.13805902	-0.06764163	13.815178	-7.13692	0.92907673	-0.013405323	1.0	1.4930332	0.007604728	5310000	5421.428141593933
177	18.119165	2.2066178	24.298895	13.438647	20.291666	16.942253	66.0	0.0	1000.0	131553.0	0.024635393258426966	1.8577803	0.48455292	3.0312357	-0.2892677	1.8151054	2.7561078	28.795185	-2.0218458	4.8894435e-09	-0.0013184425	9.313226e-09	-0.0066491105	0.14134553	-0.06220544	10.893655	-5.352247	0.9156714	-0.013276458	1.0	1.4923553	0.010450536	5340000	5451.394275188446
178	17.86954	2.1385663	22.119768	10.96763	24.458334	18.761616	66.0	0.0	1000.0	132351.0	0.0246463687150838	1.8480586	0.4980849	3.0663273	-0.34495682	2.1116164	2.7902105	27.048996	-2.173461	1.3038516e-08	-0.0016148421	3.7252903e-08	-0.004955412	0.14263602	-0.07689439	13.97192	-6.7717457	0.90239495	-0.011967599	1.0	1.4918857	0.0060547246	5370000	5481.131324291229
179	18.386917	2.7607775	22.221552	13.182623	22.625	25.998096	75.0	0.0	1000.0	132941.0	0.024618703703703705	1.8541349	0.50652134	3.4420247	-0.7907556	2.335559	2.9017684	24.540514	-1.3496004	3.7252903e-09	-0.00022062263	0.0	-0.00042915135	0.12313065	-0.06714402	9.0000725	-4.6485834	0.89042735	-0.011289299	1.0	1.4914948	0.0010049968	5400000	5511.186552762985
180	18.894325	1.4110348	21.307909	15.769012	16.666666	10.934146	36.0	0.0	1000.0	133515.0	0.02458839779005525	1.8845514	0.43702435	2.8554254	-0.3627178	2.071894	3.0054915	37.469242	-0.7993182	-1.8626451e-09	-0.0011840605	-7.450581e-09	-0.0035525681	0.1240605	-0.064276636	9.125734	-3.7882445	0.87913805	-0.012303829	1.0	1.4911864	0.003832532	5430000	5541.639935016632
181	18.640692	3.3522441	25.44995	5.238751	18.458334	19.371326	67.0	0.0	1000.0	134097.0	0.02455989010989011	1.8788179	0.53964657	3.5408149	-0.62926465	2.0376513	2.5501857	26.209942	-0.5108306	7.2759576e-09	-0.000868089	5.5879354e-09	-0.0022190816	0.1282236	-0.06796758	10.511357	-5.0047736	0.8668342	-0.012724042	1.0	1.4910226	0.0035814196	5460000	5571.55708861351
182	18.378834	2.453981	22.456934	12.799794	16.0	18.339394	70.0	0.0	1000.0	134575.0	0.024512750455373405	1.907561	0.4777757	3.2516568	-0.06904556	1.7483375	2.4743402	24.844557	-1.621468	3.7252903e-09	-0.0011777515	3.7252903e-09	-0.0012451219	0.12964432	-0.06480256	7.816677	-3.4231672	0.8541102	-0.0137348175	1.0	1.4909098	0.004161126	5490000	5601.569246053696
