Epoch	AverageEpRet	StdEpRet	MaxEpRet	MinEpRet	AverageEpCost	StdEpCost	MaxEpCost	MinEpCost	EpLen	CumulativeCost	CostRate	AverageVVals	StdVVals	MaxVVals	MinVVals	AverageCostVVals	StdCostVVals	MaxCostVVals	MinCostVVals	LossPi	DeltaLossPi	SurrCost	DeltaSurrCost	LossV	DeltaLossV	LossVC	DeltaLossVC	Penalty	DeltaPenalty	StopIter	Entropy	KL	TotalEnvInteracts	Time
0	0.94049853	2.1672902	7.135784	-1.9535892	19.083334	24.934776	105.0	0.0	1000.0	566.0	0.018866666666666667	0.61293733	0.5609774	2.04244	-1.1380246	-0.42537484	0.11806303	0.08869068	-0.77741355	-2.9802322e-08	0.010500111	-5.2154064e-08	-0.0059748143	0.87699926	-0.699427	22.228563	-8.154827	0.99999994	-0.031171799	1.0	1.837877	0.023324136	30000	26.593088388442993
1	1.4845592	3.0762436	7.3292494	-2.8874657	9.583333	13.041334	42.0	0.0	1000.0	908.0	0.015133333333333334	0.25059384	0.44753408	1.601347	-1.0586364	1.329832	1.8515215	7.755947	-3.119909	-1.3969839e-08	0.041139867	-2.9802322e-08	-0.0029949043	0.1886642	-0.043293282	6.898556	-1.0181866	0.96882814	-0.028508246	1.0	1.8390086	0.11971259	60000	51.75463604927063
2	0.32978585	1.6576058	4.8069654	-1.7721941	10.083333	21.584944	71.0	0.0	1000.0	1208.0	0.013422222222222223	0.12732615	0.51031554	1.7758195	-1.1602882	1.402827	1.2811037	6.119474	-1.7919122	-7.450581e-09	-0.0083178235	-2.2351742e-08	-0.014621265	0.10108845	-0.039601676	6.374648	-1.5828004	0.9403199	-0.025138497	79.0	1.8396642	0.008981224	90000	84.09585952758789
3	0.076080374	2.3158784	8.823078	-2.4796283	9.791667	19.55117	61.0	0.0	1000.0	1551.0	0.012925	0.03550328	0.30687463	0.98655003	-0.9961604	1.4846336	1.6821902	8.666737	-2.4075346	-1.1175871e-08	-0.008298642	-2.2351742e-08	-0.018408779	0.0884294	-0.013159921	7.699408	-2.7558422	0.9151814	-0.025200784	57.0	1.8193078	0.014354657	120000	114.78013348579407
4	2.1245527	2.9498453	7.9659204	-1.1661942	18.5	29.210443	98.0	0.0	1000.0	2109.0	0.01406	0.11805417	0.45877218	1.3664707	-1.1164187	1.3603401	1.6937569	11.242764	-1.8489182	4.656613e-09	0.00070613995	1.1175871e-08	-0.0056492332	0.124044806	-0.024352483	12.366966	-3.4220219	0.8899806	-0.026582181	7.0	1.8184133	0.015008118	150000	141.11256337165833
5	1.6751021	2.5944927	7.5988765	-2.1564617	14.875	23.293978	86.0	0.0	1000.0	2521.0	0.014005555555555556	0.22672589	0.4954781	1.8537135	-1.0391157	1.5733566	2.0081875	18.035748	-2.38438	-2.7939677e-09	0.0028267116	9.313226e-09	-0.00074971607	0.1130884	-0.021232989	9.286394	-2.7799816	0.86339843	-0.026625276	1.0	1.8184531	0.014234392	180000	166.8929259777069
6	3.3832738	3.4708884	11.954787	-1.5785265	16.666666	23.23551	85.0	0.0	1000.0	3016.0	0.014361904761904761	0.17115918	0.40868783	1.5302348	-0.74248147	1.6070647	1.7942343	15.751723	-1.7917385	3.7252903e-09	-0.00039560208	1.1175871e-08	-0.0002696683	0.16856489	-0.030503536	10.744554	-3.53812	0.83677316	-0.025748193	1.0	1.8187883	0.0018868408	210000	192.82546162605286
7	2.4124885	2.452378	6.2644315	-1.0625522	18.916666	32.383015	142.0	0.0	1000.0	3514.0	0.014641666666666667	0.30212238	0.5269912	2.106983	-0.88595843	1.7857168	2.4494317	18.92647	-2.4806523	7.450581e-09	9.056367e-05	7.450581e-09	-0.0040528206	0.1711525	-0.037688863	10.573412	-2.8528304	0.81102496	-0.024417818	1.0	1.8188436	0.010613242	240000	218.74270272254944
8	2.267073	3.1113317	8.934759	-1.8252182	10.833333	22.412174	81.0	0.0	1000.0	3955.0	0.014648148148148148	0.18889043	0.41988775	1.759842	-0.814909	1.5357169	2.166378	19.083014	-1.6916004	-3.7252903e-09	-0.00045517017	1.4901161e-08	-0.002180695	0.11917312	-0.022918487	8.260473	-2.6816187	0.78660715	-0.024736524	1.0	1.8188033	0.0052832034	270000	244.8168375492096
9	1.4764538	2.338996	7.950667	-1.1074908	18.208334	30.207586	106.0	0.0	1000.0	4434.0	0.01478	0.2568796	0.5108108	2.2772624	-1.0036263	1.7787899	2.4088044	18.579065	-1.6973057	3.7252903e-09	0.0011662669	1.4901161e-08	0.00071343686	0.09189364	-0.024865022	9.787687	-3.7393823	0.7618706	-0.023675561	1.0	1.8188266	0.005690762	300000	270.9165394306183
10	1.5358862	2.8246112	8.392938	-1.5626292	11.583333	17.927902	62.0	0.0	1000.0	4780.0	0.014484848484848484	0.19381778	0.4042771	1.4706833	-0.85466653	2.2782824	3.1054013	24.3947	-1.3498421	-2.0489097e-08	-0.0010037082	-2.6077032e-08	-0.0031262988	0.14842738	-0.026455082	13.166601	-7.570935	0.73819506	-0.023819864	1.0	1.8188746	0.0085430425	330000	297.1046099662781
11	2.4882493	2.8521566	7.836794	-1.2139049	15.75	19.472738	56.0	0.0	1000.0	5217.0	0.014491666666666667	0.26202697	0.4503023	1.707725	-1.0210172	1.1700542	1.5093606	11.073048	-0.30560336	-3.7252903e-09	-0.0014234069	-2.2351742e-08	-0.0038534785	0.120443635	-0.025585655	9.325832	-3.351307	0.7143752	-0.023210168	1.0	1.8190465	0.006586068	360000	323.40727710723877
12	2.9072523	3.0434442	9.574555	-1.2526575	22.083334	25.574917	95.0	0.0	1000.0	5897.0	0.01512051282051282	0.258346	0.48554048	1.6979765	-1.0254933	1.8999983	2.2247028	23.73729	-0.1232789	-1.4901161e-08	-0.00047331536	-7.450581e-09	-0.0010279296	0.13326971	-0.020412518	13.328991	-3.6392205	0.69116503	-0.02127564	1.0	1.8193517	0.001555386	390000	349.5950713157654
13	3.8689137	3.0271823	10.910452	-1.3484293	20.333334	19.825628	79.0	0.0	1000.0	6418.0	0.015280952380952381	0.28306544	0.48915318	1.9122659	-0.86544347	2.1118371	2.6668081	22.017035	-1.017989	3.7252903e-09	-0.0010758662	0.0	-0.0012345873	0.1478851	-0.029393299	10.927156	-3.5496116	0.6698894	-0.020061672	1.0	1.8197019	0.00149916	420000	375.81656789779663
14	3.8095186	3.4910474	13.933489	-1.4093537	18.291666	20.106962	67.0	0.0	1000.0	6967.0	0.015482222222222222	0.414199	0.5641823	2.1256514	-0.811219	2.0599222	2.3338466	26.541231	-0.4709592	7.450581e-09	-0.00087939715	-1.4901161e-08	-0.00096515194	0.17690855	-0.044805802	9.435831	-2.2783835	0.6498277	-0.01945746	1.0	1.8202919	0.0015964801	450000	402.21707940101624
15	2.9450538	3.5365887	12.2872305	-0.62984675	21.458334	22.207317	90.0	0.0	1000.0	7598.0	0.015829166666666665	0.3916253	0.5230832	1.9742689	-0.9735804	1.993329	2.141164	21.1811	-0.4873105	3.7252903e-09	-0.0005486566	-1.1175871e-08	-0.0004296978	0.19145516	-0.05055392	9.924372	-1.9220458	0.63037026	-0.01820767	1.0	1.8206179	0.000950631	480000	430.0074152946472
16	2.7642012	3.1594293	11.768199	-1.8671051	21.208334	22.388573	76.0	0.0	1000.0	8205.0	0.016088235294117646	0.28816128	0.5463887	1.9898059	-1.0714394	2.303563	1.8287628	23.27307	-0.1320714	3.7252903e-09	-0.008369773	7.450581e-09	-0.014557512	0.16079602	-0.04875936	12.650231	-3.925873	0.6121626	-0.013253272	79.0	1.8207431	0.0081374645	510000	464.0725688934326
17	4.2086596	3.6929953	12.41261	-1.3170336	14.458333	18.298405	59.0	0.0	1000.0	8588.0	0.015903703703703705	0.39563635	0.53206277	1.8721064	-1.0184188	1.8106977	2.3515553	27.40103	-0.7635223	-3.7252903e-09	-0.009417549	-1.8626451e-09	-0.01583545	0.18966535	-0.04233392	7.969516	-2.1511962	0.5989093	-0.013610363	79.0	1.8293476	0.008406469	540000	497.66260051727295
18	5.2090263	3.6476269	11.0262575	-0.22642691	31.458334	22.829037	77.0	0.0	1000.0	9419.0	0.01652456140350877	0.5445877	0.58133274	2.144722	-0.9692495	1.7631	2.238431	23.956802	-1.1436019	-1.3038516e-08	-0.010847952	-4.4703484e-08	-0.025451602	0.17044589	-0.035888106	15.887415	-4.1670284	0.58529896	-0.0038060546	79.0	1.8091893	0.01009994	570000	531.1335732936859
19	5.379642	2.731021	9.982033	-0.13696925	19.083334	29.685738	116.0	0.0	1000.0	9953.0	0.016588333333333333	0.5406401	0.5532002	2.1290095	-1.037062	2.517734	2.4981096	27.753578	-1.4907792	5.122274e-09	0.0029338193	1.1175871e-08	-0.0022531776	0.17407279	-0.027068187	10.988102	-4.1794043	0.5814929	-0.012963593	8.0	1.7910948	0.014184723	600000	558.2261128425598
20	5.870833	3.9906201	12.646076	-0.5291619	22.291666	22.941011	102.0	0.0	1000.0	10570.0	0.016777777777777777	0.5465142	0.55849606	1.877056	-1.0173086	2.1687768	2.8671684	27.465158	-0.46846843	3.7252903e-09	0.001612412	-1.4901161e-08	-0.0038256492	0.19810337	-0.042692635	11.6856575	-3.7127197	0.5685293	-0.013141453	1.0	1.7880187	0.01218465	630000	585.7801878452301
21	4.953123	3.1650329	10.810021	-1.6805843	18.916666	13.680633	49.0	0.0	1000.0	11141.0	0.01688030303030303	0.5930806	0.59508353	2.38314	-1.0817357	2.176331	2.3254828	19.153309	-1.0535798	-3.259629e-09	-0.0009169063	-1.4901161e-08	-0.001414835	0.2110495	-0.045190245	10.765455	-3.351285	0.55538785	-0.013161302	1.0	1.7872858	0.0011011604	660000	612.9819622039795
