Epoch	AverageEpRet	StdEpRet	MaxEpRet	MinEpRet	AverageEpCost	StdEpCost	MaxEpCost	MinEpCost	EpLen	CumulativeCost	CostRate	AverageVVals	StdVVals	MaxVVals	MinVVals	AverageCostVVals	StdCostVVals	MaxCostVVals	MinCostVVals	LossPi	DeltaLossPi	SurrCost	DeltaSurrCost	LossV	DeltaLossV	LossVC	DeltaLossVC	Penalty	DeltaPenalty	StopIter	Entropy	KL	TotalEnvInteracts	Time
0	0.21868896	0.95273167	2.08157	-1.3653189	19.75	18.817656	76.0	0.0	1000.0	587.0	0.019566666666666666	0.7634934	0.50532436	2.017573	-1.0119658	-0.2952715	0.121481694	0.39425766	-0.90839124	-3.3527613e-08	0.01616437	-5.5879354e-08	-0.0025331955	0.9149121	-0.80902386	11.942596	-5.4311485	0.99999994	-0.031171799	1.0	1.837877	0.02802052	30000	26.9944908618927
1	0.13126571	0.8713181	1.8506207	-1.5180422	16.208334	13.496848	59.0	0.0	1000.0	1020.0	0.017	0.06979183	0.26078725	0.8041006	-0.7558345	1.8710976	1.1880169	5.77598	-2.1269321	-9.313226e-10	0.027845493	-1.3038516e-08	-0.0041262023	0.08690366	-0.022982087	4.988168	-0.7961924	0.96882814	-0.029956102	1.0	1.8382959	0.06827031	60000	53.17073178291321
2	-0.14415193	0.67119247	0.91757506	-1.4957895	7.5416665	11.276743	39.0	0.0	1000.0	1251.0	0.0139	0.01954231	0.30370143	0.6316317	-0.9394931	1.2850776	0.80835265	4.105413	-0.6398682	-6.9849193e-09	0.0002513111	-1.0244548e-08	-1.9235304e-05	0.050172694	-0.011222822	2.6367412	-0.60501236	0.93887204	-0.028002739	1.0	1.8388364	0.0019517675	90000	79.37814331054688
3	0.08226186	0.5946227	1.5677029	-0.64514256	8.958333	16.65703	67.0	0.0	1000.0	1496.0	0.012466666666666666	-0.03413817	0.27870947	0.5327509	-0.9519482	0.8378449	0.765065	4.122813	-1.5242186	1.8626451e-09	-9.5254276e-05	-3.7252903e-09	-0.0010420858	0.038614187	-0.006973696	4.7271414	-0.81558216	0.9108693	-0.028290808	1.0	1.8391349	0.007195246	120000	105.64522314071655
4	-0.18384616	0.6853959	1.0348922	-1.9257833	10.625	20.229542	82.0	0.0	1000.0	1804.0	0.012026666666666666	0.024206491	0.22680706	0.5788695	-0.8420118	0.9768311	1.1760341	6.656882	-1.9553735	5.5879354e-09	-0.0062976945	3.7252903e-09	-0.008433145	0.047331244	-0.012821644	4.678124	-1.5747371	0.8825785	-0.026690125	79.0	1.8393476	0.0073956344	150000	139.46795463562012
5	0.016853333	0.6526955	1.1175281	-1.2471148	6.8333335	10.796089	46.0	0.0	1000.0	2012.0	0.011177777777777778	0.01728714	0.23764138	0.6142743	-0.7954093	1.4276854	1.7062976	10.1811285	-2.80457	-1.0244548e-08	-0.00063341664	-1.1175871e-08	-0.002944481	0.05149186	-0.0073876726	4.870525	-2.7868333	0.85588837	-0.027993321	6.0	1.830853	0.0059083086	180000	166.59766602516174
6	-0.099512786	0.6951511	1.554348	-1.4703504	9.333333	13.0660715	58.0	0.0	1000.0	2268.0	0.0108	0.012540952	0.24884436	0.5994142	-0.8819828	0.68766457	0.7373544	5.917346	-2.1394932	1.3038516e-08	-2.591731e-05	6.519258e-09	0.0004454634	0.038560975	-0.0074606533	2.9926515	-0.89932734	0.82789505	-0.027679682	1.0	1.8295779	0.0018569164	210000	193.6140387058258
7	-0.05696703	0.8086219	1.6820061	-1.7784771	8.0	13.316656	59.0	0.0	1000.0	2473.0	0.010304166666666666	0.0063064904	0.29043385	0.6718198	-1.0437319	0.82189286	1.1400768	10.14945	-2.1981761	7.450581e-09	-0.00022407388	2.2351742e-08	-0.00022419402	0.035994872	-0.011301961	3.6144009	-1.2129197	0.80021536	-0.027259946	1.0	1.828804	0.00021986564	240000	220.3724491596222
8	0.12426577	0.6740853	1.5523179	-1.2519044	9.0	18.823744	69.0	0.0	1000.0	2703.0	0.010011111111111111	0.012179899	0.22806118	0.58577406	-0.7527936	0.6172844	1.0874445	12.592351	-2.3653295	9.313226e-10	-0.00012674299	-1.3038516e-08	0.00010742294	0.039728	-0.014236228	4.7760715	-2.8459451	0.7729554	-0.026710212	1.0	1.8280429	0.0007244819	270000	247.30691361427307
9	0.118123055	0.7707411	1.7769921	-1.9556705	12.375	23.73958	95.0	0.0	1000.0	3048.0	0.01016	0.03928482	0.26179302	0.6277531	-0.8276323	0.91234195	1.8013765	16.04714	-2.822344	-2.7939677e-09	-0.00047309414	7.450581e-09	-0.0008318559	0.034725014	-0.009557298	6.159506	-3.5175834	0.7462452	-0.02581489	1.0	1.8273754	0.0017691352	300000	274.1978449821472
10	-0.18204872	0.63114965	0.87579405	-1.476855	3.5	4.924429	18.0	0.0	1000.0	3178.0	0.00963030303030303	0.021867	0.27531874	0.8253809	-0.9253526	0.91813344	1.2523607	16.985481	-2.3830607	2.561137e-09	-0.0063337944	-3.7252903e-09	-0.0069654915	0.030965585	-0.009211394	2.2046576	-1.1074035	0.7204303	-0.024935186	79.0	1.8267121	0.005730183	330000	308.6302399635315
11	0.2863924	0.648717	1.1819975	-1.3655279	2.4166667	3.6846151	15.0	0.0	1000.0	3265.0	0.009069444444444444	0.01324422	0.22497399	0.60465366	-0.7677614	0.44721088	0.6485517	7.7733397	-2.1271267	-6.9849193e-09	-0.0009637222	-7.450581e-09	-0.00035838244	0.028154457	-0.007679499	0.86164594	-0.25019258	0.6954951	-0.025346816	8.0	1.8043256	0.0027325663	360000	336.3134469985962
12	0.50287384	0.8559988	2.9065428	-0.89034384	6.3333335	6.236096	21.0	0.0	1000.0	3457.0	0.008864102564102564	0.01495734	0.28045142	0.6953709	-0.9680848	0.53436965	0.71120954	8.206568	-1.7486964	1.8626451e-09	0.0010293367	-4.656613e-09	-0.00091727317	0.03751808	-0.00812512	1.6689858	-0.37573802	0.6701483	-0.02482301	1.0	1.8024955	0.00800732	390000	363.4980716705322
13	0.19641876	0.5877187	1.5271556	-0.8655306	5.6666665	9.410396	45.0	0.0	1000.0	3740.0	0.008904761904761905	0.035358977	0.25605574	0.80616194	-0.9024948	0.5949116	0.45692655	7.4695044	-1.0996597	-8.381903e-09	2.4876557e-05	1.1175871e-08	-0.000339848	0.026119476	-0.0073739174	22.249022	-18.632494	0.6453253	-0.02424103	1.0	1.801878	0.0062541785	420000	390.53090476989746
14	0.43968377	0.8304596	1.83041	-1.4161532	3.2916667	4.0257416	14.0	0.0	1000.0	3827.0	0.008504444444444445	0.016256172	0.26691207	0.7104403	-0.90598077	0.7409793	1.0173476	21.27158	-2.9047983	1.8626451e-09	-0.00042629882	5.5879354e-09	3.8270256e-05	0.024875244	-0.0066779004	1.6147178	-1.0462308	0.6210843	-0.0237419	1.0	1.8016449	0.0034487504	450000	417.6009433269501
15	0.42286673	0.80802166	2.6080391	-1.3508079	9.041667	15.379856	77.0	0.0	1000.0	4072.0	0.008483333333333334	0.04285732	0.27614847	0.778128	-0.97680163	0.34512553	0.27873182	6.299673	-3.6869526	8.8475645e-09	-0.00026339828	0.0	9.8686665e-05	0.030895215	-0.008413098	4.1185327	-1.0743392	0.5973424	-0.022835612	1.0	1.8016701	0.000509489	480000	444.93150782585144
16	0.0025686473	0.9001871	2.1958606	-1.5019854	6.2916665	6.894921	32.0	0.0	1000.0	4257.0	0.008347058823529412	0.027562778	0.2830332	0.7225473	-0.8532652	0.94252324	0.8295913	7.2773247	-2.3745267	-2.7939677e-09	-0.00038744055	-9.313226e-10	-0.0003956583	0.037090532	-0.011880439	1.9763033	-0.50115573	0.57450676	-0.022203445	1.0	1.802043	0.00037432864	510000	472.00570583343506
17	0.114181064	0.74865925	1.203748	-1.1781396	4.4166665	4.2023473	12.0	0.0	1000.0	4403.0	0.008153703703703703	0.020523718	0.29465896	0.69020945	-0.9653831	0.57399505	0.4440314	6.8108416	-1.565464	2.7939677e-09	-0.00054536853	7.450581e-09	1.5732861e-05	0.023823757	-0.0063316072	1.0504615	-0.1392075	0.5523033	-0.021687448	1.0	1.8026503	0.0005108939	540000	499.0887951850891
18	-0.1787302	0.88401484	2.1422338	-2.3161697	5.5833335	7.9157896	38.0	0.0	1000.0	4571.0	0.008019298245614035	0.035381112	0.2654033	0.65253586	-0.90751797	0.5069284	0.45961452	5.606081	-2.5226912	-3.7252903e-09	-0.0005668084	-5.122274e-09	-0.00040000898	0.031036405	-0.008732486	1.7321808	-0.5727491	0.53061587	-0.021078885	1.0	1.8032775	0.0009442711	570000	526.2993586063385
19	0.35609654	1.0372345	2.5476837	-1.5376334	5.2083335	5.6640615	19.0	0.0	1000.0	4751.0	0.007918333333333333	0.04634496	0.29972064	0.72227985	-1.0376437	0.72149724	0.74122137	7.721407	-1.3345176	-9.313226e-10	-0.00047732732	1.3969839e-09	6.451737e-05	0.04238735	-0.018572856	2.4600635	-0.713662	0.509537	-0.020491421	1.0	1.8039045	0.00046491547	600000	553.6029210090637
20	-0.03723779	0.8352821	1.7219572	-1.5561682	11.416667	17.444954	71.0	0.0	1000.0	5109.0	0.00810952380952381	0.039813925	0.30822292	0.92472893	-0.9025544	0.70280457	0.6810118	5.4095407	-0.92678124	-5.995389e-09	-0.0005951265	-1.6763806e-08	-0.00086996984	0.045563366	-0.016287658	6.9293313	-3.3431075	0.48904556	-0.019468546	1.0	1.8045826	0.0020928353	630000	581.1917536258698
21	0.27761585	0.7963182	1.8513957	-1.578107	7.7916665	7.7458553	29.0	0.0	1000.0	5311.0	0.008046969696969697	-0.0045078467	0.31078023	0.75681967	-1.0126994	1.1180786	1.6218734	14.271487	-3.7349892	5.5879354e-09	-0.00048236665	2.7939677e-09	-0.00048310193	0.026113879	-0.008004596	3.0760036	-1.6766001	0.469577	-0.01880163	1.0	1.8051357	0.00032743643	660000	608.5742888450623
22	0.2868115	0.6935553	2.2385328	-0.7233741	16.25	37.510277	176.0	0.0	1000.0	5751.0	0.008334782608695652	0.021237943	0.33152387	0.87821424	-0.8559369	0.67200965	0.7307903	9.187229	-2.448762	3.7252903e-09	-0.009492972	5.5879354e-09	-0.016615551	0.027444743	-0.006673813	31.648865	-23.49849	0.45077538	-0.013191819	79.0	1.8054037	0.007431114	690000	643.2695779800415
23	0.5639016	1.1329256	2.5894313	-1.4647156	7.0	10.29563	51.0	0.0	1000.0	5933.0	0.008240277777777777	0.030354852	0.30814582	0.8339665	-0.85048383	1.3127052	1.9657894	31.23158	-4.806499	-1.0244548e-08	-0.011557587	-9.313226e-09	-0.021653721	0.03216006	-0.0078845145	4.4495735	-2.9288042	0.43758357	-0.014585584	79.0	1.7796732	0.008265857	720000	677.9853911399841
24	0.022488317	1.0864915	1.3128854	-3.6033347	9.583333	13.028548	56.0	0.0	1000.0	6181.0	0.008241333333333333	0.0646674	0.29666212	0.76621294	-0.89018905	0.6586427	0.8422655	10.771057	-5.1026163	7.450581e-09	-0.0076874252	8.381903e-09	-0.0052450933	0.037867125	-0.0130414795	3.6641908	-1.9801998	0.42299798	-0.017758608	79.0	1.7799249	0.0062829	750000	712.703839302063
25	0.43069685	0.9727672	2.1030738	-1.7521924	13.75	18.369473	66.0	0.0	1000.0	6539.0	0.008383333333333333	0.013242527	0.29495084	0.849558	-0.9716624	1.1720371	1.7779357	16.248613	-3.9990556	1.3038516e-08	-0.009135918	2.9802322e-08	-0.011872942	0.041016273	-0.0160264	7.361546	-3.1319032	0.40523937	-0.015315086	79.0	1.7712553	0.0073298397	780000	747.6667058467865
26	0.55461925	1.0323753	1.8804965	-2.0807407	8.458333	9.4073515	35.0	0.0	1000.0	6809.0	0.008406172839506173	0.052431703	0.29323503	0.94016343	-0.84893703	1.0357724	0.8730747	12.97006	-3.3504667	6.519258e-09	-0.007538564	1.4901161e-08	-0.006353426	0.03551639	-0.015150638	3.0901117	-0.95781106	0.3899243	-0.015628636	79.0	1.7530643	0.006074664	810000	782.5089683532715
27	0.48531893	1.1434176	2.1624007	-2.5959187	4.4166665	7.582418	34.0	0.0	1000.0	6953.0	0.008277380952380953	0.05499192	0.29790235	0.9319346	-0.9256973	1.0191646	1.15844	18.473173	-3.4321668	3.7252903e-09	-0.0071642864	2.7939677e-09	-0.0029569184	0.034871638	-0.012345333	2.1389208	-1.2087069	0.37429565	-0.018797964	79.0	1.7431467	0.0070291166	840000	817.3501048088074
28	0.14541622	1.1902918	2.8754148	-2.5032952	10.833333	12.401836	42.0	0.0	1000.0	7294.0	0.008383908045977011	0.06649207	0.32746676	1.1082982	-0.9172077	0.62163264	0.7236289	13.491055	-2.1208222	7.450581e-09	0.010358511	3.7252903e-09	-0.0016156626	0.040086985	-0.013316358	4.6601734	-2.0390494	0.3554977	-0.014599919	7.0	1.7324884	0.023899984	870000	845.2532510757446
29	0.36262786	0.89110994	1.867563	-2.1730058	9.958333	13.1829405	58.0	0.0	1000.0	7556.0	0.008395555555555555	0.01886676	0.28956914	0.86173844	-0.8540014	1.0398564	1.3325378	14.023356	-3.5844085	-5.5879354e-09	0.012821956	1.8626451e-09	0.0012169578	0.040575724	0.022217235	3.118879	-1.2995532	0.34089777	-0.013696641	1.0	1.7293729	0.027709171	900000	872.6046705245972
30	0.06880548	1.0488148	2.259516	-1.936668	15.083333	16.031004	60.0	0.0	1000.0	8003.0	0.008605376344086021	-0.181307	0.30045748	0.77000004	-1.1426566	1.1185747	1.4916421	21.531122	-2.7248592	-1.7695129e-08	0.0028940714	-1.4901161e-08	-0.00040378724	0.0860856	-0.059505694	6.3996696	-3.3635554	0.32720113	-0.012726575	1.0	1.7283674	0.010777082	930000	900.2067883014679
31	0.42885175	1.2786508	3.0500748	-2.180829	24.25	44.92888	225.0	0.0	1000.0	8641.0	0.009001041666666666	-0.0008150375	0.33739272	0.97851324	-1.1411009	1.8402654	2.6286263	25.140657	-2.5840645	-3.7252903e-09	0.0025105036	1.1175871e-08	0.0012681177	0.059507314	-0.026365284	33.278526	-28.682068	0.31447455	-0.011192977	1.0	1.7281668	0.009688476	960000	927.3157243728638
32	0.23892231	1.0236243	2.3195043	-1.3864734	16.708334	37.682312	192.0	0.0	1000.0	9130.0	0.009222222222222222	0.043870542	0.35492173	1.0414032	-1.0328065	1.6968482	1.8741859	25.741035	-4.515042	4.656613e-09	0.00015956059	2.2351742e-08	-0.0016121552	0.040548727	-0.017427899	35.831642	-25.806833	0.30328158	-0.01047352	1.0	1.7284926	0.0058927573	990000	954.5907649993896
33	0.5063555	0.85309863	2.182242	-1.4524451	13.083333	25.940504	131.0	0.0	1000.0	9521.0	0.009334313725490196	0.031725742	0.31201434	0.89896	-1.1083001	1.3974873	1.6261289	48.58166	-4.3750477	5.5879354e-09	0.0060501606	0.0	0.003241093	0.039191313	-0.013732823	20.364162	-16.533808	0.29280806	-0.010083497	1.0	1.729269	0.014981743	1020000	981.8176500797272
34	0.20254636	1.5819803	3.2941704	-3.3944979	21.833334	37.11656	188.0	0.0	1000.0	10145.0	0.009661904761904762	-0.010917444	0.33632886	0.9443149	-1.1719149	1.0975044	1.2246222	37.03128	-8.561335	-9.313226e-09	0.0028916916	-3.7252903e-09	-0.002873674	0.0715986	-0.027630396	35.111053	-26.986404	0.28272456	-0.009107083	1.0	1.7300752	0.011207866	1050000	1008.6691188812256
35	-0.030266622	1.3409306	1.8840015	-3.6540146	16.791666	21.071266	84.0	0.0	1000.0	10821.0	0.010019444444444444	0.0249685	0.40369502	1.1046437	-1.2902162	2.2892015	5.4547386	66.73854	-8.451085	-6.519258e-09	0.0016910895	0.0	-0.003267468	0.07120439	-0.024391051	24.746634	-17.022398	0.27361748	-0.008628786	1.0	1.7311504	0.009454353	1080000	1035.6965143680573
36	0.16848113	1.2577112	2.602561	-3.6771493	11.5	17.478558	81.0	0.0	1000.0	11186.0	0.010077477477477477	-0.04068874	0.38014272	1.0631964	-1.6728036	1.6812032	1.8599452	32.862026	-4.7459116	-9.313226e-09	-0.0005623379	-2.3283064e-08	-0.00047512492	0.08448024	-0.03589564	7.104491	-3.277257	0.2649887	-0.008550167	1.0	1.7322385	0.003081846	1110000	1062.1345298290253
37	0.48261252	1.3940238	2.7041278	-3.3633544	18.375	16.735224	52.0	0.0	1000.0	11736.0	0.010294736842105263	0.038995143	0.39545798	1.067151	-1.3350807	1.4714502	1.3819293	14.622392	-2.5519617	1.4901161e-08	-0.00014132797	5.5879354e-09	-0.00014810357	0.077947415	-0.035279956	7.7878027	-2.3868563	0.25643852	-0.008018419	1.0	1.7332473	0.0015545774	1140000	1088.760807275772
38	0.6538736	1.4026967	3.5691361	-2.083482	20.708334	17.05745	65.0	0.0	1000.0	12400.0	0.0105982905982906	0.05243743	0.3836309	1.0739655	-1.4740777	1.9317354	1.7282902	16.401777	-1.4336606	7.450581e-09	-0.0007099875	3.259629e-08	0.00034952536	0.07664661	-0.03360896	7.0109057	-2.165784	0.2484201	-0.007393703	1.0	1.7343307	0.0021734294	1170000	1115.4079110622406
39	0.15585512	1.0846511	2.7946084	-1.4676553	20.083334	30.634836	159.0	0.0	1000.0	12989.0	0.010824166666666666	0.058771767	0.370615	1.1676874	-1.404316	2.1779256	1.9128416	25.259768	-1.3616922	-7.450581e-09	-0.0005217413	-1.1175871e-08	-0.00012400025	0.08600499	-0.040801	13.984058	-8.004572	0.2410264	-0.006882295	1.0	1.7353611	0.0013875358	1200000	1142.6324934959412
40	0.09719741	1.898162	4.8115754	-5.291985	17.541666	18.400587	66.0	0.0	1000.0	13588.0	0.011047154471544715	-0.023027612	0.39301684	1.0787942	-1.6733044	2.0364213	2.276611	32.27188	-2.0281444	1.3038516e-08	-0.000112702604	1.3504177e-08	-0.0007651652	0.097738855	-0.037197933	13.778211	-8.698572	0.2341441	-0.0066009313	1.0	1.7364416	0.001779488	1230000	1170.1605870723724
41	-0.022533238	1.7233965	3.372604	-4.0063453	15.166667	14.501915	57.0	0.0	1000.0	14044.0	0.011146031746031746	0.004276498	0.40901947	1.1116164	-1.5250422	1.7405547	1.6529617	17.968935	-2.2115316	0.0	-0.0004667868	1.8626451e-09	-4.0024985e-05	0.07964345	-0.036514662	5.4447165	-1.9501511	0.22754318	-0.0064911246	1.0	1.7375244	0.00083580916	1260000	1197.1828660964966
42	0.5321449	1.5844799	3.6496623	-2.940639	18.5	16.383427	51.0	0.0	1000.0	14569.0	0.011293798449612404	0.0161853	0.38308457	1.129303	-2.0052636	1.4615617	1.5315064	28.841059	-1.9413658	1.3038516e-08	-0.00066297245	-3.7252903e-09	-0.00035779062	0.076366186	-0.031890914	8.309025	-4.1199975	0.22105205	-0.00617142	1.0	1.7383145	0.0020816643	1290000	1223.896910905838
43	-0.3688686	1.7588092	2.4587061	-5.004086	21.208334	25.855333	112.0	0.0	1000.0	15351.0	0.011629545454545455	0.01860185	0.42458186	1.466383	-1.756156	1.4272776	2.1061065	40.307934	-3.033447	7.450581e-09	-0.00062850676	2.6077032e-08	0.0011105835	0.0851642	-0.035254564	22.840818	-12.169098	0.21488063	-0.005720943	1.0	1.7390066	0.0014298374	1320000	1250.578676700592
44	0.643446	1.1847272	2.4359465	-2.183555	24.541666	34.926086	178.0	1.0	1000.0	16089.0	0.011917777777777777	0.037055258	0.38248992	1.2655061	-1.6457644	2.852342	3.0511954	28.005184	-3.0975716	5.5879354e-09	-0.0005692628	2.2351742e-08	-0.001179669	0.085350886	-0.040121462	26.681057	-16.559093	0.20915969	-0.0051158965	1.0	1.7393975	0.0009634217	1350000	1277.3804364204407
45	0.4646184	1.262599	3.9639556	-2.2932553	16.791666	12.41296	41.0	0.0	1000.0	16574.0	0.012010144927536232	0.019301448	0.3957297	1.523875	-1.5434067	2.490279	2.4039316	28.653345	-7.2517276	1.8626451e-08	-0.00051880674	1.3969839e-09	0.00012153294	0.06928232	-0.034283668	9.113552	-5.825371	0.20404379	-0.005062178	1.0	1.7398977	0.0007774546	1380000	1304.2686846256256
46	0.30446544	1.2072084	2.1443274	-2.738547	14.0	10.30372	48.0	0.0	1000.0	17047.0	0.012090070921985815	0.12404247	0.4041388	1.2059019	-1.4693837	1.9640446	1.7024449	16.745012	-2.020328	1.071021e-08	-0.0006804997	-5.5879354e-09	-0.0006084149	0.092621006	-0.04614769	4.9442153	-1.7847031	0.19898161	-0.005164638	1.0	1.7402726	0.001652319	1410000	1331.308013677597
47	0.2082073	1.4449385	2.49953	-3.6817482	14.041667	12.029406	42.0	0.0	1000.0	17551.0	0.012188194444444444	0.042722926	0.3763081	1.0755128	-1.4684776	1.6173913	1.4454521	12.559107	-1.749268	9.313226e-10	-0.00026941468	2.0489097e-08	-0.00027077826	0.075755775	-0.037853584	8.007544	-2.1933417	0.19381697	-0.0052320063	1.0	1.740305	0.00014847872	1440000	1358.6140568256378
48	0.6756218	1.5252118	4.4284773	-2.1247258	13.958333	12.508262	47.0	0.0	1000.0	17986.0	0.012235374149659865	0.022129605	0.4096943	1.0540116	-2.139766	1.7320144	1.5720326	15.406225	-2.0272074	9.313226e-09	-0.0006673443	1.3038516e-08	-0.00028444797	0.07869265	-0.03974268	5.675275	-1.6638983	0.18858497	-0.0052745193	1.0	1.7404373	0.0010026554	1470000	1385.8959062099457
49	0.29478002	1.0459819	2.5435603	-2.064895	16.0	15.911212	60.0	0.0	1000.0	18676.0	0.012450666666666667	0.052830663	0.4185854	1.1565518	-1.5161513	1.7880638	1.5919656	13.173854	-2.2855713	7.450581e-09	-0.000114298484	2.9802322e-08	-3.139203e-05	0.07581966	-0.037541576	46.33107	-39.578835	0.18331045	-0.0051837713	1.0	1.7406472	0.00082575093	1500000	1412.9150826931
50	0.6513733	1.736404	3.5824928	-2.8476784	10.625	9.402183	39.0	0.0	1000.0	19038.0	0.01244313725490196	0.004682829	0.41985074	1.1730305	-1.5441188	3.005699	8.226123	64.0482	-3.1398482	0.0	-0.0005632616	-4.4703484e-08	-0.00029604323	0.07248089	-0.029055655	62.695076	-54.681232	0.17812668	-0.0053651184	1.0	1.740833	0.0005018972	1530000	1440.1934401988983
51	0.76909167	1.1982434	2.835727	-2.0257912	24.791666	18.683727	71.0	2.0	1000.0	19779.0	0.012678846153846153	0.069255486	0.41634703	1.3022463	-1.8393034	1.5368658	0.85860187	6.3640695	-0.7041968	-1.21071935e-08	-0.0006577114	-1.8626451e-09	-0.0004655905	0.06468606	-0.035041347	15.464795	-3.080634	0.17276156	-0.0047589988	1.0	1.7410605	0.0010091978	1560000	1467.3214211463928
52	0.58077276	1.7002941	4.0237236	-3.3302538	20.458334	24.12982	124.0	0.0	1000.0	20377.0	0.012815723270440251	0.07655494	0.35166785	1.2270263	-1.382112	2.2080588	1.3823469	7.462172	-1.5662891	1.8626451e-09	-0.00021897815	0.0	0.00014538146	0.073882505	-0.035864223	15.405278	-3.8813722	0.16800256	-0.004464239	1.0	1.7414178	0.0010211279	1590000	1496.3941996097565
53	1.0000931	2.2726953	6.4408765	-5.17378	20.5	27.51212	135.0	0.0	1000.0	20985.0	0.012953703703703703	0.06135049	0.4003745	1.1021878	-2.0024316	2.172896	1.6935489	10.764674	-3.8583298	1.8626451e-09	-0.0006552241	-1.8626451e-08	0.0003272416	0.089623064	-0.048387043	22.14631	-5.6312575	0.16353832	-0.004199505	1.0	1.7416863	0.0013070568	1620000	1523.4106132984161
54	0.0654139	2.007705	3.3674762	-6.1957507	18.375	23.588156	103.0	0.0	1000.0	21501.0	0.013030909090909091	0.012293503	0.43620703	1.095412	-2.4477582	1.8113451	1.6862427	13.150038	-2.1588993	0.0	-0.0006540818	1.4901161e-08	-0.000935236	0.06536019	-0.030777987	9.521316	-3.09321	0.15933882	-0.0040727854	1.0	1.7416856	0.0013410012	1650000	1550.1602284908295
55	0.86904067	1.66942	6.0888166	-2.481228	19.208334	27.172256	140.0	0.0	1000.0	22146.0	0.013182142857142858	0.047003493	0.39006254	1.2850554	-1.9164885	2.002389	1.5873094	22.249207	-2.7646406	-4.656613e-09	-0.0006570383	-1.8626451e-09	-0.00019694678	0.07591635	-0.034913935	19.616838	-7.4496365	0.15526603	-0.0039129853	1.0	1.7411914	0.00080186815	1680000	1576.9541404247284
56	0.67343545	1.9347899	3.6864731	-4.605849	14.625	13.490158	48.0	0.0	1000.0	22704.0	0.013277192982456141	0.07826885	0.38998324	1.1743319	-1.6630192	2.2794163	1.9914461	17.23765	-2.4815814	-3.7252903e-09	-0.0005893004	-1.4901161e-08	-0.0001950782	0.06790922	-0.03284803	16.278805	-5.209735	0.15135305	-0.0039875954	1.0	1.7407161	0.00025838008	1710000	1603.569696187973
57	0.8278141	1.3591214	4.7054005	-1.5169363	20.041666	18.7049	77.0	1.0	1000.0	23286.0	0.013382758620689656	0.033532217	0.40639788	1.2297202	-1.7066048	2.0367205	1.9210005	13.400736	-4.813488	3.7252903e-09	-0.008176242	0.0	-0.004293745	0.07386674	-0.037460078	8.661181	-3.1890395	0.14736545	-0.004189402	79.0	1.7403853	0.0050974786	1740000	1637.8741841316223
58	0.9691579	1.1579515	3.370643	-1.9713682	21.458334	15.676359	59.0	0.0	1000.0	23931.0	0.013520338983050847	0.11276841	0.3674651	1.0872558	-2.1376212	2.175127	1.7916082	16.345972	-1.7343868	0.0	-0.0080879545	9.313226e-10	-0.004604678	0.062810615	-0.036433656	9.131582	-3.3491774	0.14317605	-0.0040801615	79.0	1.72699	0.0052587744	1770000	1672.1984441280365
59	0.86611456	1.8505378	5.1314635	-2.783972	19.583334	18.594168	70.0	0.0	1000.0	24500.0	0.01361111111111111	0.07745117	0.3200958	1.200537	-1.4293846	2.0149882	1.6876724	16.538952	-2.4347248	-1.6763806e-08	-0.008679649	9.778887e-09	-0.005746503	0.09302028	-0.053375468	7.9482784	-2.550878	0.13909589	-0.0038708746	79.0	1.7116435	0.005654154	1800000	1706.1798071861267
60	1.0172869	1.6100975	5.294853	-1.1628166	25.0	24.447222	118.0	3.0	1000.0	25348.0	0.013851366120218579	0.094070196	0.39392924	1.2574241	-1.6300951	1.9909803	1.9569516	22.235703	-2.3124642	-1.3038516e-08	-0.010385243	0.0	-0.015040492	0.07481778	-0.04083823	29.547714	-19.21901	0.13522501	-0.0023374707	79.0	1.6956234	0.0070240567	1830000	1740.3501381874084
61	0.72969025	1.4825898	3.4872391	-3.0826888	11.875	13.103156	50.0	0.0	1000.0	25738.0	0.01383763440860215	0.103810415	0.39854184	1.3755972	-1.5377384	1.8692573	2.2614288	25.012611	-4.6686864	1.8626451e-09	0.0029594228	-2.0489097e-08	-0.00026499736	0.07513772	-0.04233758	7.458105	-3.6626372	0.13288754	-0.0031741709	10.0	1.6664109	0.009162473	1860000	1767.667560338974
62	0.50182456	1.3189251	2.8993034	-2.5064893	19.708334	20.78958	84.0	0.0	1000.0	26341.0	0.013937037037037038	0.08998859	0.42064458	1.3110325	-1.7936778	1.5027618	1.429104	14.260307	-3.3633633	-1.1175871e-08	0.004807211	3.7252903e-09	0.001018052	0.06643481	-0.03617341	12.547199	-3.9493175	0.12971337	-0.003130719	1.0	1.6617587	0.011242584	1890000	1794.5938243865967
63	0.77780896	1.3781786	3.6541414	-1.444608	18.875	26.552326	101.0	0.0	1000.0	26899.0	0.014009895833333333	0.047479622	0.3648477	1.2105552	-1.5297843	1.9085604	2.08962	17.692276	-3.6012926	7.450581e-09	6.583752e-05	0.0	0.0007316908	0.07827332	-0.042498555	10.996607	-5.1668115	0.12658265	-0.0030376166	1.0	1.6607718	0.0041778153	1920000	1821.2541844844818
64	0.5041487	2.4395406	7.369819	-4.7215915	20.25	18.193977	79.0	0.0	1000.0	27505.0	0.014105128205128206	0.07528446	0.36350894	1.2216147	-1.3775796	2.0592253	2.3157966	17.90834	-2.204096	-1.8626451e-09	-0.00074710476	-3.7252903e-09	0.00045602652	0.116410404	-0.070410185	11.616051	-4.062446	0.123545036	-0.0028915405	1.0	1.6603966	0.0010080098	1950000	1847.9316284656525
65	1.3141613	1.7798526	6.3959045	-2.4925299	46.083332	126.64515	648.0	0.0	1000.0	28775.0	0.014532828282828283	0.044185326	0.40036657	1.1236244	-1.9579421	2.061307	1.8583071	14.045036	-2.8249712	0.0	-0.000245534	0.0	-0.0019027907	0.07992566	-0.04512476	187.29022	-173.76231	0.120653495	-0.0015855208	1.0	1.6603303	0.0012906095	1980000	1875.5482053756714
66	0.705481	1.6451294	4.0961094	-3.5498333	15.875	20.933054	74.0	0.0	1000.0	29274.0	0.014564179104477612	0.090899505	0.38922545	1.3670727	-2.0847332	2.2288854	1.7737163	34.276543	-3.5725937	2.0954758e-08	-0.0011701689	3.7252903e-09	-0.00095267454	0.0636715	-0.03697446	10.941599	-3.4537272	0.119067974	-0.0017996281	1.0	1.6605726	0.002839945	2010000	1903.5836131572723
67	0.21921772	1.6305348	2.2215536	-5.596011	21.791666	20.635689	94.0	0.0	1000.0	29990.0	0.014700980392156863	0.084593415	0.41991746	1.4965751	-1.9759339	1.9586107	2.0703332	33.14832	-2.3380537	1.4901161e-08	-0.0006239321	-3.7252903e-09	-0.0004555881	0.08001812	-0.04639469	12.964695	-5.4873314	0.117268346	-0.0017370284	1.0	1.6609554	0.0006383892	2040000	1931.0098011493683
68	1.3779244	1.3926237	5.0420313	-0.8302348	33.583332	38.028408	144.0	0.0	1000.0	30903.0	0.014928985507246377	0.042256027	0.39736024	1.3477359	-1.7652894	2.465473	2.3956673	23.000301	-2.6885765	-2.0489097e-08	-0.00053960516	-4.4703484e-08	-0.0019771252	0.08042525	-0.046825983	35.5001	-21.03987	0.11553132	-0.0011763573	1.0	1.6614338	0.00499416	2070000	1958.6335842609406
69	0.89496547	1.4554647	3.3954318	-2.5944529	20.083334	24.15905	120.0	0.0	1000.0	31488.0	0.014994285714285713	0.073290765	0.4008286	1.2438059	-1.5914828	2.6080947	4.3421154	58.267807	-8.482926	0.0	-0.00057331985	2.6077032e-08	-0.0014809628	0.08788711	-0.052629314	16.781025	-10.759855	0.11435496	-0.0012560934	1.0	1.6620173	0.0011715475	2100000	1986.3442339897156
70	1.0500399	0.8707979	3.2543182	-0.31697384	40.791668	85.05733	380.0	0.0	1000.0	32589.0	0.0153	0.07864955	0.42121804	1.7671074	-1.8545705	2.696748	5.3472834	53.947124	-3.3214285	8.614734e-09	-0.0006929956	-2.9802322e-08	-0.00061920704	0.0836874	-0.05474592	81.675964	-70.59764	0.11309887	-0.00044298172	1.0	1.6624342	0.00037628377	2130000	2014.2753257751465
71	1.3367075	1.5048976	4.469072	-1.7233416	22.458334	21.700575	65.0	0.0	1000.0	33222.0	0.015380555555555555	0.05160157	0.38310063	1.3095937	-2.1611917	2.923416	5.270522	77.57297	-2.4885924	5.5879354e-09	-0.00093454466	7.450581e-09	-0.001490247	0.08462875	-0.051878676	27.509674	-20.012432	0.112655886	-0.0005041212	1.0	1.6625903	0.0026038068	2160000	2041.145653963089
72	0.6200106	1.9981008	5.854931	-4.3358326	17.166666	16.747305	74.0	0.0	1000.0	33776.0	0.01542283105022831	0.087635204	0.45768937	1.4186546	-2.4262686	1.9218245	1.9051366	12.6570215	-1.4600484	1.8626451e-09	-0.0011203313	7.450581e-09	-0.00011770334	0.09503128	-0.060026016	10.403727	-4.0792985	0.112151764	-0.0007807687	1.0	1.6625342	0.0019049933	2190000	2067.6711626052856
73	1.321725	1.7925917	5.4058113	-2.3606262	26.125	28.061409	108.0	0.0	1000.0	34581.0	0.015577027027027027	0.08830044	0.39836404	1.7343886	-1.7882811	2.4783366	2.999667	40.124462	-1.5613618	-1.8626451e-09	-0.00084209687	0.0	-9.142526e-05	0.07670337	-0.04732267	20.240568	-7.8031483	0.111370996	-0.00065010786	1.0	1.6621417	0.0008048033	2220000	2094.2428698539734
74	0.46787047	1.6624705	3.1685658	-4.7047625	19.916666	19.302238	84.0	0.0	1000.0	35138.0	0.015616888888888888	0.10463101	0.41022992	1.5015054	-1.5870347	2.194647	2.963613	52.32383	-4.251682	5.5879354e-09	-0.0005758354	-1.4901161e-08	0.00017007114	0.081516236	-0.053346463	10.679319	-5.273016	0.11072089	-0.0007960871	1.0	1.6618181	0.0009881055	2250000	2120.932065486908
75	0.8125837	1.62883	5.08829	-2.2226808	27.833334	38.12771	193.0	0.0	1000.0	35944.0	0.015764912280701756	0.08339033	0.4178511	1.4572072	-2.1537616	2.1868098	1.8858976	20.593086	-1.9439903	-1.8626451e-09	-0.00042176142	1.1175871e-08	-0.00055665046	0.083794385	-0.051103577	26.43217	-18.848639	0.1099248	-0.00059622526	1.0	1.6616101	0.00045659216	2280000	2148.018649816513
76	1.2761725	1.2647842	3.8034937	-0.75055736	19.75	20.021343	86.0	0.0	1000.0	36544.0	0.01581991341991342	0.048704244	0.38693675	1.2264949	-2.0298612	2.442158	2.2575498	25.5617	-1.8276227	1.0244548e-08	-0.0012717881	-7.450581e-09	-0.0015820366	0.08567467	-0.057791673	13.355513	-5.6354456	0.109328575	-0.0007562414	1.0	1.6614592	0.0018059548	2310000	2176.36877989769
77	1.4331516	1.41781	4.628664	-1.8614572	17.666666	16.400372	78.0	0.0	1000.0	37092.0	0.015851282051282053	0.12509051	0.4077908	1.3817767	-2.1725914	2.0629468	1.7120706	18.211132	-2.0124068	1.1175871e-08	-0.00034911977	0.0	-0.0004797447	0.088341385	-0.05803004	5.381593	-1.445041	0.108572334	-0.0009861887	1.0	1.6611955	0.0008212492	2340000	2204.369377374649
78	0.75467175	2.344539	3.7773688	-5.929557	18.833334	28.684586	144.0	0.0	1000.0	37688.0	0.01590210970464135	0.030414898	0.51883477	1.4462593	-2.938727	1.7831106	1.9834819	20.839098	-2.5859072	-9.313226e-09	-0.0006746575	-1.4901161e-08	0.00034004363	0.095779896	-0.06372816	26.62756	-19.037941	0.107586145	-0.001142554	1.0	1.6609628	0.0013017007	2370000	2231.871980905533
79	0.83498126	1.7862124	4.053008	-3.771434	16.208334	17.0122	66.0	0.0	1000.0	38217.0	0.01592375	0.053212818	0.45992604	1.2599914	-2.5358922	1.7381194	2.1266167	37.84604	-2.7375798	-1.0244548e-08	-0.0008069754	-7.450581e-09	-0.0007527806	0.10516092	-0.065484576	10.885975	-4.701875	0.10644359	-0.0013862699	1.0	1.6608866	0.0010395092	2400000	2258.406144142151
80	0.9023954	1.6141347	3.621991	-3.622054	28.041666	34.199757	153.0	0.0	1000.0	38992.0	0.016046090534979424	0.04170093	0.37084204	1.116566	-1.7386202	2.2629414	3.3642573	43.15628	-2.7778678	-5.5879354e-09	-0.00069479796	-7.450581e-09	-0.00045748492	0.06973753	-0.040496234	14.1236515	-6.8016977	0.10505732	-0.0011155829	1.0	1.660681	0.0008353452	2430000	2285.45946764946
81	0.9293969	1.4207827	3.4857163	-1.8201632	13.583333	11.470675	38.0	0.0	1000.0	39452.0	0.01603739837398374	0.1584221	0.3899867	1.469639	-1.4267899	1.9840477	1.9248824	17.677647	-3.739805	-5.5879354e-09	-0.007883035	1.0244548e-08	-0.0025382438	0.08995379	-0.058714606	7.3001947	-3.423455	0.10394174	-0.0017843544	79.0	1.6602527	0.004975374	2460000	2319.812910556793
82	1.2892469	1.1982701	3.396526	-1.8254721	19.0	20.906538	93.0	0.0	1000.0	40050.0	0.01608433734939759	0.06361183	0.38476682	1.3531893	-1.9535246	1.87013	1.7978797	21.140104	-1.0675545	9.313226e-10	-0.008517587	-1.8626451e-08	-0.0042985193	0.090876326	-0.057644736	14.227262	-6.324667	0.102157384	-0.0020589754	79.0	1.6464202	0.0058475244	2490000	2353.923553943634
83	0.7546828	3.6075976	4.2460318	-14.766313	23.166666	31.007616	146.0	0.0	1000.0	40886.0	0.016224603174603176	0.14790557	0.47895968	1.4015996	-2.3459134	2.5444114	5.666219	58.515636	-2.7585843	-1.8626451e-08	-0.008391488	-4.656613e-09	-0.009927484	0.16515194	-0.12026495	29.368874	-16.242157	0.10009841	-0.0014208034	79.0	1.6234564	0.0058150725	2520000	2388.0318574905396
84	1.0987042	1.3996197	2.982679	-2.200366	31.625	60.274242	310.0	0.0	1000.0	41753.0	0.016373725490196077	0.08148913	0.46653992	1.3806652	-3.1295886	3.3500447	7.644069	77.35249	-2.6254678	0.0	-0.009553897	2.2351742e-08	-0.01793774	0.119038284	-0.082283735	38.025894	-30.86577	0.098677605	-0.0003748536	79.0	1.6220479	0.0059368126	2550000	2422.0160925388336
85	1.8395981	1.723472	6.135128	-0.811491	30.708334	38.3574	127.0	0.0	1000.0	42602.0	0.016512403100775192	0.1499163	0.40665776	1.3123485	-1.6998532	2.7754452	4.573906	78.09911	-1.9492148	-4.656613e-09	-0.00909961	7.450581e-09	-0.01413363	0.1333597	-0.09198446	40.55577	-31.23658	0.09830275	-0.00025632977	79.0	1.6092373	0.0059928596	2580000	2457.681316614151
86	1.04383	1.528984	4.0111246	-2.8939831	26.083334	40.401028	190.0	0.0	1000.0	43352.0	0.016609961685823755	0.17015274	0.4465837	1.8880209	-1.7059101	3.214393	5.056603	66.25941	-2.7553356	2.6077032e-08	-0.008254897	2.9802322e-08	-0.014662027	0.123394616	-0.07891347	35.522522	-23.325596	0.09804642	4.798919e-05	79.0	1.5939	0.0054186536	2610000	2492.3085169792175
87	1.5170692	1.782722	5.093655	-2.7188466	28.375	32.064793	155.0	0.0	1000.0	44218.0	0.016749242424242423	0.13236009	0.4175331	1.7604343	-1.7708526	2.5720916	3.1132007	37.15325	-5.266054	-1.21071935e-08	-0.00960014	7.450581e-09	-0.012807384	0.13875774	-0.0961668	28.85545	-21.073807	0.09809441	-5.3822994e-05	79.0	1.5859416	0.006233082	2640000	2526.350703716278
88	1.2056342	1.4536815	4.899727	-1.9936262	48.375	84.24558	407.0	0.0	1000.0	45583.0	0.017072284644194757	0.09322379	0.48567516	1.870783	-1.9242992	2.3198075	3.1286275	59.065533	-4.307856	5.5879354e-09	-0.010726258	7.4505806e-08	-0.016225696	0.13031241	-0.09623527	125.55369	-106.12422	0.09804059	0.0011276826	79.0	1.573159	0.0061186804	2670000	2560.3480796813965
89	2.1182795	1.7661378	6.7235484	-1.2116302	22.291666	42.488705	213.0	0.0	1000.0	46238.0	0.017125185185185184	0.15140176	0.47093475	1.8354454	-1.3448437	3.5129817	5.4947124	77.091034	-18.784416	-3.7252903e-09	-0.0015524048	-2.9802322e-08	-0.0043064784	0.119004875	-0.08322801	50.392303	-36.71093	0.09916827	0.00046615303	5.0	1.5514921	0.003756729	2700000	2587.5534348487854
90	1.2863955	2.2226903	6.171426	-4.0575604	27.166666	53.461563	270.0	0.0	1000.0	47290.0	0.01732234432234432	0.16680557	0.4369131	1.9852594	-1.5871253	2.869908	4.0715117	40.227055	-6.133357	8.381903e-09	0.014907904	1.4901161e-08	0.00025207037	0.12488267	-0.08722343	69.405716	-55.345085	0.099634424	0.00047606975	1.0	1.5513551	0.024599578	2730000	2614.8443880081177
91	1.2363496	1.6996882	4.648189	-2.422567	27.791666	35.149654	173.0	0.0	1000.0	48430.0	0.017547101449275362	0.107898526	0.425261	1.8640795	-1.6006258	5.187055	8.959835	79.75364	-0.72987616	8.381903e-09	-0.0008930322	2.9802322e-08	9.778142e-05	0.103303716	-0.07327759	100.75641	-81.484406	0.10011049	0.00056380033	1.0	1.5514371	0.0015515238	2760000	2641.9130539894104
92	1.4408258	1.6149666	4.508142	-3.3816757	29.833334	39.148933	176.0	0.0	1000.0	49305.0	0.01767204301075269	0.108619794	0.41517037	1.4197171	-1.4591744	3.7109723	6.612555	74.8753	-1.2565707	-1.8626451e-09	-0.00048216747	7.450581e-09	0.00044461712	0.083875366	-0.054151133	57.00153	-43.933006	0.100674294	0.0007343367	1.0	1.5517918	0.0040213335	2790000	2669.5792927742004
93	1.6983476	1.4850312	4.6994185	-1.9367794	19.666666	13.0660715	45.0	0.0	1000.0	49852.0	0.017678014184397163	0.15701205	0.4097264	1.487146	-1.9505494	2.2805996	2.7371523	43.10538	-4.5673585	-7.450581e-09	-0.0008388956	1.4901161e-08	8.235918e-05	0.101636514	-0.067505196	9.176218	-3.295612	0.10140863	0.00046133995	1.0	1.5523906	0.002379418	2820000	2697.13006234169
94	1.2458433	2.736941	4.876428	-10.5407	31.541666	45.47708	222.0	0.0	1000.0	50757.0	0.017809473684210528	0.116115525	0.3851434	1.2321473	-2.7299387	2.533339	2.9680061	43.480328	-2.9982445	7.450581e-09	0.00044178718	2.0489097e-08	-0.0016944744	0.11655896	-0.08234291	31.691605	-17.743488	0.10186997	0.00070881844	1.0	1.5531287	0.006182519	2850000	2724.998411178589
95	0.8549002	2.4381979	4.3529205	-6.9117875	45.083332	76.63165	395.0	0.0	1000.0	52020.0	0.0180625	0.1447682	0.50975263	1.5233545	-2.6723802	3.4074705	4.538911	41.300255	-2.6125712	-2.3283064e-09	-0.0005879669	-4.4703484e-08	-0.0015881804	0.0952749	-0.066814445	73.89623	-52.305748	0.10257879	0.0014956295	1.0	1.5540776	0.005622524	2880000	2752.1842749118805
96	2.3086166	1.5501535	5.510878	-0.27153262	34.958332	50.33097	226.0	0.0	1000.0	53049.0	0.018229896907216495	0.16883352	0.41014597	1.7112631	-2.3691633	3.3344269	4.9225316	73.67531	-0.9620255	-4.656613e-09	-2.7314381e-05	-5.9604645e-08	-0.0029945923	0.093092315	-0.06390396	39.44805	-26.683271	0.10407442	0.0018071085	1.0	1.5552217	0.006158625	2910000	2779.100683450699
97	1.3886122	2.1164	5.328433	-3.657661	43.416668	41.983047	132.0	0.0	1000.0	54276.0	0.018461224489795917	0.1618832	0.41120136	1.3440422	-1.9106995	3.9040744	6.422878	67.73902	-1.46116	0.0	0.0013888858	-3.7252903e-09	2.8517097e-05	0.1329169	-0.09428783	27.70377	-17.129484	0.10588153	0.0024567842	1.0	1.5569086	0.0068820207	2940000	2805.9253058433533
98	1.3733517	1.5854238	4.747373	-1.4042085	36.916668	51.866745	243.0	0.0	1000.0	55251.0	0.018603030303030302	0.119196355	0.39886656	1.4443967	-2.0583699	5.078639	6.5724874	57.795536	-1.7239776	0.0	0.0004922334	4.8428774e-08	-0.000931561	0.108926885	-0.08574751	60.741188	-40.52876	0.10833831	0.002809666	1.0	1.5586206	0.0045993114	2970000	2833.3409860134125
99	2.1282556	1.4004674	4.8554316	-1.4426689	34.583332	41.644245	185.0	0.0	1000.0	56281.0	0.018760333333333334	0.13719721	0.35565868	1.3042636	-1.2189698	3.2774682	4.1682196	54.98617	-3.0472457	-6.519258e-09	0.000686022	-1.4901161e-08	-0.0018893527	0.07555165	-0.051355463	30.333178	-16.283014	0.11114798	0.0030513033	1.0	1.560468	0.007937253	3000000	2861.4715299606323
100	1.4874506	1.8263302	5.81498	-1.5596108	39.958332	32.689804	128.0	2.0	1000.0	57428.0	0.018953135313531353	0.18624525	0.40454566	1.4986916	-1.4513142	3.6391406	4.1661077	52.031837	-3.08788	5.5879354e-09	-0.00040411763	1.8626451e-09	-0.0010284828	0.10836767	-0.07646235	22.046158	-8.434667	0.11419928	0.0035280138	1.0	1.5627321	0.0029379819	3030000	2889.712694168091
101	1.5242153	1.7217222	4.859671	-2.7701135	38.958332	56.851765	287.0	0.0	1000.0	58653.0	0.01916764705882353	0.08993444	0.41492003	2.3847065	-1.8541005	4.843314	6.0642705	59.039173	-3.0194597	1.1175871e-08	-0.0006687676	4.0978193e-08	-0.00036666775	0.1086228	-0.08069493	63.12799	-41.21198	0.117727295	0.003957972	1.0	1.5646669	0.00088382035	3060000	2917.798712491989
102	1.6336284	1.3509816	4.3290076	-1.0732467	60.083332	97.00168	433.0	0.0	1000.0	60218.0	0.019488025889967637	0.16025239	0.37362814	1.6607368	-1.6498979	3.41606	3.7848675	38.690407	-3.2841992	7.450581e-09	-0.0006992661	0.0	-0.0024564685	0.07785226	-0.0542021	170.56773	-136.33165	0.12168527	0.0052527636	1.0	1.5666475	0.0012459566	3090000	2945.629165649414
103	1.3162879	1.2860755	3.817483	-0.661688	20.625	19.358057	75.0	0.0	1000.0	60929.0	0.01952852564102564	0.14640902	0.3881599	1.2435697	-1.6372736	3.1075635	3.2166913	58.20544	1.3380167	9.313226e-10	-0.00043399015	1.1175871e-08	0.00019921435	0.0838048	-0.053209268	16.134762	-6.7270207	0.12693803	0.0047208965	1.0	1.5685616	0.0003960976	3120000	2973.146444797516
104	1.7006513	1.4477364	4.233481	-0.977627	30.375	32.066093	150.0	2.0	1000.0	61841.0	0.019632063492063492	0.12871774	0.38293257	1.3934934	-1.3386059	3.6473665	5.68062	61.813107	-2.1095476	-9.313226e-09	-0.00021023408	-7.450581e-09	-0.00018556067	0.09152005	-0.0660453	33.598373	-24.548683	0.13165893	0.0046987087	1.0	1.570596	0.0031962264	3150000	3000.7114140987396
105	1.486081	1.1622733	3.1191075	-1.5019618	29.125	21.831385	70.0	0.0	1000.0	62789.0	0.01974496855345912	0.14410387	0.3664514	1.4706872	-1.2285398	3.1347384	2.9547114	45.193363	-0.20722055	-9.313226e-09	-0.0006821741	1.4901161e-08	-0.0006064954	0.079587094	-0.056106262	18.72436	-6.3366766	0.13635764	0.0046185553	1.0	1.5723314	0.00100824	3180000	3028.770693540573
106	1.3391634	1.5451733	4.625717	-0.99308634	47.083332	45.61973	188.0	0.0	1000.0	64535.0	0.02010436137071651	0.15640023	0.387844	1.2967542	-1.6967688	4.0370803	4.9435253	65.24989	0.01343298	0.0	-0.0006511803	-1.4901161e-08	-0.00062322617	0.09528521	-0.064289324	126.95471	-99.48399	0.14097619	0.0054742843	1.0	1.5739477	0.00261962	3210000	3056.2156150341034
107	1.5305862	1.7039782	4.760626	-2.1706069	38.041668	31.398619	109.0	0.0	1000.0	65824.0	0.02031604938271605	0.14795116	0.39800873	1.4723705	-1.4413766	5.662628	7.5567746	75.58264	1.1407039	-5.5879354e-09	-0.0008044252	-2.2351742e-08	-0.0016542117	0.10144529	-0.07219549	53.068573	-31.98171	0.14645047	0.005851984	1.0	1.575726	0.0008940891	3240000	3083.928290128708
108	0.85425776	1.5056258	4.1851177	-2.5246677	54.0	72.47586	378.0	0.0	1000.0	67359.0	0.02059908256880734	0.10084302	0.41584948	1.5393636	-1.7429101	5.1659083	6.151532	56.473232	0.14407587	-1.8626451e-08	-0.0005800096	-4.4703484e-08	-0.0006391145	0.073497325	-0.049492434	88.22224	-52.03072	0.15230246	0.0070445836	1.0	1.5772704	0.0013461015	3270000	3111.688217163086
109	1.1790248	1.6481224	4.181037	-1.5333289	48.875	47.521324	214.0	0.0	1000.0	69178.0	0.020963030303030303	0.10007466	0.37987676	1.5934293	-1.6705192	5.6803203	7.8324356	83.61305	0.22242832	1.7695129e-08	-0.0012702255	5.2154064e-08	-0.0017883991	0.07411982	-0.05406721	55.88932	-37.009293	0.15934704	0.007969022	1.0	1.5785279	0.0012306902	3300000	3139.330454349518
110	0.91592675	1.6452007	4.8294144	-2.205644	47.583332	62.401196	310.0	0.0	1000.0	70544.0	0.021184384384384386	0.061477974	0.38747448	1.3282971	-1.7190102	5.730638	7.016533	77.69983	-0.25151318	7.450581e-09	-0.0006496832	-2.9802322e-08	-0.001340637	0.06683379	-0.046651088	73.061325	-44.60938	0.16731606	0.008835137	1.0	1.5796309	0.00055123435	3330000	3167.700339078903
111	1.0483679	1.6620283	3.8480294	-2.0788488	35.666668	34.671875	128.0	0.0	1000.0	71693.0	0.02133720238095238	0.11787811	0.43648782	1.487533	-1.7685261	4.5273585	4.740192	30.909807	-1.039685	-3.7252903e-09	-0.00072816346	0.0	-0.0018956976	0.124673255	-0.0858669	22.631256	-9.532381	0.1761512	0.009043381	1.0	1.5806816	0.0006581041	3360000	3195.0718247890472
112	1.2219573	1.251488	3.799291	-1.2639161	91.0	116.019035	488.0	0.0	1000.0	74066.0	0.021848377581120945	0.08102604	0.41527385	1.329842	-1.7194974	5.1246576	5.1756797	36.692593	-1.0979642	-1.1175871e-08	-0.00075987633	4.4703484e-08	-0.0022984445	0.10916509	-0.07364531	163.05449	-118.87929	0.18519458	0.011747718	1.0	1.5818732	0.0008437589	3390000	3222.7427933216095
113	1.4097681	1.7197967	3.924026	-4.6397114	60.833332	83.04801	404.0	0.0	1000.0	75811.0	0.022166959064327484	0.088427	0.4234884	1.6082771	-2.457523	5.946425	6.085186	74.42643	-0.49449462	1.3038516e-08	-0.0009519644	-3.7252903e-09	-0.0019707046	0.08501528	-0.05868141	77.53287	-52.93943	0.1969423	0.013201505	1.0	1.5832083	0.0008625034	3420000	3250.0189139842987
114	1.303482	0.8359669	2.6915314	-0.7538816	69.541664	64.750145	289.0	0.0	1000.0	78121.0	0.02264376811594203	0.14708713	0.3511599	1.4343609	-1.4520397	6.338369	7.397051	75.34551	-1.2614914	-7.450581e-09	-0.001702114	-2.9802322e-08	-0.00952569	0.056233734	-0.04273672	143.33958	-104.04588	0.2101438	0.0151669085	3.0	1.5841801	0.0035532173	3450000	3278.0011372566223
115	2.0237412	1.3678628	4.2292666	-0.53236353	32.25	24.145824	88.0	0.0	1000.0	79186.0	0.022754597701149425	0.13874193	0.36104524	1.5442741	-1.301592	6.81164	8.832701	92.37898	0.80633086	1.8626451e-08	-0.015473143	8.568168e-08	-0.063535914	0.07038109	-0.048907988	59.130733	-41.93235	0.22531071	0.02505362	60.0	1.5843809	0.012649171	3480000	3312.0495071411133
116	1.6755899	2.231357	7.0899305	-3.2996674	42.333332	59.09291	260.0	0.0	1000.0	80475.0	0.02292735042735043	0.15734789	0.42308322	1.4067656	-2.1585553	3.6397223	3.644951	60.33018	-0.75926036	-1.3038516e-08	-0.012953085	2.9802322e-08	-0.045941465	0.10593649	-0.074904166	60.054756	-36.09392	0.25036433	0.029268235	79.0	1.5724984	0.01123985	3510000	3346.5310752391815
117	1.4394158	1.7794557	5.7310076	-1.6545116	45.291668	40.468586	135.0	0.0	1000.0	81891.0	0.023133050847457627	0.103695504	0.47655967	1.630413	-1.7368071	4.3251004	5.0538797	63.197075	-3.4712367	-3.7252903e-09	-0.012659016	-3.7252903e-09	-0.034101583	0.16791427	-0.13028395	27.227095	-10.652763	0.27963257	0.026175946	79.0	1.5421661	0.009166613	3540000	3380.9411656856537
118	1.4361362	1.7584664	4.975812	-3.24764	70.166664	96.7672	496.0	0.0	1000.0	83850.0	0.023487394957983194	0.103700064	0.4705807	1.3870846	-3.644888	5.9196343	7.5452876	65.58739	-5.0522456	1.1175871e-08	-0.01428466	2.9802322e-08	-0.04645363	0.096677095	-0.071970165	59.69563	-37.845043	0.3058085	0.030999571	75.0	1.528077	0.012225951	3570000	3415.2702775001526
119	1.7629591	2.2466056	5.7935085	-4.5911956	56.708332	53.975674	191.0	0.0	1000.0	85711.0	0.02380861111111111	0.13100724	0.4346364	1.6882354	-2.1025636	7.5255437	10.978241	95.451485	-0.85021275	7.450581e-09	-0.009751602	0.0	-0.046218034	0.08863463	-0.06490755	67.03508	-41.653446	0.3368081	0.025030881	15.0	1.5384395	0.014065646	3600000	3443.8197927474976
120	1.5781142	1.4771466	5.960259	-1.4385375	42.708332	57.8356	282.0	0.0	1000.0	87024.0	0.023973553719008264	0.1410393	0.42396167	1.5012989	-1.6846033	4.7310677	6.178101	71.80563	-1.0333099	1.3038516e-08	-0.012709221	-1.4901161e-08	-0.042656556	0.08952092	-0.06689359	26.09371	-12.388505	0.36183897	0.027896583	35.0	1.5401261	0.012364743	3630000	3474.7609305381775
121	1.5074505	2.655928	8.072	-5.859443	43.375	30.21701	134.0	0.0	1000.0	88403.0	0.02415382513661202	0.119743206	0.438532	1.5843202	-1.8028604	4.3741198	5.589192	53.093025	-0.5076582	-7.450581e-09	-0.010107882	2.9802322e-08	-0.04012839	0.14263043	-0.111775324	44.93274	-20.636278	0.38973555	0.026882976	19.0	1.5355108	0.013428258	3660000	3504.2048637866974
122	1.5413588	3.3204906	6.9685764	-11.02654	63.708332	95.43343	463.0	0.0	1000.0	90190.0	0.024441734417344173	0.10669056	0.53683347	2.3776817	-2.276576	5.9189863	6.798333	67.28467	0.36903763	7.450581e-09	-0.01039637	3.7252903e-09	-0.036656953	0.16506004	-0.1252699	69.26486	-54.63423	0.41661853	0.028803498	17.0	1.5466361	0.013601722	3690000	3532.8625519275665
123	1.8630395	1.4459605	4.759235	-1.7231791	66.166664	61.35394	238.0	3.0	1000.0	92300.0	0.024811827956989246	0.16717412	0.44290856	1.7154726	-2.1244724	5.329367	5.61122	60.402607	-0.23099142	9.313226e-09	0.00052942056	1.8626451e-08	-0.0009005293	0.08551172	-0.062011592	90.455414	-60.89506	0.44542202	0.029574275	2.0	1.5406299	0.0028998505	3720000	3559.6897995471954
124	1.5214342	1.5211773	4.615414	-1.4594017	50.375	48.9539	230.0	1.0	1000.0	93666.0	0.0249776	0.16050822	0.43862256	1.7433617	-2.5291946	5.7454467	6.582833	88.94621	-0.41451305	3.7252903e-09	-0.0020081338	7.450581e-09	-0.00382268	0.08862312	-0.06853975	37.459297	-17.908451	0.4749963	0.030627102	1.0	1.5390093	0.0029043423	3750000	3586.751267194748
125	2.127162	1.7172638	6.744205	-0.85870594	36.291668	31.804716	124.0	0.0	1000.0	94812.0	0.025082539682539682	0.16106768	0.38033602	1.6437167	-1.291852	4.7151866	5.0258193	70.37518	-2.1742334	7.450581e-09	-0.00060041295	-2.6077032e-08	-0.0029355856	0.07815388	-0.05578482	26.534414	-14.597183	0.5056234	0.030311465	1.0	1.5380793	0.0028636006	3780000	3614.1838657855988
126	1.4461294	1.8542447	4.5796413	-2.750056	40.208332	30.81393	109.0	2.0	1000.0	96032.0	0.02520524934383202	0.21243773	0.46721324	1.8151076	-2.1263158	3.3241124	3.8414721	34.797466	-3.116252	2.4214387e-08	-0.001025876	4.4703484e-08	-0.0023976075	0.1609269	-0.124737896	22.56067	-7.636956	0.53593487	0.030423164	1.0	1.5370646	0.0014435297	3810000	3640.993962287903
127	0.8952008	1.690225	3.2474463	-2.594122	42.625	33.837616	162.0	0.0	1000.0	97388.0	0.025361458333333333	0.14932711	0.44965804	2.2936459	-2.5895739	4.3795443	4.7297006	46.01002	-0.5656222	-1.4901161e-08	-0.0015259068	-4.4703484e-08	-0.0027228452	0.13480696	-0.106248625	26.945978	-11.649157	0.56635803	0.030831873	1.0	1.5363019	0.0017139893	3840000	3667.7996604442596
128	0.9939961	2.7704198	3.3497717	-11.305483	36.791668	28.94388	102.0	0.0	1000.0	98543.0	0.02546330749354005	0.06759067	0.39516273	1.5248166	-1.9436582	4.900198	4.510782	37.409992	-1.6436396	1.4901161e-08	-0.0011323092	2.2351742e-08	-0.0025452143	0.11362645	-0.087519884	25.322342	-9.893543	0.5971899	0.030511439	1.0	1.5356822	0.0021282905	3870000	3694.9054915905
129	1.4358205	2.2248032	6.703156	-4.635275	39.333332	26.7031	117.0	4.0	1000.0	99832.0	0.025597948717948717	0.14130446	0.42214942	1.6705847	-1.9983463	3.9281042	4.307799	39.644497	-1.6521528	-4.656613e-09	-0.009167457	7.450581e-09	-0.022990111	0.11495216	-0.08083323	18.80319	-7.618215	0.62770134	0.032686234	21.0	1.5352404	0.011619659	3900000	3723.5280525684357
130	1.7898645	1.8477286	4.632468	-2.4805355	38.916668	26.477846	94.0	0.0	1000.0	101321.0	0.025781424936386767	0.2088518	0.42398795	1.5781378	-1.7842641	4.957018	4.271341	57.153687	-2.2440538	7.450581e-09	-0.0054178773	-7.450581e-09	-0.016435185	0.13916036	-0.113114275	35.9403	-19.775587	0.6603876	0.03133726	7.0	1.5388076	0.00842204	3930000	3751.2413942813873
131	1.2133577	2.3319123	4.076163	-5.3152046	44.375	28.022034	107.0	0.0	1000.0	102638.0	0.02591868686868687	0.2095659	0.4227199	1.723987	-1.57926	4.635709	4.8916073	66.34323	-1.015471	-7.916242e-09	-0.005784909	-1.4901161e-08	-0.020078879	0.1407038	-0.11183754	22.184525	-8.209795	0.69172484	0.03197229	7.0	1.537051	0.013693665	3960000	3778.808132648468
132	1.5561023	1.8343327	4.8176956	-3.907024	82.791664	167.32378	863.0	0.0	1000.0	105015.0	0.02631954887218045	0.11494396	0.40670365	1.6415665	-2.2507546	4.746515	5.2134495	58.903557	-0.7395303	-6.7055225e-08	-0.015694799	-1.4901161e-07	-0.052521467	0.086786844	-0.06265591	255.82687	-191.23	0.7236971	0.037413657	6.0	1.5313623	0.025230726	3990000	3806.042230129242
133	1.4415526	1.4036825	4.1446	-2.3518171	36.958332	33.069977	112.0	0.0	1000.0	106166.0	0.02640945273631841	0.17466862	0.3568956	1.4762498	-1.4426603	4.9347157	3.5798619	34.947166	0.1839664	-1.1175871e-08	-0.00656096	-7.450581e-09	-0.021756943	0.08580898	-0.06192125	21.048183	-9.014492	0.7611108	0.03793305	14.0	1.5272079	0.013592219	4020000	3834.356384038925
134	1.8107467	1.5685496	4.9317737	-2.0380301	41.25	32.28551	118.0	0.0	1000.0	107348.0	0.026505679012345677	0.15036015	0.37906867	2.175004	-1.4680142	4.254621	4.3289347	31.5179	-0.855947	1.1175871e-08	-0.011696788	1.8626451e-08	-0.029584467	0.100221194	-0.08075637	20.579662	-6.370803	0.79904383	0.038787246	19.0	1.5167601	0.013747334	4050000	3862.962354660034
135	1.1284151	1.4346339	4.0680695	-3.0022106	35.208332	26.084764	93.0	2.0	1000.0	108453.0	0.026581617647058825	0.13992083	0.40550822	1.6652303	-1.4735483	3.9589102	3.8864238	53.439457	-3.9146857	0.0	-0.010084399	0.0	-0.02428644	0.080354474	-0.057019178	20.577639	-8.505989	0.8378311	0.03820455	20.0	1.4995843	0.013808192	4080000	3892.17510843277
136	1.731068	1.1666603	4.444586	-0.1688025	52.75	67.69986	295.0	0.0	1000.0	110024.0	0.026769829683698298	0.1735598	0.38072795	1.5949172	-1.4101281	4.806137	6.6826797	69.62654	-0.93084383	-2.2351742e-08	-0.0031816014	-4.4703484e-08	-0.0063252514	0.076643266	-0.057429764	50.874092	-32.51236	0.87603563	0.037455976	2.0	1.4819891	0.0019024874	4110000	3919.5125381946564
137	0.6786437	2.2994828	3.4327478	-6.0234227	40.375	33.970345	132.0	0.0	1000.0	111256.0	0.02687342995169082	0.11007248	0.37615263	1.3959986	-3.0786836	4.843681	7.0585284	90.34322	-1.410073	-5.5879354e-09	-0.0078147035	-2.0489097e-08	-0.01797447	0.13521546	-0.1077355	37.710037	-25.235916	0.9134916	0.037514567	4.0	1.4799154	0.007162912	4140000	3946.837329149246
138	0.9924755	2.5031607	6.130269	-8.46315	38.666668	23.086191	94.0	0.0	1000.0	112423.0	0.026959952038369303	0.05061233	0.47841153	1.6840521	-2.4277928	3.8023055	4.543484	43.935333	-1.6886008	-2.4214387e-08	-0.0056888754	-3.3527613e-08	-0.016280506	0.12485194	-0.099535525	22.637304	-10.765207	0.9510062	0.037395537	7.0	1.4769032	0.011380661	4170000	3974.1164968013763
139	0.96890193	2.4634445	5.3342495	-4.952735	29.875	25.80425	83.0	0.0	1000.0	113387.0	0.026996904761904764	0.19156387	0.45689797	2.021787	-2.7697294	3.7975442	3.933173	28.595592	-1.685618	-2.7939677e-09	-0.0019203502	-1.8626451e-08	-0.003896725	0.13946895	-0.10749316	14.095855	-5.286149	0.9884017	0.03486401	2.0	1.4715669	0.0034950234	4200000	4001.077749967575
140	1.7118117	1.7581106	5.7825503	-2.9783647	31.875	29.9142	129.0	0.0	1000.0	114320.0	0.027026004728132387	0.090135515	0.45418388	1.7622634	-2.4498968	2.920213	4.117539	82.85357	-2.457895	3.7252903e-09	-0.005594758	1.4901161e-08	-0.014106104	0.13115187	-0.09391451	15.276115	-4.6982117	1.0232657	0.03381443	8.0	1.4701879	0.01337273	4230000	4029.4801981449127
141	1.5833582	1.8110943	4.343104	-4.8986344	29.5	24.083189	101.0	0.0	1000.0	115245.0	0.02705281690140845	0.15305437	0.42019522	1.7549759	-1.5395126	3.6207147	3.7467873	32.012882	-1.1473002	7.450581e-09	-0.009413288	0.0	-0.021870326	0.106090456	-0.082747884	13.170803	-3.880237	1.0570801	0.032810092	16.0	1.4642223	0.013762141	4260000	4058.251848459244
142	1.2978016	1.7517087	5.3701277	-2.913747	25.666666	22.302217	78.0	0.0	1000.0	116056.0	0.02705268065268065	0.1095375	0.35062435	1.4420686	-1.5656649	3.1339293	3.1319258	29.130756	-1.7605653	1.1175871e-08	-0.016312035	4.4703484e-08	-0.036622543	0.08692253	-0.066293135	12.764086	-3.5386443	1.0898902	0.030667424	13.0	1.46142	0.015125435	4290000	4087.3329491615295
