Epoch	AverageEpRet	StdEpRet	MaxEpRet	MinEpRet	AverageEpCost	StdEpCost	MaxEpCost	MinEpCost	EpLen	CumulativeCost	CostRate	AverageVVals	StdVVals	MaxVVals	MinVVals	AverageCostVVals	StdCostVVals	MaxCostVVals	MinCostVVals	LossPi	DeltaLossPi	SurrCost	DeltaSurrCost	LossV	DeltaLossV	LossVC	DeltaLossVC	Penalty	DeltaPenalty	StopIter	Entropy	KL	TotalEnvInteracts	Time
0	0.57349926	2.05658	4.5056305	-3.5524435	5.25	10.516851	34.0	0.0	1000.0	191.0	0.006366666666666666	0.60733956	0.57626563	2.0035431	-1.1514295	-0.42947686	0.119579725	0.09710092	-0.8134704	9.313226e-09	0.011363953	2.2351742e-08	-0.003135082	1.515744	-1.3218703	5.644889	-1.4061842	0.99999994	-0.031177998	1.0	1.837877	0.027871907	30000	29.120504140853882
1	0.33218864	2.2893274	7.3035936	-3.1198242	2.9166667	6.0684752	19.0	0.0	1000.0	343.0	0.005716666666666667	-0.23993519	0.37411022	0.87923765	-1.4718827	0.50214165	0.6558718	3.7460182	-1.1257167	9.313226e-09	0.029953703	9.313226e-09	0.004301977	0.21700698	-0.041504633	3.3079093	-0.35805678	0.96882194	-0.030538738	1.0	1.8383414	0.07751168	60000	56.362802267074585
2	0.43404046	2.830345	10.509848	-2.4789088	11.791667	22.642107	87.0	0.0	1000.0	647.0	0.007188888888888889	-0.39391863	0.48714337	0.9904392	-1.8415564	0.6680639	0.75940096	4.1174483	-1.462395	0.0	0.0015243869	-3.7252903e-09	3.0822586e-05	0.19973353	-0.044884562	8.278566	-1.478874	0.9382832	-0.028953671	1.0	1.8389044	0.010812906	90000	83.97666597366333
3	0.5519615	3.9953206	15.654749	-2.7294183	4.125	10.047025	44.0	0.0	1000.0	803.0	0.006691666666666667	-0.41615313	0.4573172	1.1551414	-1.7902533	0.9970759	1.2155377	8.591389	-2.0351381	0.0	-0.0067832903	-3.7252903e-09	-0.008365303	0.2120654	-0.037871152	4.1248145	-1.3355585	0.90932953	-0.027819812	79.0	1.839326	0.007753576	120000	118.54024624824524
4	1.9029049	3.1867769	11.992405	-2.5159037	15.125	24.515833	83.0	0.0	1000.0	1243.0	0.008286666666666666	-0.2682401	0.5931387	1.523826	-1.9306295	0.6801157	0.8052799	8.357074	-1.1469094	-2.2351742e-08	-0.00023585721	-3.7252903e-08	-0.00040854048	0.22385593	-0.039674353	13.276959	-5.1325116	0.8815097	-0.027163923	2.0	1.8176117	0.0015703624	150000	146.4707362651825
5	2.5772064	3.1251209	9.717751	-1.2527512	12.125	16.510887	56.0	0.0	1000.0	1592.0	0.008844444444444445	-0.29689708	0.53219306	1.402595	-1.7923203	1.571525	2.0618591	17.77476	-1.4857289	0.0	-0.00036943867	1.8626451e-09	-0.0012351284	0.15693653	-0.020100467	6.3421855	-1.2647078	0.8543458	-0.026403844	1.0	1.8163457	0.0016256873	180000	174.62664151191711
6	2.5723903	2.89992	11.5603895	-1.9182408	2.1666667	4.268749	15.0	0.0	1000.0	1692.0	0.008057142857142856	-0.23653093	0.532583	1.247374	-1.774799	1.3658437	1.705467	17.395172	-1.1058706	-1.8626451e-09	-0.00077244476	-5.5879354e-09	0.000119846314	0.1828089	-0.025920263	3.9593215	-2.563284	0.82794195	-0.026563883	1.0	1.8153641	0.0020359645	210000	202.55298781394958
7	2.5714467	2.8856235	9.913047	-0.6169967	7.25	10.932558	37.0	0.0	1000.0	1880.0	0.007833333333333333	-0.19028357	0.47297236	1.3625534	-1.6863525	0.35931712	0.45620868	5.8207097	-1.1362149	-3.7252903e-09	-0.0007206898	-3.7252903e-09	-0.00041748537	0.1789707	-0.025468308	3.11484	-0.6989574	0.8013781	-0.026188672	1.0	1.814509	0.0016018806	240000	230.65476989746094
8	2.1213405	3.278444	8.423249	-3.4504838	8.083333	12.55958	44.0	0.0	1000.0	2126.0	0.007874074074074073	-0.21438128	0.44923556	1.2501873	-1.6759311	0.6300523	1.0404835	10.975253	-1.2555873	4.656613e-09	-0.008794408	2.7939677e-09	-0.013643276	0.21767336	-0.043684017	5.1336937	-1.3228328	0.7751894	-0.023106933	79.0	1.8136038	0.01014231	270000	265.64199113845825
9	2.6651456	3.7889147	11.340175	-2.4313865	4.4583335	14.659977	73.0	0.0	1000.0	2279.0	0.0075966666666666665	-0.15766841	0.5632834	1.6909728	-1.8826318	0.79016274	1.0595688	16.296806	-0.5849592	5.5879354e-09	-0.007447914	1.4901161e-08	-0.0076222047	0.20036662	-0.05169072	3.8459854	-1.1310937	0.75208247	-0.025292873	79.0	1.7900652	0.006645172	300000	301.04407262802124
10	3.9429195	4.3563395	20.296574	-1.3835355	8.708333	11.620668	42.0	0.0	1000.0	2552.0	0.007733333333333333	-0.123329066	0.56031823	1.656619	-1.666625	0.7954512	1.4109656	15.433495	-1.1829675	1.1175871e-08	-0.008654721	2.2351742e-08	-0.0148682855	0.33083218	-0.07544568	5.9435368	-1.3581932	0.7267896	-0.019884884	79.0	1.7701895	0.010399124	330000	336.6003017425537
11	1.4234003	1.7200929	4.9635324	-1.4203753	10.333333	15.821049	61.0	0.0	1000.0	2814.0	0.007816666666666666	-0.08669898	0.53785014	1.5891557	-1.6826229	0.8946354	1.0611186	11.568494	-0.6227264	1.8626451e-09	0.024547081	-3.7252903e-09	-0.0025445814	0.17703533	-0.055120286	5.9637275	-1.3313153	0.7069047	-0.023671746	4.0	1.7397012	0.06073432	360000	365.0287048816681
12	3.9350536	3.1630573	10.06783	-2.0872424	10.5	14.583096	52.0	0.0	1000.0	3137.0	0.008043589743589744	-0.18400241	0.51949143	1.1499249	-1.9708039	1.2573224	1.4479789	20.3463	-1.3076622	-3.7252903e-09	0.00036049832	-1.1175871e-08	0.0008877183	0.17217396	-0.033760756	7.944277	-2.35249	0.68323296	-0.023180664	1.0	1.7375951	0.008297799	390000	393.40050649642944
13	3.4316533	3.4365695	13.6937475	-0.8436222	13.625	20.340462	92.0	0.0	1000.0	3494.0	0.008319047619047618	-0.21336693	0.5180421	1.5636744	-1.7175872	0.9740091	1.2920418	15.863092	-0.92748785	-9.313226e-09	0.017066717	-1.1175871e-08	0.00017292518	0.19663781	-0.040223327	9.14719	-2.8515744	0.6600523	-0.022019625	1.0	1.7369189	0.0548484	420000	421.8059995174408
14	3.6956651	3.6046417	11.517577	-2.169726	6.6666665	9.581521	42.0	0.0	1000.0	3697.0	0.008215555555555556	0.053578716	0.6647937	1.956262	-1.788393	1.0815002	1.3975407	19.032766	-1.5458771	4.1909516e-09	-0.0015732091	7.450581e-09	-0.0027551046	0.3069108	-0.10461584	4.1766205	-1.4455445	0.6380327	-0.021575391	2.0	1.736445	0.007849103	450000	450.1227111816406
15	4.117599	3.1566124	9.323519	-1.9347236	9.375	10.168631	35.0	0.0	1000.0	3934.0	0.008195833333333333	0.08503085	0.6082034	1.9156057	-1.6770272	0.7761346	1.070264	20.734686	-0.57400966	-1.3038516e-08	-0.007916303	-1.1175871e-08	-0.011232713	0.19739392	-0.05342243	3.6685991	-0.83273494	0.6164573	-0.017018914	79.0	1.7357868	0.00802411	480000	486.13115096092224
16	4.3679023	3.1434686	12.17454	-0.26891878	8.625	11.59674	39.0	0.0	1000.0	4162.0	0.00816078431372549	0.093858436	0.6273984	1.7606263	-1.9857172	0.77514416	0.9630501	15.834802	-1.0982088	7.450581e-09	-0.00712965	5.5879354e-09	-0.0071378667	0.21082667	-0.0421301	3.7182128	-0.6158432	0.59943837	-0.021754026	79.0	1.710808	0.008561337	510000	521.8516180515289
17	4.1678147	3.8255365	12.777618	-0.937044	4.0833335	6.93972	25.0	0.0	1000.0	4306.0	0.007974074074074074	0.09686209	0.61016166	1.6525034	-1.6022463	0.8270182	1.1455276	17.066969	-0.847351	4.656613e-09	0.0019704048	-3.7252903e-09	-0.0019658972	0.19388577	-0.04367977	2.6414082	-0.7941127	0.57768434	-0.021072626	10.0	1.669792	0.014198775	540000	551.553460597992
18	6.8803544	4.69149	19.807055	-0.36823967	13.708333	15.251992	52.0	0.0	1000.0	4658.0	0.008171929824561403	0.21685405	0.67307115	2.1173177	-1.7193568	0.62900376	0.81998634	9.924036	-0.34048557	0.0	0.015086515	-1.6763806e-08	-0.0015711496	0.23451337	-0.04463318	7.5272408	-2.3674483	0.5566117	-0.019929588	1.0	1.6672945	0.041886568	570000	580.3691198825836
19	4.380444	3.3923025	14.175471	-1.9639466	11.25	15.050609	54.0	0.0	1000.0	4957.0	0.008261666666666667	0.25761804	0.65047747	1.9237126	-1.5221539	0.92032903	1.2573622	13.655779	-0.5417305	-5.5879354e-09	9.379606e-05	5.5879354e-09	0.0002581575	0.25444335	-0.08357122	4.940258	-1.7851305	0.5366821	-0.019127548	1.0	1.6667118	0.0015320234	600000	608.984988451004
20	4.535626	4.4580073	15.655279	-2.4464629	10.041667	10.52172	31.0	0.0	1000.0	5245.0	0.008325396825396826	0.2007652	0.66835076	1.6070112	-2.0315275	1.137288	1.4912305	20.335241	-0.80284524	-6.519258e-09	-0.0006196875	-5.5879354e-09	0.0002466438	0.22981425	-0.04660216	4.978897	-1.661048	0.5175546	-0.01847142	1.0	1.6664984	0.0023084446	630000	637.6079742908478
21	6.099466	3.8800979	16.163946	-1.0885034	11.625	8.32072	32.0	0.0	1000.0	5629.0	0.008528787878787879	0.20946445	0.67164797	1.6607968	-2.0897856	1.1576781	1.5471064	15.2711115	-1.0302643	-1.3038516e-08	0.0010562917	-7.450581e-09	-0.0004482983	0.30571803	-0.094977535	7.1320443	-2.3298335	0.49908316	-0.017749041	1.0	1.6665733	0.0078011435	660000	665.9205436706543
22	5.132274	3.9387758	12.595911	-1.8657347	13.541667	15.165693	57.0	0.0	1000.0	5999.0	0.008694202898550725	0.24122006	0.6575624	2.1827803	-1.9764543	1.2277217	1.0301805	13.11364	-0.24958375	8.381903e-09	0.00039543316	1.1175871e-08	-0.00010926812	0.26008588	-0.07107216	7.5301247	-2.375686	0.48133412	-0.016927421	1.0	1.6667125	0.0064285165	690000	694.0439519882202
23	6.9358563	3.4960742	13.763329	0.26970476	11.75	13.985856	53.0	0.0	1000.0	6346.0	0.008813888888888888	0.33281666	0.6808168	1.8451251	-1.9035176	1.2568362	1.4230354	22.394215	-0.30171055	-1.8626451e-09	-0.00040088862	-1.8626451e-08	-0.000375853	0.2891759	-0.066024005	6.7998075	-2.3503335	0.4644067	-0.016335905	1.0	1.6666169	0.003825573	720000	722.3322772979736
24	4.654243	4.1682377	13.715901	-2.778272	11.166667	11.345581	37.0	0.0	1000.0	6686.0	0.008914666666666666	0.306525	0.6895171	1.9473575	-1.7801932	1.2339245	1.4898438	20.281097	-0.632497	9.313226e-10	-0.00038445898	2.3283064e-08	0.00045062636	0.24452916	-0.07059382	5.364175	-1.5911748	0.4480708	-0.015826523	1.0	1.6664779	0.0012285092	750000	750.4125280380249
25	4.973575	3.3848116	12.019445	-0.20567669	15.625	13.459236	43.0	0.0	1000.0	7101.0	0.009103846153846153	0.34115526	0.69403446	2.1252487	-1.7964998	1.4523987	1.6898773	20.569353	-0.27440774	-7.450581e-09	-0.00049193844	-7.450581e-09	-7.74581e-05	0.23557678	-0.07428102	7.7819014	-2.4183433	0.43224427	-0.014950246	1.0	1.6666496	0.0011799877	780000	778.9790971279144
26	6.6428432	4.0348306	15.84014	0.5073002	18.666666	14.859528	57.0	0.0	1000.0	7663.0	0.009460493827160493	0.30000412	0.6722932	1.9179575	-1.6821871	1.5806346	1.5954155	21.14578	-0.34658074	1.1175871e-08	-0.0009186405	0.0	-0.0017740931	0.28123936	-0.07495569	7.2334175	-2.2267103	0.41729403	-0.013896078	1.0	1.6667428	0.0017340301	810000	807.3235051631927
27	6.661883	3.8795397	15.095761	-1.561456	10.291667	10.187734	35.0	0.0	1000.0	8070.0	0.009607142857142857	0.37050906	0.645398	2.2861588	-2.1582255	1.7667946	1.6628652	17.585064	-0.43909228	-2.7939677e-09	-0.0012534591	3.7252903e-09	-0.0006447253	0.2667088	-0.07725389	9.070208	-3.1905298	0.40339795	-0.013713092	1.0	1.6667097	0.0027669654	840000	835.7968566417694
28	6.4397283	4.2680535	17.728653	-1.138442	7.5	9.609024	38.0	0.0	1000.0	8329.0	0.009573563218390804	0.3891224	0.68249065	2.3384738	-1.5043381	1.5375831	1.8648012	19.508677	-1.0208945	-7.450581e-09	-0.0011732641	-2.2351742e-08	0.00023364602	0.22368099	-0.054337382	5.7342043	-2.7265663	0.38968486	-0.013699263	1.0	1.6667194	0.0031333235	870000	864.3036823272705
29	7.3705063	3.8662133	17.593964	-0.5289762	10.875	11.087954	31.0	0.0	1000.0	8720.0	0.00968888888888889	0.42456508	0.66658217	2.0282989	-1.6280051	1.0935209	1.1392705	10.885684	-0.8665638	-7.450581e-09	-0.0005849573	-7.450581e-09	0.0007840127	0.27328998	-0.08147948	6.7561035	-2.2365923	0.3759856	-0.013381183	1.0	1.666943	0.0014218038	900000	892.7511403560638
30	8.017269	3.9708698	17.437618	1.6745908	15.666667	13.290557	55.0	0.0	1000.0	9201.0	0.009893548387096775	0.46573612	0.7065099	2.2685406	-1.8320293	1.2490454	1.3338299	21.787184	-0.7086811	-1.0244548e-08	-0.0008867077	-4.4703484e-08	-0.0005818708	0.28748775	-0.08981532	7.43367	-2.42972	0.3626044	-0.012687534	1.0	1.6669652	0.0015605891	930000	921.4034266471863
31	7.2369313	3.0693202	14.563044	1.5819873	20.416666	17.327524	68.0	0.0	1000.0	9895.0	0.010307291666666666	0.4376549	0.6920715	1.9486923	-1.621558	1.9348117	2.4138806	27.146645	-0.16005258	-5.5879354e-09	-0.0006262768	-3.7252903e-09	-0.00022000383	0.22822429	-0.051785424	10.902323	-4.4062147	0.34991688	-0.011655897	1.0	1.6669302	0.00091518776	960000	949.758397102356
32	6.034046	3.6260731	13.102794	0.4731273	21.0	16.454483	59.0	0.0	1000.0	10506.0	0.010612121212121212	0.42653972	0.70469874	2.0482633	-1.8112324	2.48848	2.29522	24.202126	-1.4082263	3.7252903e-09	-0.00048305513	-5.5879354e-09	-0.00070985314	0.2968471	-0.092488654	9.508762	-3.3061798	0.33826098	-0.010703951	1.0	1.6668499	0.00032444645	990000	977.8299634456635
33	8.460179	4.4015784	16.105291	0.58857226	24.208334	20.746443	79.0	0.0	1000.0	11210.0	0.010990196078431373	0.43352234	0.708479	2.1118555	-1.6818777	2.15742	2.1381152	18.959015	-1.6922443	1.3038516e-08	-0.000881664	1.1175871e-08	-0.0007514786	0.30201238	-0.085788	11.4622345	-4.656637	0.32755703	-0.009572953	1.0	1.6666336	0.0010754439	1020000	1006.0767667293549
34	6.8827267	4.1641808	15.334419	-2.1572673	20.416666	16.80257	56.0	0.0	1000.0	11757.0	0.011197142857142857	0.4139248	0.7031205	2.0520463	-1.7398641	2.5176775	2.3958633	22.282055	-1.6860257	-9.313226e-10	-0.00070596044	-5.5879354e-09	-0.0003733395	0.25522473	-0.0872454	9.573121	-4.1187167	0.31798407	-0.008924931	1.0	1.6663109	0.0006715801	1050000	1034.4611139297485
35	7.7208905	4.5678787	15.017701	-3.5185504	17.416666	11.87054	41.0	0.0	1000.0	12323.0	0.011410185185185185	0.39426833	0.69898516	2.1049016	-1.87095	2.0371656	1.9217336	17.218678	-0.9840826	1.8626451e-09	-0.000595893	-1.5832484e-08	-0.00058874255	0.26202568	-0.087156825	8.876303	-3.2800317	0.30905914	-0.008605003	1.0	1.6660254	0.00081845385	1080000	1063.1551778316498
36	9.03138	5.884081	19.515041	-3.7837367	15.833333	14.7723465	53.0	0.0	1000.0	12837.0	0.011564864864864865	0.45220873	0.8004006	3.1554167	-1.8302397	1.8412178	2.1755257	22.304846	-3.5460012	4.656613e-09	-0.0006488501	-2.0489097e-08	-0.0004104334	0.334611	-0.13181274	7.936428	-3.5161219	0.30045414	-0.008437067	1.0	1.665748	0.0008043096	1110000	1091.6886992454529
37	6.526525	3.455096	14.533548	-0.31540152	20.416666	18.659039	74.0	0.0	1000.0	13452.0	0.0118	0.5621896	0.75914633	2.4195518	-1.9081876	2.0095854	2.2062912	22.076448	-1.8513515	-1.44355e-08	0.00034201017	-1.1175871e-08	-0.0006187274	0.28326046	-0.10867429	10.823159	-5.1609125	0.29201707	-0.0078106225	3.0	1.6650229	0.0038474356	1140000	1120.514482498169
38	7.395967	4.1090884	21.19356	0.86423093	19.458334	15.919011	61.0	0.0	1000.0	14076.0	0.01203076923076923	0.4376357	0.7039776	2.2901213	-1.9495448	2.0820444	2.427374	20.167414	-2.7518275	3.7252903e-09	-0.00042176014	6.519258e-09	-0.0002193132	0.3106201	-0.10936971	8.57767	-4.117796	0.28420645	-0.0075061023	1.0	1.6629027	0.002873055	1170000	1148.9080085754395
39	7.205364	3.793357	15.055595	-0.7375104	27.291666	16.221075	56.0	0.0	1000.0	14821.0	0.012350833333333333	0.48841262	0.73229825	2.2139628	-1.6227374	2.3508408	2.3163617	20.851925	-1.5769341	0.0	-0.0007065912	-1.1175871e-08	-0.0014128259	0.29483795	-0.115303874	10.884003	-5.674567	0.27670035	-0.006467968	1.0	1.6616974	0.004231451	1200000	1177.5639822483063
40	6.976236	3.7116468	13.975037	0.006298977	26.041666	15.2847395	51.0	0.0	1000.0	15601.0	0.012683739837398374	0.40886894	0.7259669	2.4849644	-1.5859666	2.8695006	2.7075381	18.981487	-2.7170703	1.1175871e-08	-0.00018865755	1.1175871e-08	-0.0007294263	0.26711935	-0.09789254	11.025686	-5.544015	0.27023238	-0.005669236	1.0	1.6606206	0.0027240505	1230000	1206.4121794700623
41	7.7613883	3.7745461	14.695481	0.1799503	20.208334	17.731749	76.0	0.0	1000.0	16275.0	0.012916666666666667	0.4749661	0.78298146	2.477743	-1.7822825	2.5444891	2.5439384	22.291067	-2.342377	0.0	-0.0009933759	0.0	-0.001260068	0.2342319	-0.072669335	11.148418	-6.1645527	0.26456314	-0.005460292	1.0	1.6596859	0.0019601271	1260000	1234.7868249416351
42	8.279464	4.357271	16.963331	0.9623905	26.958334	21.321896	68.0	0.0	1000.0	17186.0	0.01332248062015504	0.5211093	0.7553413	2.8573077	-1.598613	2.3577974	2.3026338	17.846806	-3.3910735	9.313226e-09	-0.0006593934	3.7252903e-09	-0.000820691	0.28559172	-0.101068124	14.808446	-7.5699806	0.25910285	-0.0047044754	1.0	1.6588187	0.00073937315	1290000	1263.3908250331879
43	8.854388	3.5447087	14.453995	2.1856482	27.541666	17.930372	58.0	0.0	1000.0	18011.0	0.01364469696969697	0.5191272	0.7391015	2.205791	-1.730851	3.1483016	2.9600945	23.40659	-2.0263417	1.4901161e-08	-0.0005935787	-3.7252903e-09	-0.00033644098	0.2836451	-0.10305925	11.039017	-5.3290462	0.25439838	-0.0039922595	1.0	1.6579902	0.00032521243	1320000	1291.6394882202148
44	7.1642737	4.115759	16.023548	0.6420225	28.083334	19.916317	79.0	0.0	1000.0	18846.0	0.01396	0.551184	0.77541566	2.565973	-1.6587663	2.7061508	2.7349682	23.230978	-2.1268766	0.0	-0.0010830105	1.8626451e-08	-0.00041352864	0.28280252	-0.117895655	11.576708	-5.6676407	0.25040612	-0.0033220053	1.0	1.6571386	0.0021413602	1350000	1320.056846857071
45	9.033105	3.5124872	16.951973	2.5976977	28.458334	17.158524	90.0	8.0	1000.0	19689.0	0.014267391304347826	0.54461145	0.703174	2.219014	-1.601552	3.115861	3.202965	28.04444	-2.4095922	-1.8626451e-09	-0.0006135078	-1.6763806e-08	-0.000504883	0.30707896	-0.11078305	12.191862	-6.0479035	0.24708411	-0.0026943684	1.0	1.6562955	0.0025755016	1380000	1349.0046555995941
46	8.439027	3.0397787	14.069899	2.5054104	33.083332	22.033907	84.0	0.0	1000.0	20639.0	0.01463758865248227	0.5371667	0.77436775	2.2810037	-1.801974	3.2187645	2.8808641	24.219757	-1.0844069	1.8626451e-09	-0.0008623326	1.8626451e-08	-0.0006598204	0.23292302	-0.08986181	12.208465	-5.963716	0.24438974	-0.0017374009	1.0	1.6553917	0.0007981338	1410000	1377.4282412528992
47	7.29584	4.2385497	16.123268	0.76718116	29.208334	20.572998	89.0	0.0	1000.0	21490.0	0.014923611111111111	0.48008186	0.711179	2.2037168	-1.8521206	2.9159062	2.79352	22.413767	-1.6267979	-9.313226e-09	-0.009107793	-1.8626451e-08	-0.01320353	0.22375782	-0.07748045	14.529688	-7.790201	0.24265234	-9.5680356e-05	79.0	1.6544881	0.006864628	1440000	1413.2199499607086
48	8.773173	3.6817672	16.326315	4.3481975	36.583332	20.192648	93.0	0.0	1000.0	22534.0	0.015329251700680273	0.55807084	0.70354843	2.371798	-1.7738407	3.5546904	3.8314846	31.85326	-2.3249536	-1.4901161e-08	-0.010717623	-7.450581e-09	-0.026738856	0.2469615	-0.08364118	17.830063	-9.934863	0.24255666	0.0042555183	79.0	1.6202095	0.0091163	1470000	1448.7452478408813
49	8.165762	4.3555446	16.827278	0.01130238	39.166668	30.193357	125.0	0.0	1000.0	23606.0	0.015737333333333332	0.5215075	0.76585674	2.2577996	-1.8470274	3.5240777	3.271299	25.03596	-2.9150047	5.5879354e-09	0.00025262986	3.7252903e-08	-0.0020126658	0.3234536	-0.14045271	17.840752	-10.158992	0.24681218	0.0015061945	6.0	1.5860486	0.0055041737	1500000	1477.76136469841
50	8.50084	3.490086	13.948384	-1.6869832	38.25	23.750877	93.0	0.0	1000.0	24801.0	0.01620980392156863	0.63992906	0.767752	2.4439979	-1.5356647	3.998926	3.8545218	32.26012	-2.4140725	1.8626451e-09	-0.00092548004	2.2351742e-08	-0.0030597984	0.29315662	-0.12807353	18.886696	-10.763342	0.24831837	0.002203077	1.0	1.585644	0.005322137	1530000	1506.551378250122
51	6.797629	4.700756	15.388603	-4.3627534	39.166668	31.268549	104.0	0.0	1000.0	25947.0	0.016632692307692307	0.4799779	0.72939205	2.8797865	-1.8710562	3.92951	3.8947487	28.876385	-2.8050065	0.0	-9.728366e-05	2.7939677e-08	-0.0022345516	0.2795969	-0.113376305	16.386105	-9.284269	0.25052145	0.0032353401	1.0	1.5853653	0.005011107	1560000	1534.741843700409
52	9.204244	3.3752377	18.345346	2.300601	35.25	22.763733	88.0	0.0	1000.0	26947.0	0.016947798742138365	0.6098899	0.73665154	2.6604052	-1.513161	4.254381	3.5671284	25.788036	-2.1291406	5.122274e-09	-0.00062658807	1.4901161e-08	-0.005132974	0.2518835	-0.119830355	15.531431	-8.178201	0.2537568	0.0038658977	1.0	1.5849833	0.0073929615	1590000	1563.3383119106293
53	9.28514	4.7496653	20.003065	-3.8723385	43.583332	31.693737	115.0	0.0	1000.0	28192.0	0.01740246913580247	0.660416	0.72390217	3.1260014	-1.5254189	3.9114516	4.0231605	38.73143	-2.7087338	-1.4901161e-08	-0.00089169096	-1.4901161e-08	-0.00037046213	0.26075667	-0.11062601	17.205526	-8.559359	0.2576227	0.0051576793	1.0	1.5846713	0.0035989396	1620000	1591.8693680763245
54	9.79875	3.3122103	18.02904	3.9523623	36.25	23.519938	86.0	0.0	1000.0	29156.0	0.01767030303030303	0.7009453	0.7718319	2.5845625	-1.667354	3.9860878	3.8906522	34.702435	-2.049256	-5.5879354e-09	-0.00026952103	6.9849193e-09	-0.0027888103	0.27504748	-0.115065664	15.521753	-8.81547	0.26278037	0.005768627	1.0	1.5843972	0.0038759187	1650000	1620.3520798683167
55	10.555032	3.2945104	17.851305	3.6908984	36.375	22.731792	95.0	6.0	1000.0	30239.0	0.01799940476190476	0.750648	0.7925692	2.5635161	-1.782002	3.2726936	3.4586663	28.83718	-2.1382382	-1.3038516e-08	-0.0006917102	8.381903e-09	-0.0027997107	0.37742805	-0.19007747	18.496311	-10.765997	0.268549	0.0063786805	1.0	1.5840473	0.0043410882	1680000	1649.109493970871
56	7.9930935	5.7408476	18.327576	-4.335927	29.916666	26.831133	104.0	0.0	1000.0	31102.0	0.01818830409356725	0.75866157	0.76220506	3.012476	-1.552245	3.271115	3.8273523	32.320343	-2.8109806	-1.8626451e-09	-0.00026897228	0.0	-0.0018750774	0.38912198	-0.21478039	14.3490925	-8.185683	0.27492768	0.006390333	1.0	1.5837516	0.004043558	1710000	1677.6834630966187
57	10.889171	4.5645466	16.821957	-2.152858	33.625	20.740082	83.0	0.0	1000.0	32205.0	0.018508620689655173	0.8315147	0.81603444	2.689197	-2.3531725	3.0759716	3.249361	31.223959	-3.4569993	5.5879354e-09	-0.0007997602	0.0	-0.00037999917	0.42314398	-0.19474193	19.975153	-11.527138	0.281318	0.006751597	1.0	1.5833383	0.0020418675	1740000	1706.2238326072693
58	9.904304	3.7198632	16.83298	2.2782402	34.166668	26.477453	96.0	0.0	1000.0	33138.0	0.018722033898305086	0.83936274	0.8082643	2.9509494	-2.036538	3.8591294	4.3066573	35.387165	-3.4675722	-1.4901161e-08	-0.00063667714	-1.3038516e-08	0.00071028946	0.2977792	-0.14472507	15.595541	-9.0311365	0.2880696	0.0071625113	1.0	1.5828818	0.00079129305	1770000	1735.1002571582794
59	9.953154	4.728827	17.995565	-1.8992524	36.916668	33.22263	116.0	0.0	1000.0	34259.0	0.019032777777777777	0.74781686	0.7473027	2.559475	-1.7821736	3.2464082	3.9986796	28.092945	-3.4041834	-1.4901161e-08	-0.000992983	-1.4901161e-08	-0.000910582	0.30162632	-0.13773526	19.255047	-11.108711	0.29523212	0.007827431	1.0	1.5824485	0.0007669859	1800000	1763.6483206748962
60	9.341978	4.8010616	18.929707	-0.8305243	41.791668	34.461304	136.0	0.0	1000.0	35625.0	0.0194672131147541	0.74012446	0.8057212	2.5445945	-2.0076723	3.9491682	4.612408	30.968735	-3.8487816	7.916242e-09	-0.0014254365	3.7252903e-08	-0.0047181197	0.29744032	-0.14860502	23.299425	-13.192035	0.30305955	0.008918285	1.0	1.5820434	0.0030883201	1830000	1792.6247506141663
61	9.8975115	3.354964	16.74323	3.9144907	30.458334	19.966595	76.0	0.0	1000.0	36503.0	0.019625268817204302	0.78479385	0.75747854	2.8751037	-2.0078645	4.150309	4.3382225	39.54318	-3.6734326	-7.450581e-09	-0.0012151723	-3.7252903e-08	0.00025821757	0.2963463	-0.13875599	17.076939	-10.577077	0.31197783	0.008867621	1.0	1.5814999	0.0019026301	1860000	1821.296499967575
62	11.477028	5.4882507	20.380915	0.12834954	35.291668	17.336088	81.0	8.0	1000.0	37566.0	0.019876190476190478	0.74467814	0.73691386	2.8244996	-1.5887612	3.3492846	3.3724089	33.62348	-3.247145	-1.3038516e-08	-0.00028608696	-7.450581e-09	-0.00041286566	0.3761111	-0.19245367	15.433304	-7.9646726	0.32084545	0.009341657	1.0	1.5810487	0.000546736	1890000	1849.7248208522797
63	10.7625885	3.7788792	17.102709	3.0235581	35.916668	19.591488	86.0	0.0	1000.0	38654.0	0.020132291666666666	0.8141125	0.8128567	2.774373	-1.7947929	3.5738208	3.7506316	32.901283	-2.8449726	-6.519258e-09	-0.0011964431	-1.9557774e-08	-0.003213614	0.30640745	-0.14646693	18.151302	-10.338432	0.3301871	0.009890556	1.0	1.5807624	0.0015044017	1920000	1878.5881640911102
64	10.7207365	3.6845777	18.608225	3.7454007	40.041668	29.834932	116.0	0.0	1000.0	39796.0	0.02040820512820513	0.8250744	0.74028283	2.8764167	-1.4330257	4.011069	4.3045125	42.930576	-2.3993754	3.4924597e-09	-0.0020968812	-1.1175871e-08	-0.0026215422	0.3064403	-0.15356734	18.844902	-10.572361	0.34007767	0.01086852	1.0	1.5805862	0.0030822295	1950000	1907.1614816188812
65	9.53871	4.9257245	20.574846	-3.4829125	44.125	34.089725	118.0	0.0	1000.0	41043.0	0.020728787878787878	0.7695405	0.77339494	2.6849265	-1.8872452	4.005869	4.2886043	35.043648	-3.548876	3.7252903e-09	-0.0010069183	-2.9802322e-08	-0.0017038984	0.31683713	-0.14997217	21.800735	-12.915653	0.3509462	0.012349814	3.0	1.580441	0.0012276158	1980000	1936.0448060035706
66	12.566241	3.264331	17.985294	6.0630655	43.416668	29.608438	138.0	0.0	1000.0	42274.0	0.0210318407960199	0.7459256	0.7394695	2.3942401	-1.9687694	4.3027954	4.4006605	35.306664	-3.5442853	-5.5879354e-09	-0.011617428	-1.4901161e-08	-0.033351637	0.3843409	-0.19218272	23.043158	-13.856705	0.363296	0.024340957	79.0	1.5793092	0.01014073	2010000	1971.7652189731598
67	11.710968	3.9397407	18.96465	2.3886526	44.0	29.966648	101.0	0.0	1000.0	43526.0	0.02133627450980392	0.87482566	0.75963026	3.0604892	-1.4520171	4.5258894	4.904371	40.38658	-3.612385	-3.7252903e-09	-0.014024701	1.4901161e-08	-0.04068111	0.30239755	-0.15364452	22.336819	-12.755509	0.38763696	0.026647985	73.0	1.5522697	0.01205259	2040000	2007.1587884426117
68	12.065648	3.5495415	18.686253	5.775355	44.041668	22.206379	94.0	11.0	1000.0	44763.0	0.02162463768115942	0.93972075	0.6992393	2.7613206	-1.4970812	4.553733	4.3877335	34.884045	-2.4595327	0.0	-0.011506274	2.0489097e-08	-0.027453538	0.30095282	-0.13527277	23.95489	-13.52953	0.41428494	0.025203735	79.0	1.5104065	0.0087210685	2070000	2043.0849180221558
69	13.132352	3.7804217	19.979	6.789743	33.958332	19.507433	63.0	0.0	1000.0	45743.0	0.021782380952380952	0.9586064	0.71489114	2.9568818	-1.3992285	4.0013065	3.6632948	30.323284	-3.2974997	-1.8626451e-09	-0.0006470571	-1.4901161e-08	-0.0032952777	0.32120332	-0.16114116	17.669426	-10.7449665	0.43948868	0.017302454	2.0	1.4785237	0.0023907244	2100000	2071.607126712799
70	14.115695	3.0588439	18.717216	5.245361	35.208332	20.720318	78.0	0.0	1000.0	46860.0	0.022	1.1045747	0.7003998	2.8840451	-1.3499366	3.6172564	3.9899256	34.211643	-3.4495661	1.6298145e-08	-0.00071041024	4.284084e-08	-0.0012436286	0.3228323	-0.1589646	16.905687	-9.59338	0.45679113	0.017419994	1.0	1.4773583	0.0032582884	2130000	2100.7449288368225
71	12.2605715	5.8020315	20.144848	-3.8907557	36.666668	24.256727	71.0	0.0	1000.0	48047.0	0.022243981481481483	1.0273736	0.75884277	2.927385	-1.6244253	3.6217167	3.7643352	27.130821	-2.8562844	1.8626451e-09	-0.0006536598	-5.5879354e-09	-0.0029160972	0.3227009	-0.16338694	20.102001	-11.115183	0.47421113	0.01787889	1.0	1.4764931	0.0035301321	2160000	2129.360673189163
72	11.570694	4.3634353	17.339506	-4.283314	39.958332	24.254688	101.0	0.0	1000.0	49363.0	0.022540182648401828	1.0547923	0.75046337	3.3577	-1.6895216	4.1741138	4.4142857	33.099358	-3.091872	-9.313226e-10	-0.0003233126	1.4901161e-08	-0.0013521928	0.32207593	-0.16773768	22.6486	-13.473476	0.49209002	0.018803507	1.0	1.4757696	0.0009050559	2190000	2158.182070016861
73	12.342916	4.9774485	18.338848	-2.0019827	40.333332	41.4836	151.0	0.0	1000.0	50617.0	0.02280045045045045	0.91442543	0.7277787	2.6237981	-1.743692	4.653989	5.00721	37.29687	-3.982644	1.0244548e-08	-0.0008064946	7.450581e-09	-0.003924284	0.32060778	-0.15054792	25.470894	-17.664337	0.5108935	0.019778311	1.0	1.4752166	0.0015742664	2220000	2186.946715116501
74	10.729035	3.7948792	15.470157	-2.4227736	40.333332	25.36347	101.0	0.0	1000.0	51688.0	0.022972444444444445	0.9914054	0.762127	2.8002305	-1.6557919	4.0613027	4.5557256	37.44781	-3.8511622	-2.2351742e-08	-0.00058723416	-3.3527613e-08	-0.00021750666	0.3093946	-0.16195366	19.448378	-12.319281	0.53067183	0.020739734	1.0	1.4750295	0.0013747443	2250000	2215.6666889190674
75	10.283308	5.2711763	19.656233	-2.0819237	36.083332	23.635984	92.0	0.0	1000.0	52864.0	0.023185964912280702	0.80588675	0.8193341	2.719097	-2.08779	3.9791343	4.159305	30.357027	-4.332826	1.8626451e-09	-0.0009750694	-1.4901161e-08	-0.0043407287	0.39233017	-0.20529926	21.453083	-13.605215	0.55141157	0.021079123	1.0	1.4748397	0.002920343	2280000	2244.7888135910034
76	11.867665	3.7825522	19.300758	1.4349542	29.75	25.32826	100.0	0.0	1000.0	53905.0	0.023335497835497834	0.8625841	0.7946804	2.946614	-1.9096092	3.8168697	4.111206	35.610615	-3.4898994	9.313226e-09	-0.0015074345	1.4901161e-08	-0.0040578535	0.35222706	-0.20428836	24.80877	-14.39212	0.5724907	0.020433486	1.0	1.4744806	0.0025491233	2310000	2273.659906387329
77	11.409406	3.2068927	17.671438	5.413372	31.541666	28.001457	128.0	0.0	1000.0	54932.0	0.023475213675213675	0.9301751	0.7373732	2.7768426	-1.7600226	3.745485	3.9341717	35.942905	-2.8727388	-1.1175871e-08	-0.0016957154	-2.9802322e-08	-0.003936139	0.3594011	-0.18390366	20.126392	-12.297519	0.5929242	0.020114958	1.0	1.4739594	0.0024504617	2340000	2302.4690973758698
78	11.427795	3.9422557	19.041016	4.719233	37.416668	30.664742	112.0	0.0	1000.0	56149.0	0.0236915611814346	0.9056504	0.77694905	3.6590433	-1.676365	3.5867553	4.1445923	36.014133	-5.370946	-1.8626451e-09	-0.002279121	-7.450581e-09	-0.0052924985	0.33669496	-0.17719452	24.133778	-14.13538	0.61303914	0.020970643	3.0	1.4736402	0.006661211	2370000	2330.9395654201508
79	11.988101	3.3590543	18.727318	4.06758	27.291666	16.313284	61.0	0.0	1000.0	57049.0	0.023770416666666665	0.98432446	0.72647667	2.8328054	-1.6654333	4.209667	4.356448	36.967567	-3.3514142	-4.656613e-10	-0.00063719676	-2.0489097e-08	-0.0016967888	0.3041122	-0.16386881	18.884525	-10.242361	0.6340098	0.019702256	1.0	1.4736755	0.0011981111	2400000	2359.602545976639
80	11.319172	4.270014	19.330282	-1.6819875	35.25	20.769068	79.0	0.0	1000.0	58067.0	0.02389588477366255	0.9772279	0.70297575	2.669723	-1.5630556	3.1616147	3.581718	36.954254	-2.684023	5.5879354e-09	-0.010403984	2.6077032e-08	-0.024074601	0.34786287	-0.2030139	14.701527	-8.040279	0.65371203	0.023229241	30.0	1.4734914	0.011676663	2430000	2391.433681488037
81	11.43888	5.4489	18.480871	-4.637065	25.458334	22.334538	71.0	0.0	1000.0	58854.0	0.02392439024390244	0.8918664	0.79203814	3.1840804	-1.5893501	3.2561069	3.5876868	30.384857	-2.580615	-5.122274e-09	-0.012063719	-2.9802322e-08	-0.027373575	0.377932	-0.21613766	13.343641	-6.903417	0.6769413	0.026210427	56.0	1.4555478	0.012163576	2460000	2425.2073876857758
82	11.015185	4.651598	17.518637	-0.72343004	38.125	30.555021	135.0	0.0	1000.0	59985.0	0.024090361445783134	0.9334025	0.7775809	2.8694043	-1.8930033	2.8878262	3.425449	28.531595	-5.201957	8.381903e-09	-0.010404579	2.4214387e-08	-0.028561713	0.32010067	-0.17206126	19.543987	-11.052719	0.7031517	0.02410978	26.0	1.4336259	0.012674771	2490000	2456.216271877289
83	10.681557	4.958344	17.192162	-5.3421326	29.916666	22.403343	76.0	0.0	1000.0	60867.0	0.024153571428571427	0.92691076	0.76454055	2.6835341	-1.9653041	3.6961265	4.220888	38.582394	-2.406062	-3.7252903e-09	-0.011778904	5.5879354e-09	-0.032538176	0.3578937	-0.21147504	18.455887	-10.844911	0.7272615	0.022890568	20.0	1.4456003	0.012265573	2520000	2486.625314474106
84	9.34261	5.230461	17.197533	-3.6774871	19.083334	14.404619	49.0	0.0	1000.0	61478.0	0.024109019607843136	0.8574387	0.83398134	2.7146268	-1.7287966	2.6470466	2.978951	27.449942	-6.428932	0.0	-0.00021382677	1.8626451e-09	-0.0003689482	0.29373157	-0.15708706	10.682782	-6.133559	0.75015205	0.017160714	2.0	1.445687	0.0014597096	2550000	2515.4911823272705
85	9.331096	3.9994984	14.877791	-3.2733693	27.208334	14.792958	62.0	0.0	1000.0	62317.0	0.02415387596899225	0.76638675	0.8617685	2.748792	-1.9846823	2.4711313	3.0625446	26.955807	-3.3193054	-3.7252903e-09	-0.0012892286	-3.7252903e-09	-0.0023555069	0.42348525	-0.2794447	13.067764	-7.1379113	0.76731277	0.01628983	3.0	1.4453435	0.0020577745	2580000	2544.757735967636
86	11.389346	5.5124335	22.06623	-0.46187556	33.666668	27.579681	109.0	0.0	1000.0	63248.0	0.02423295019157088	0.8043991	0.77531475	2.698329	-1.7366425	2.970188	3.4414124	31.388374	-3.3505197	-1.21071935e-08	-0.010112304	-1.4901161e-08	-0.025825005	0.3529008	-0.21896228	15.871517	-8.308462	0.7836026	0.019686699	25.0	1.4446876	0.013045726	2610000	2575.628176212311
87	8.602841	6.114736	18.791441	-3.897199	31.125	23.099987	91.0	0.0	1000.0	64190.0	0.024314393939393938	0.78110665	0.8549032	2.9975526	-1.6988112	2.9207945	3.7668092	27.234661	-3.5357962	-1.4901161e-08	-0.01169589	-4.0978193e-08	-0.029783074	0.35194138	-0.21794367	17.373938	-9.374761	0.8032893	0.020832479	27.0	1.4398643	0.012913645	2640000	2606.728585958481
88	10.708671	5.0580206	16.818438	-3.8043277	24.75	20.791124	72.0	0.0	1000.0	64882.0	0.024300374531835207	0.8329252	0.8449935	3.122366	-1.5511874	2.993019	3.2718775	30.918278	-3.7028923	0.0	-0.010045711	-1.3038516e-08	-0.025426133	0.3313551	-0.18206468	15.239595	-9.351664	0.8241218	0.018742561	22.0	1.447368	0.012027608	2670000	2637.5453724861145
89	9.543958	5.645387	16.70208	-2.96435	24.458334	24.70995	86.0	0.0	1000.0	65579.0	0.02428851851851852	0.7708069	0.8391671	2.4843638	-1.9336782	2.4923599	3.3727634	33.29761	-5.2853637	3.259629e-09	-0.01068062	-4.656613e-09	-0.027427446	0.2771087	-0.1556753	14.129395	-8.140633	0.84286433	0.017073572	22.0	1.4427173	0.013066767	2700000	2668.034143924713
90	10.660192	3.076924	18.733171	4.835525	29.791666	25.222311	80.0	0.0	1000.0	66408.0	0.024325274725274727	0.79693717	0.77709967	2.4903407	-1.6647894	2.5574417	3.246503	26.855268	-3.1813166	-7.450581e-09	-0.01097632	-1.8626451e-08	-0.027526263	0.2988692	-0.14971113	15.955172	-8.181492	0.8599379	0.017800808	24.0	1.4289632	0.013211931	2730000	2699.093747854233
91	9.755971	5.3727393	17.94476	-4.3707314	17.541666	13.601407	44.0	0.0	1000.0	66898.0	0.02423840579710145	0.7781342	0.8258005	2.7336695	-1.4898055	2.4319086	2.9891684	29.689959	-4.678232	3.7252903e-09	-0.009382622	7.450581e-09	-0.020459566	0.23736592	-0.13241026	8.662836	-5.329792	0.8777387	0.014668882	30.0	1.4152248	0.0120013	2760000	2730.3756709098816
92	10.449489	4.7818446	22.226124	0.5176719	20.0	18.717194	68.0	0.0	1000.0	67584.0	0.024223655913978494	0.71009856	0.8516352	3.2366693	-2.0000937	1.646352	2.5969253	29.083916	-3.2003732	3.7252903e-09	0.00070660206	0.0	-0.0054116915	0.3461951	-0.20069313	10.232775	-5.679987	0.8924076	0.009367704	6.0	1.41109	0.01219967	2790000	2759.9065012931824
93	8.801173	3.896804	15.10702	-0.42670417	24.125	24.853424	95.0	0.0	1000.0	68326.0	0.024229078014184398	0.7829788	0.76698184	2.6533906	-1.5624901	2.5602138	3.43671	33.86724	-2.5162964	1.6763806e-08	-0.0015121722	2.2351742e-08	-0.0039903116	0.29166606	-0.16558543	13.2043495	-7.064356	0.9017753	0.007728219	1.0	1.4113548	0.0060199834	2820000	2788.8251914978027
94	9.321816	4.704913	19.233057	-2.7749848	25.25	25.831585	120.0	0.0	1000.0	69088.0	0.02424140350877193	0.7410508	0.73630095	2.7213655	-1.7673315	2.4717653	3.2281928	32.81117	-2.6292737	-7.450581e-09	-0.001000405	-1.4901161e-08	-0.004188705	0.29197818	-0.16723166	16.097052	-8.997868	0.9095035	0.0071297884	1.0	1.4114385	0.0051905494	2850000	2817.4633100032806
95	10.247879	4.9985538	17.418774	-2.5985649	18.875	20.106617	67.0	0.0	1000.0	69638.0	0.02417986111111111	0.7307153	0.8743614	2.7853773	-1.774946	2.0488412	2.9607968	38.32726	-2.4875627	-3.7252903e-09	-0.00046001375	-2.6077032e-08	-0.005917076	0.27642325	-0.161204	11.285747	-6.478933	0.9166333	0.0049571395	1.0	1.4115405	0.010890147	2880000	2846.6643595695496
96	10.042991	5.348664	17.696775	-2.1525595	21.333334	20.051323	75.0	0.0	1000.0	70296.0	0.024156701030927836	0.74345493	0.8106896	2.7984624	-1.7431741	2.1494968	3.3375454	28.101427	-2.7761953	-5.5879354e-09	0.00450671	-1.8626451e-08	-0.008048315	0.25543252	-0.1522868	11.889305	-6.753189	0.92159045	0.0036345124	1.0	1.4115033	0.029721964	2910000	2875.3809456825256
97	10.303639	3.8923104	16.619081	-1.4331033	15.666667	16.141733	59.0	0.0	1000.0	70799.0	0.024081292517006803	0.8135639	0.7799747	3.2043881	-1.4436073	2.055636	3.0903697	32.353844	-3.7463043	1.7695129e-08	-0.000900703	1.6763806e-08	-0.0015889069	0.26748818	-0.15583089	9.652805	-5.512208	0.92522496	0.0009456873	1.0	1.4113972	0.0046422267	2940000	2903.943770647049
98	10.661026	5.065144	20.979158	-2.226706	18.625	20.344559	93.0	0.0	1000.0	71350.0	0.024023569023569023	0.85800666	0.78274137	2.8490536	-1.4534941	1.5614492	2.4049356	28.567764	-2.83435	5.5879354e-09	-0.00068742805	1.6763806e-08	-0.0017988535	0.25482836	-0.1451964	12.426628	-7.02682	0.92617065	-0.0007840395	1.0	1.4110737	0.0027932348	2970000	2932.6830921173096
99	11.814822	3.59921	18.188423	1.5346026	17.875	13.830258	48.0	0.0	1000.0	71888.0	0.023962666666666667	0.8847766	0.7019108	2.8636787	-1.6033844	1.874302	2.4037464	26.903177	-2.9457192	3.7252903e-09	-0.0012377243	7.450581e-09	-0.0021695239	0.31604093	-0.16234663	9.527554	-5.5228996	0.9253866	-0.0025319457	1.0	1.4106423	0.0032087518	3000000	2961.4070982933044
100	10.084365	4.089121	16.953295	3.135878	21.25	20.720863	73.0	0.0	1000.0	72569.0	0.02395016501650165	0.71993446	0.7383251	2.5162857	-1.7346214	1.9948841	2.9012022	28.00315	-3.2759662	-1.8626451e-09	-0.0007534141	1.3969839e-08	-0.0018888495	0.2610992	-0.15503448	13.188831	-7.2192883	0.92285466	-0.0032421947	1.0	1.4102387	0.0036417427	3030000	2990.703258752823
101	11.559545	4.950642	19.70119	-1.3640364	19.583334	20.342722	69.0	0.0	1000.0	73203.0	0.023922549019607844	0.85048485	0.76241	2.6201298	-1.6094326	2.3436153	2.7970757	23.330372	-3.5174284	3.7252903e-09	-0.0009935522	1.8626451e-08	-0.0005972041	0.29873204	-0.17865503	13.004627	-7.4156303	0.91961247	-0.0042968392	1.0	1.4096439	0.0019962292	3060000	3019.3530309200287
102	10.441499	5.5735006	22.481161	-0.7439673	24.541666	20.064438	73.0	0.0	1000.0	73923.0	0.023923300970873786	0.7776931	0.8283097	2.744545	-1.6335512	2.0636406	2.9578748	30.268623	-3.6415043	8.8475645e-09	-0.0016125948	2.7939677e-08	-0.0037321032	0.25905374	-0.15146315	16.306349	-8.828917	0.9153156	-0.003959179	1.0	1.408926	0.0029616684	3090000	3047.917583465576
103	10.991112	3.7188563	17.35157	1.8372256	25.5	22.409075	75.0	0.0	1000.0	74762.0	0.023962179487179488	0.82852906	0.76893425	2.7838244	-1.527857	2.5341265	3.31695	31.587515	-3.3506668	1.1175871e-08	-0.0007723449	7.450581e-09	-0.0064718816	0.27781737	-0.169914	15.16847	-9.172133	0.91135645	-0.0033879876	1.0	1.4081991	0.009348636	3120000	3076.9729585647583
104	9.525348	3.541669	15.064728	-1.3528913	23.458334	18.248241	66.0	0.0	1000.0	75458.0	0.023954920634920635	0.77741736	0.76344883	2.7339451	-1.4666537	3.0096114	3.576998	27.558895	-3.6572666	-1.1175871e-08	-0.0023847625	-2.9802322e-08	-0.00581983	0.22295958	-0.13071841	14.91165	-9.465704	0.90796846	-0.0031797886	3.0	1.4076502	0.0041304743	3150000	3105.8132185935974
105	11.585392	3.7815645	18.38598	1.0959755	24.666666	24.021982	81.0	0.0	1000.0	76119.0	0.02393679245283019	0.8495924	0.70374364	2.6339982	-1.5218569	2.6346943	3.168637	25.486856	-5.112356	-3.0267984e-09	-0.0022217515	-5.5879354e-09	-0.006368646	0.28895503	-0.17936656	16.757874	-10.956773	0.9047887	-0.0031840801	1.0	1.4073415	0.00542976	3180000	3134.835777282715
106	10.82845	3.682296	16.6006	1.395684	16.291666	17.259007	58.0	0.0	1000.0	76616.0	0.02386791277258567	0.86116403	0.797453	2.7047603	-1.5471823	2.100657	2.849828	26.947496	-4.2476296	0.0	-0.000457861	1.8626451e-09	-0.001866169	0.21241835	-0.12985212	8.418699	-5.100161	0.9016046	-0.005133331	1.0	1.4068973	0.0042490857	3210000	3163.8225152492523
107	9.821027	4.654042	14.701085	-3.1005523	12.208333	14.109628	46.0	0.0	1000.0	77058.0	0.023783333333333333	0.8176015	0.7086479	2.6626327	-1.3885975	1.6194637	2.4549172	28.206692	-4.7684665	3.7252903e-09	-0.0021338305	0.0	-0.0028665122	0.22382379	-0.13728818	10.697645	-5.879386	0.89647126	-0.0077385902	3.0	1.4063776	0.0025781957	3240000	3192.869973421097
108	10.523011	3.8388956	16.113516	-1.6459887	19.541666	21.215128	73.0	0.0	1000.0	77630.0	0.02374006116207951	0.86290234	0.7483988	2.8217018	-1.4575127	1.7395356	3.0978816	30.64134	-3.9895487	-4.656613e-09	-0.0075448016	-3.7252903e-09	-0.018374486	0.28605765	-0.17814718	10.651236	-5.745541	0.8887327	-0.0072293878	16.0	1.4060616	0.014616964	3270000	3223.020694255829
109	10.777944	3.2696795	17.680063	3.228996	13.458333	12.576364	43.0	0.0	1000.0	78042.0	0.023649090909090908	0.8937474	0.7149926	3.1508965	-1.949276	1.6485744	2.514276	29.238407	-3.9275517	1.1175871e-08	-0.0105946995	7.450581e-09	-0.023810402	0.23401225	-0.14125054	8.572441	-4.497369	0.8815033	-0.005759895	35.0	1.4061105	0.012342501	3300000	3254.795521259308
110	10.8943405	3.756909	17.015324	-1.9367096	22.333334	27.75588	110.0	0.0	1000.0	78650.0	0.02361861861861862	0.9105538	0.6934722	2.6577876	-1.5060812	1.7015828	2.5719407	36.387108	-2.7439482	0.0	-0.010224568	7.450581e-09	-0.026327286	0.22826868	-0.12498427	13.7924	-8.520433	0.8757434	-0.0073660016	18.0	1.3858838	0.013734853	3330000	3285.4759628772736
111	10.383454	3.5010853	19.126146	5.151134	10.916667	11.761223	39.0	0.0	1000.0	78979.0	0.023505654761904762	0.9650375	0.6902897	2.74468	-1.4225514	1.7323289	2.62766	29.965956	-5.6433835	0.0	-0.0026114471	-1.1175871e-08	-0.0053785536	0.19469309	-0.120363146	7.1310005	-4.10707	0.8683774	-0.0118150115	6.0	1.3759427	0.0040198336	3360000	3314.700356721878
112	10.252337	3.9594567	16.272303	-3.2625644	11.916667	18.048353	55.0	0.0	1000.0	79387.0	0.023417994100294985	0.8254865	0.7018015	2.4765515	-1.3971083	1.0274506	1.5738606	19.755955	-4.158084	3.7252903e-09	-0.010425862	3.7252903e-09	-0.017396402	0.22336638	-0.13181114	7.3078933	-3.9399402	0.8565624	-0.007992089	79.0	1.3722169	0.009440558	3390000	3350.5652260780334
113	10.952878	3.764886	18.781292	-0.881481	13.25	15.867288	47.0	0.0	1000.0	79820.0	0.023339181286549708	0.9788058	0.732397	2.7052133	-1.1980453	1.2943773	2.1321871	24.538668	-3.5249815	0.0	-0.011780141	9.313226e-09	-0.024910193	0.2305151	-0.12661381	8.027317	-3.9306302	0.8485703	-0.0067094564	63.0	1.358767	0.012236193	3420000	3385.284479856491
114	10.865825	3.8927174	17.823568	-0.2011327	17.083334	14.34665	51.0	0.0	1000.0	80328.0	0.023283478260869565	1.0290804	0.7192651	2.7318463	-1.1458398	1.5483241	2.4783597	26.805498	-2.558286	-9.313226e-10	-0.00036399672	0.0	-0.0020136293	0.19863445	-0.11177155	9.541365	-4.6142907	0.84186083	-0.01577431	2.0	1.3488758	0.0038737198	3450000	3413.9551014900208
115	10.636761	3.5606444	18.68426	4.3713107	16.291666	15.287466	47.0	0.0	1000.0	80968.0	0.023266666666666668	1.0250139	0.69722635	2.932788	-1.2644867	1.701202	2.4104328	26.726196	-3.4522583	3.7252903e-09	-0.0011912271	3.7252903e-09	-0.0013833315	0.17549245	-0.10028547	14.902866	-10.02557	0.8260865	-0.016394317	1.0	1.3481989	0.0032657054	3480000	3443.2596805095673
116	11.949185	3.1198559	17.42239	6.9224615	16.208334	14.896809	48.0	0.0	1000.0	81436.0	0.023201139601139602	1.0659335	0.6917039	3.0304914	-1.3675619	1.8547081	2.7326217	29.741667	-5.4270306	1.8626451e-09	-0.0009340586	1.6763806e-08	-0.0016891268	0.18971688	-0.115921915	10.041597	-5.6903195	0.8096922	-0.01671803	1.0	1.347698	0.0011626778	3510000	3471.8542985916138
117	11.81239	4.4213667	18.318398	-2.0663457	19.833334	18.687487	68.0	0.0	1000.0	81957.0	0.023151694915254237	1.045151	0.6280902	2.8575537	-0.8509148	1.7744765	2.3973691	28.3258	-4.470578	3.7252903e-09	-0.0015621688	1.1175871e-08	-0.002797152	0.22012573	-0.14496258	9.593444	-4.9836745	0.7929742	-0.016128302	1.0	1.3470567	0.0033201128	3540000	3500.610806941986
118	10.40312	4.265031	17.00396	-1.5163103	20.416666	20.188522	69.0	0.0	1000.0	82563.0	0.02312689075630252	1.0956478	0.72542715	2.9691582	-1.2751476	1.7802055	2.5233095	29.402933	-4.6081214	-4.656613e-09	-0.0009934085	-1.3038516e-08	-0.0026841406	0.24497658	-0.15840566	11.462221	-6.073407	0.7768459	-0.015462518	1.0	1.3464258	0.0046808375	3570000	3528.901205062866
119	10.447589	3.5100524	20.62721	2.4535582	17.458334	14.51143	51.0	0.0	1000.0	83092.0	0.02308111111111111	0.9990261	0.7178258	2.8239534	-1.3881073	2.0819914	2.95005	27.975803	-4.293455	-3.7252903e-09	-0.00035401783	0.0	-0.002328162	0.17105639	-0.10671252	9.877926	-4.9067936	0.76138335	-0.015528262	1.0	1.3457899	0.0040645767	3600000	3557.7321813106537
120	10.861843	3.4495325	16.18721	2.8881414	14.958333	16.154152	62.0	0.0	1000.0	83620.0	0.023035812672176307	1.0783666	0.6850361	2.6928363	-1.0033495	1.7657254	2.2907045	26.37067	-5.174551	2.7939677e-09	-0.0011127092	-1.4901161e-08	-0.0026726753	0.19031699	-0.12269181	10.071474	-4.8979626	0.7458551	-0.016105711	1.0	1.3453369	0.0035889372	3630000	3586.9511761665344
121	12.445553	3.4810617	21.853249	3.4575343	25.208334	20.493858	93.0	0.0	1000.0	84338.0	0.023043169398907104	1.0916404	0.6316702	2.566045	-1.0030645	2.1205378	2.9656265	29.275797	-3.1229548	-3.7252903e-09	-0.0011278328	-9.313226e-09	-0.004107321	0.2405346	-0.15567175	12.693039	-7.2180753	0.7297494	-0.0140913725	3.0	1.3448346	0.0045379074	3660000	3615.9381232261658
122	11.032326	2.4339235	16.483511	6.3397593	24.791666	22.711927	77.0	0.0	1000.0	85060.0	0.02305149051490515	1.1075506	0.7253979	3.0627978	-1.3643059	2.2348876	2.9792132	32.120037	-4.4093146	-4.656613e-09	-0.0011183738	0.0	-0.0018501743	0.19141673	-0.118894815	13.667093	-8.210237	0.715658	-0.012799203	1.0	1.3435742	0.003681148	3690000	3644.510405778885
123	11.892215	2.777472	17.294138	7.272366	24.083334	22.551638	103.0	0.0	1000.0	85734.0	0.023046774193548388	1.116413	0.6684203	3.2516637	-1.0445193	2.4596817	3.2308743	39.570366	-3.6904068	0.0	-0.0006728505	9.313226e-09	-0.0072739488	0.21844366	-0.14448525	21.14183	-11.574152	0.7028588	-0.011618912	1.0	1.3428793	0.009069613	3720000	3673.3576431274414
124	12.684604	3.9000092	18.557579	1.2665972	18.083334	19.215698	62.0	0.0	1000.0	86260.0	0.023002666666666668	1.1919732	0.6658267	3.0596442	-1.1561071	2.162519	2.9151638	26.83129	-3.9099202	-1.4901161e-08	0.001559802	-1.6763806e-08	-0.0020665033	0.22215211	-0.1576635	9.248714	-5.173353	0.6912399	-0.011901975	1.0	1.3424022	0.011659455	3750000	3702.221437215805
125	11.79572	4.2722163	17.840126	-2.6526954	22.083334	22.222204	95.0	0.0	1000.0	87025.0	0.023022486772486774	1.0830492	0.7163106	3.2640529	-1.2238287	2.0513656	3.1009572	25.580732	-4.0954576	3.7252903e-09	0.00029570062	1.1175871e-08	-0.0011339115	0.21176536	-0.1401521	14.572603	-8.875164	0.6793379	-0.01125598	1.0	1.3419564	0.0051340302	3780000	3731.478157043457
126	12.013767	3.7563832	20.13842	5.8293996	24.666666	24.785189	114.0	0.0	1000.0	87747.0	0.023030708661417324	1.102797	0.65470606	2.7098572	-0.9984923	2.3851223	2.956038	25.291159	-2.7830358	7.450581e-09	-0.00017074856	0.0	-0.0012136735	0.20460682	-0.12703957	13.238698	-7.133203	0.66808194	-0.010089457	1.0	1.3411353	0.0056064143	3810000	3760.1094341278076
127	11.556872	3.354469	17.378899	1.8848867	13.25	16.086355	60.0	0.0	1000.0	88142.0	0.022953645833333335	1.0857348	0.71379423	3.204098	-1.2183518	2.062838	2.670182	26.656078	-4.365125	1.8626451e-09	-0.00048293534	0.0	-0.0013806402	0.18797936	-0.122297384	8.6748295	-4.733298	0.6579925	-0.011492193	1.0	1.3403103	0.0025214632	3840000	3788.612723350525
128	11.771317	2.3860195	18.730692	8.153142	22.291666	15.728105	68.0	0.0	1000.0	88840.0	0.02295607235142119	1.069608	0.6660703	2.7886314	-1.517201	1.5462894	2.5213485	26.075502	-4.3586235	-6.9849193e-10	0.0018060214	0.0	-0.0005674694	0.16107903	-0.09728244	12.391958	-6.8977933	0.6465003	-0.01079911	1.0	1.3395165	0.01131301	3870000	3817.2402477264404
129	12.405891	2.9233592	18.08017	4.68117	23.958334	23.70035	101.0	0.0	1000.0	89580.0	0.02296923076923077	1.1071031	0.66580784	2.9001288	-1.2249386	2.5999599	3.275028	30.900297	-3.50233	-3.7252903e-09	0.002599802	-7.450581e-09	-0.0027534137	0.1783303	-0.11241642	15.255428	-8.032834	0.6357012	-0.00980866	1.0	1.3388233	0.012507172	3900000	3846.012619495392
130	13.654908	2.8306642	20.128557	8.839556	23.458334	21.142334	87.0	0.0	1000.0	90254.0	0.022965394402035624	1.2110641	0.6571405	2.8605738	-1.1201704	2.555014	2.8063695	29.967308	-4.9580884	1.1175871e-08	-0.00015207147	1.6763806e-08	-0.00041684462	0.17688647	-0.11047411	13.139548	-7.1015882	0.6258925	-0.009040296	1.0	1.3384247	0.0036367238	3930000	3875.3724834918976
131	14.387692	3.1069858	22.847857	7.0411873	19.708334	23.347874	84.0	0.0	1000.0	90848.0	0.02294141414141414	1.2457541	0.6492071	2.8711572	-1.1134504	2.3878646	2.8423946	27.952991	-2.5364923	3.7252903e-09	0.00068176456	1.4901161e-08	-0.0034131708	0.20745619	-0.12893856	12.919882	-7.261058	0.6168522	-0.009169042	1.0	1.3380897	0.008842589	3960000	3904.021413087845
132	12.937317	2.770413	17.84404	8.228874	16.875	14.425997	45.0	0.0	1000.0	91403.0	0.022908020050125315	1.2547795	0.67875785	2.8652427	-1.3618819	2.18283	2.8264837	29.569746	-3.1405547	1.0244548e-08	2.8832641e-05	-4.656613e-09	-0.004718147	0.18538207	-0.1141845	8.607739	-4.783083	0.6076832	-0.009832263	1.0	1.337842	0.0092100445	3990000	3932.820814371109
133	13.111595	3.0461366	18.601337	7.855428	21.75	16.297367	65.0	0.0	1000.0	92064.0	0.022901492537313432	1.144282	0.6786309	2.699006	-1.2456807	1.8372649	2.8464355	37.852924	-4.838908	1.1175871e-08	-0.0011742956	1.8626451e-08	-0.0017821933	0.21182048	-0.1336334	11.585821	-6.6489825	0.5978509	-0.009410024	1.0	1.337915	0.0029512688	4020000	3961.671741962433
134	14.180885	2.862756	17.941803	9.419285	15.5	14.384599	49.0	0.0	1000.0	92586.0	0.02286074074074074	1.2372127	0.6985802	2.9049325	-1.1034666	2.1180253	2.6721056	27.92637	-5.1504765	8.381903e-09	-0.0010958182	7.450581e-09	-0.0024171392	0.21682167	-0.124421015	10.234367	-5.844367	0.5884409	-0.010300934	1.0	1.3380073	0.0032503088	4050000	3990.5353560447693
135	14.043254	2.7614167	19.445103	8.750421	22.291666	14.590177	52.0	0.0	1000.0	93250.0	0.022855392156862744	1.3229741	0.6327757	3.0143425	-1.1034478	1.8967037	2.9788003	33.386723	-3.1218379	-1.3038516e-08	0.00013511733	-2.2351742e-08	-0.0012185548	0.20307985	-0.122823834	10.054918	-5.0495386	0.57813996	-0.009716809	1.0	1.3380679	0.0038926785	4080000	4019.705828666687
136	13.160497	2.2756665	18.11744	9.191527	17.125	13.305114	49.0	0.0	1000.0	93754.0	0.022811192214111924	1.2931138	0.6881581	2.8690112	-1.0911311	2.1450565	2.4946084	26.235085	-2.0954688	4.3655746e-09	0.00019595405	1.3969839e-08	-0.00048742082	0.22478849	-0.13415799	8.164885	-4.093021	0.56842315	-0.010222852	1.0	1.3380892	0.007886189	4110000	4048.5396995544434
137	13.107608	2.64395	20.188051	8.936235	19.125	13.766846	52.0	0.0	1000.0	94309.0	0.022779951690821258	1.2357225	0.7364054	3.220594	-1.0642765	1.784338	2.385216	23.618574	-2.3973956	7.450581e-09	-0.0010746338	1.3969839e-08	-0.00045226002	0.22446516	-0.15049452	8.3588085	-4.17935	0.5582003	-0.010245085	1.0	1.3380429	0.002649659	4140000	4077.288861513138
138	15.142166	2.2444384	20.397427	11.593458	16.5	13.771953	44.0	0.0	1000.0	94906.0	0.022759232613908872	1.3238188	0.6351682	3.346821	-0.85765874	1.9770352	2.7494347	26.263699	-3.0463371	1.8626451e-09	-0.00035796652	7.450581e-09	-0.00034547836	0.2876777	-0.19528887	10.338673	-4.915086	0.5479552	-0.010747254	1.0	1.33808	0.0037323865	4170000	4106.65362238884
139	15.327483	2.6478922	20.62796	9.42145	24.041666	16.15673	57.0	0.0	1000.0	95667.0	0.02277785714285714	1.3780773	0.6064599	3.070744	-0.8092508	2.1842752	2.8151495	28.360498	-3.6532848	1.8626451e-09	7.431788e-05	7.450581e-09	-0.004133127	0.22354293	-0.14123082	11.19293	-5.3644404	0.53720796	-0.009729147	1.0	1.3381784	0.0062744543	4200000	4136.788936853409
140	14.02367	4.41665	20.197256	2.4564302	24.958334	27.130056	115.0	0.0	1000.0	96434.0	0.022797635933806147	1.3804475	0.6309346	3.945807	-1.0772393	2.5377223	2.9513803	24.273857	-3.3951066	-1.0244548e-08	-0.0006505009	-1.8626451e-08	-0.0013344928	0.2625662	-0.18156412	12.85121	-6.3679786	0.5274788	-0.008642197	1.0	1.3384691	0.0014088756	4230000	4167.47000336647
141	15.321571	3.3099124	21.843422	8.5854645	24.666666	27.731852	89.0	0.0	1000.0	97121.0	0.022798356807511737	1.3966146	0.66891795	3.3064344	-0.9345117	2.8142586	3.452885	36.196922	-2.8580165	-5.5879354e-09	-0.00062043034	-7.450581e-09	-0.0014044722	0.23779382	-0.14186962	12.037856	-5.9911423	0.5188366	-0.0077420473	1.0	1.3387809	0.00084239594	4260000	4197.09335899353
142	15.092654	2.6771107	22.098278	10.265545	22.083334	21.798157	69.0	0.0	1000.0	97791.0	0.022795104895104897	1.3414831	0.62338465	3.0226538	-0.90544933	2.176478	2.9425392	27.959663	-4.0287237	-4.656613e-09	-0.0006202457	-2.514571e-08	-0.0007607257	0.20431751	-0.13073744	11.436969	-6.3308754	0.51109457	-0.007451713	1.0	1.338933	0.0057664234	4290000	4226.930273532867
143	16.417315	3.31831	26.164625	11.242007	24.25	25.947462	80.0	0.0	1000.0	98507.0	0.022802546296296296	1.3456182	0.60088015	3.0300305	-0.7506807	2.1586742	3.0074804	24.562412	-2.985827	3.7252903e-09	-0.00067527406	7.450581e-09	-0.0027240969	0.21773808	-0.13893066	15.285098	-9.10613	0.50364286	-0.0067850947	1.0	1.3388412	0.0015977627	4320000	4256.749325275421
144	14.800713	3.7245069	22.257689	5.9601893	26.833334	21.088438	68.0	0.0	1000.0	99386.0	0.02284735632183908	1.3668365	0.62581736	3.0443294	-0.91360277	2.5675333	3.3105693	28.647417	-3.8942332	8.381903e-09	-0.00091416854	8.381903e-09	-0.0015028818	0.16892372	-0.11486383	15.468396	-7.713818	0.49685776	-0.0056973994	1.0	1.3387365	0.0012457294	4350000	4286.012490987778
