Epoch	AverageEpRet	StdEpRet	MaxEpRet	MinEpRet	AverageEpCost	StdEpCost	MaxEpCost	MinEpCost	EpLen	CumulativeCost	CostRate	AverageVVals	StdVVals	MaxVVals	MinVVals	AverageCostVVals	StdCostVVals	MaxCostVVals	MinCostVVals	LossPi	DeltaLossPi	SurrCost	DeltaSurrCost	LossV	DeltaLossV	LossVC	DeltaLossVC	Penalty	DeltaPenalty	StopIter	Entropy	KL	TotalEnvInteracts	Time
0	0.7779074	1.9716078	5.750725	-1.6912328	83.26667	67.13515	208.0	0.0	1000.0	2498.0	0.08326666666666667	0.611177	0.5430859	2.028936	-1.2112343	-0.44123104	0.12094053	0.10231483	-0.845433	-2.5431315e-09	0.01637064	-3.0110678e-07	-0.004816162	0.7690597	-0.6537509	143.57492	-98.1245	0	0	1.0	1.837877	0.016170327	30000	63.00683522224426
1	0.602491	1.7880164	4.596305	-2.1213508	59.1	63.56957	243.0	0.0	1000.0	4271.0	0.07118333333333333	0.14038004	0.3695637	1.2172576	-0.9511001	5.280811	5.988515	18.527866	-5.6863503	3.0517577e-09	0.07153322	3.2552084e-08	-0.005754134	0.097543016	-0.018493876	32.84466	-5.83762	0	0	1.0	1.8376666	0.10353085	60000	124.90774416923523
2	0.4104438	1.286071	3.2096686	-1.4826337	85.566666	82.85677	300.0	0.0	1000.0	6838.0	0.07597777777777778	0.10213807	0.41737294	1.2420135	-1.0262831	7.4049	5.7803187	21.95436	-3.525245	-3.5603842e-09	0.002276251	4.679362e-08	0.00034784953	0.054611426	-0.018583674	57.146603	-8.703106	0	0	1.0	1.8383896	0.008371214	90000	186.60092997550964
3	1.0788857	1.6870455	4.5697093	-1.5409482	122.666664	84.42209	307.0	0.0	1000.0	10518.0	0.08765	0.07995923	0.37937075	1.1494578	-0.82199997	10.985367	7.4858446	29.46902	-3.4723651	-3.0517577e-09	-0.0004946213	3.2552084e-08	0.0048943358	0.06770457	-0.008879218	73.30518	-16.513493	0	0	1.0	1.8389517	0.0028059662	120000	249.39173197746277
4	1.141311	2.4323845	7.8719954	-2.6433034	95.46667	74.52191	230.0	0.0	1000.0	13382.0	0.08921333333333334	0.108180195	0.35649067	0.9638667	-0.7161829	11.625229	7.8641543	34.630676	-4.375181	-2.0345052e-09	-0.00876046	-3.2552084e-08	-0.00050960697	0.091158636	-0.01463908	70.55726	-14.199356	0	0	79.0	1.8393005	0.006116604	150000	320.4132318496704
5	2.2024417	2.181101	6.839243	-0.8959243	105.8	64.6031	240.0	0.0	1000.0	16556.0	0.09197777777777778	0.13865156	0.37069824	1.3628962	-0.6504575	11.322733	6.6814413	35.169693	-2.5601532	1.0172526e-08	-0.008534713	3.2552084e-08	0.002447705	0.088698424	-0.016324647	57.91705	-8.552631	0	0	79.0	1.8201938	0.0057652234	180000	392.0956451892853
6	3.5000968	2.8552732	10.323262	-0.79288566	61.8	53.572628	185.0	0.0	1000.0	18410.0	0.08766666666666667	0.26975995	0.40269953	1.4829938	-0.53637975	9.75798	5.5251637	35.484055	-0.9528463	7.1207684e-09	0.0067008343	8.138021e-09	0.0016742187	0.09089359	-0.018032134	48.06129	-13.965706	0	0	2.0	1.8092624	0.011347593	210000	455.1359815597534
7	2.6754794	2.404284	9.156171	-0.26586318	90.73333	70.24288	253.0	0.0	1000.0	21132.0	0.08805	0.31887862	0.421876	1.8575977	-0.5652427	7.43128	5.8782263	31.379997	-3.2243614	4.0690105e-09	0.004289233	0.0	0.0009756673	0.08319637	-0.009172276	58.835335	-11.111168	0	0	1.0	1.8088186	0.017297579	240000	518.2462589740753
8	4.0931377	2.7802496	10.66542	-0.33357412	102.96667	64.408325	255.0	0.0	1000.0	24221.0	0.0897074074074074	0.46479896	0.50878614	1.8277844	-0.5267949	9.836381	6.727746	35.49484	-2.5067947	8.138021e-09	-0.0013112631	-4.0690104e-08	-0.0038675333	0.21848942	-0.07904558	54.06615	-9.357513	0	0	1.0	1.8080791	0.0049334266	270000	581.2209334373474
9	4.6511354	2.9045997	11.090705	-0.2624859	85.8	84.52629	387.0	0.0	1000.0	26795.0	0.08931666666666667	0.44613764	0.4131476	1.7578349	-0.47354293	9.28458	6.459912	39.998875	-1.5475608	-8.138021e-09	-0.00026475423	-4.0690104e-08	0.0005289714	0.17443079	-0.01956585	57.913143	-10.529327	0	0	1.0	1.8073595	0.005129474	300000	644.2355608940125
10	5.9931703	3.1231258	12.501952	-0.698919	100.26667	47.04603	195.0	14.0	1000.0	29803.0	0.09031212121212122	0.5178415	0.44148186	2.0393255	-0.50508296	10.555148	7.5762544	41.627647	-0.90639627	-2.5431316e-08	-0.00054079894	-8.5449216e-08	-0.00044072673	0.17224398	-0.049664244	49.79471	-9.926842	0	0	1.0	1.80687	0.0033656561	330000	708.0114748477936
11	5.3485947	3.1830008	12.275149	0.15833515	112.2	61.848953	237.0	0.0	1000.0	33169.0	0.09213611111111111	0.6501723	0.52363706	2.1760662	-0.43835792	10.721093	6.4229136	36.404404	-0.49096835	-1.373291e-08	-0.00068590953	0.0	0.0012780721	0.2320784	-0.06197232	52.808743	-8.213776	0	0	1.0	1.8066338	0.0014651712	360000	770.5202565193176
12	5.6776705	3.048364	10.366073	0.3026151	106.566666	53.679718	248.0	8.0	1000.0	36366.0	0.09324615384615384	0.6238768	0.47976255	2.1198874	-0.54485196	11.302118	6.2688837	34.285492	-0.5840218	-8.138021e-09	-0.000860791	2.4414062e-08	-0.0007025309	0.22547132	-0.07337336	52.658367	-13.04845	0	0	1.0	1.8065542	0.00074670103	390000	833.2922716140747
13	5.1085367	2.9325645	11.268156	-1.0935897	82.86667	38.29424	164.0	0.0	1000.0	38852.0	0.09250476190476191	0.6121759	0.46395734	2.2263458	-0.50757784	10.352376	5.377673	33.338337	0.48433265	0.0	-0.00127241	-1.2207031e-08	-0.00049988605	0.19277711	-0.051533848	39.706306	-7.695652	0	0	1.0	1.8064804	0.0011487396	420000	896.0540816783905
14	4.894109	3.6776571	14.110554	-0.43285984	100.86667	50.018482	192.0	12.0	1000.0	41878.0	0.09306222222222223	0.5263441	0.51004916	2.4524615	-0.50722516	9.517958	4.8106728	29.920044	-0.60911405	-6.1035155e-09	-0.0010778016	0.0	0.00030863445	0.13423397	-0.023275964	40.846252	-6.1553116	0	0	1.0	1.8061044	0.00062424043	450000	959.0289022922516
15	5.044065	3.2479439	15.876943	0.5648581	81.433334	40.838448	165.0	14.0	1000.0	44321.0	0.09233541666666667	0.56121767	0.5185375	2.4327025	-0.48951346	9.191574	5.317884	33.679436	-2.228894	-4.0690105e-09	-0.00917157	-3.2552084e-08	-0.0069935382	0.14098255	-0.028421856	35.965103	-7.0318203	0	0	79.0	1.8054092	0.0061538913	480000	1029.771735906601
16	7.289679	3.7426674	15.067687	-1.0386423	97.7	43.69298	224.0	36.0	1000.0	47252.0	0.09265098039215686	0.62229097	0.5164809	2.3247004	-0.41291806	10.014233	5.620372	35.390514	0.6548471	-1.8310548e-08	-0.008830401	-5.2897136e-08	0.0015382324	0.20925854	-0.05258155	37.81936	-6.9548073	0	0	79.0	1.791891	0.005890456	510000	1101.4685082435608
17	8.002033	2.8812883	15.719002	2.247625	97.5	36.60305	191.0	24.0	1000.0	50177.0	0.09292037037037038	0.8143238	0.5437898	2.577823	-0.38736796	9.790693	5.0550604	32.641376	0.28385195	-1.0172526e-08	-0.00011445109	-1.6276042e-08	0.001705005	0.14050852	-0.032231353	38.316345	-6.873316	0	0	2.0	1.7732301	0.004408494	540000	1165.1807255744934
18	7.9602256	2.5796444	17.051577	4.737583	95.53333	38.454937	168.0	0.0	1000.0	53043.0	0.0930578947368421	0.82532144	0.54158044	2.235842	-0.26684383	9.899259	5.125605	29.497244	-0.809608	9.155274e-09	3.6519368e-06	-3.2552084e-08	-0.00062839355	0.15013406	-0.02669131	34.95569	-5.345064	0	0	1.0	1.7731899	0.008251894	570000	1228.9631311893463
19	8.179513	3.1499088	14.88149	2.4990473	75.566666	46.525032	182.0	0.0	1000.0	55310.0	0.09218333333333334	0.8743454	0.50711715	2.4574208	-0.2487077	9.095795	5.1809363	32.90999	-1.1780797	-2.4414062e-08	-0.00010815939	1.6276042e-08	-0.00074743654	0.17138721	-0.04932554	34.598465	-7.168253	0	0	1.0	1.772983	0.0029636393	600000	1293.170340538025
20	8.696187	3.1062968	17.023964	3.4186852	108.333336	41.34032	214.0	44.0	1000.0	58560.0	0.09295238095238095	0.8968581	0.53577375	2.2948916	-0.28965095	8.79295	5.6683807	33.401234	-1.1003674	1.2207031e-08	-0.0013745403	-8.138021e-09	0.00096604816	0.1746994	-0.024184301	46.786747	-12.337883	0	0	1.0	1.7725002	0.001198221	630000	1355.594446182251
21	9.889203	3.1378434	16.979809	3.2891073	100.46667	28.200157	183.0	48.0	1000.0	61574.0	0.09329393939393939	0.9615197	0.54701424	2.4693806	-0.28367803	11.290345	5.9528017	39.612137	-3.2149534	-2.2379558e-08	-0.0015408957	7.120768e-08	-0.00063442683	0.16757464	-0.028742746	33.188362	-6.0294857	0	0	1.0	1.7721515	0.0030152185	660000	1418.9029867649078
22	9.74737	4.5477333	20.139368	1.5289106	95.166664	46.516724	246.0	17.0	1000.0	64429.0	0.09337536231884058	1.0633891	0.5142093	2.8411427	-0.20639648	10.33876	4.967707	34.60666	0.10427138	-1.6276042e-08	-0.0011257527	-7.324219e-08	-0.00047794188	0.24649204	-0.062256753	35.73965	-6.8089695	0	0	1.0	1.7718872	0.00078995666	690000	1481.6203019618988
23	10.03633	2.8844345	15.685909	3.4228523	108.26667	39.964928	187.0	42.0	1000.0	67677.0	0.09399583333333333	1.0220656	0.6112439	2.842905	-0.34562752	10.010148	5.7990346	38.95705	-0.97722065	3.0517577e-09	-0.0012717915	-4.4759116e-08	0.0009326701	0.16654254	-0.036153406	41.610825	-10.935238	0	0	1.0	1.7717192	0.000984434	720000	1545.9465384483337
24	10.293081	3.4290996	17.186512	2.5268464	100.2	32.719414	160.0	31.0	1000.0	70683.0	0.094244	1.0916482	0.56107634	2.5258713	-0.35574684	10.953148	5.9374223	42.35021	-1.7036265	-4.0690105e-09	-0.0007349182	8.138021e-09	-0.003087207	0.18312591	-0.04019712	34.094593	-6.922806	0	0	1.0	1.7713346	0.0025386296	750000	4001.548537492752
25	8.650504	3.4006667	16.078955	1.979074	91.1	44.32708	224.0	0.0	1000.0	73416.0	0.09412307692307692	0.96003217	0.5929197	2.4939115	-0.38673794	9.785768	5.3705916	38.32621	0.87824196	-9.155274e-09	-0.0015372101	-3.2552084e-08	0.00077270507	0.18690996	-0.035783395	33.44709	-7.2886066	0	0	1.0	1.7709697	0.001699483	780000	4057.692581653595
26	9.30608	3.7214382	16.357313	0.57550603	103.36667	44.473576	191.0	31.0	1000.0	76517.0	0.09446543209876543	0.97408813	0.5596087	2.4020946	-0.35818836	9.843504	6.040278	38.473255	-2.544438	-2.0345052e-09	-0.0013880815	2.4414062e-08	-0.0019695843	0.18789154	-0.039284423	34.72713	-10.214685	0	0	1.0	1.7701957	0.0008296098	810000	4113.847332715988
27	10.661342	3.2822938	18.186638	2.8744073	90.566666	34.388645	166.0	24.0	1000.0	79234.0	0.09432619047619048	1.0503408	0.59702164	2.4591262	-0.45324963	10.222507	5.8094034	38.361717	-0.2396402	-1.6276042e-08	-0.002430261	4.8828124e-08	-0.002844926	0.1826367	-0.036029875	30.246038	-8.465668	0	0	3.0	1.7692254	0.0038570005	840000	4169.944932937622
28	11.586882	3.1330936	18.511265	6.5757422	93.1	27.990892	148.0	32.0	1000.0	82027.0	0.09428390804597701	1.1880114	0.5846981	2.5218856	-0.34519666	9.56319	5.4753723	35.154327	-1.6111199	1.2715657e-09	-0.0013048188	-2.4414062e-08	-0.0019856363	0.19843695	-0.053924173	31.038033	-8.043743	0	0	1.0	1.766815	0.0014940643	870000	4225.736991405487
29	12.316723	4.7027197	21.710356	3.6147602	84.03333	38.144886	162.0	22.0	1000.0	84548.0	0.09394222222222222	1.2203448	0.5517868	2.532039	-0.3133426	9.179492	5.227972	34.74455	-0.81113476	8.138021e-09	-0.0013950928	4.4759116e-08	-0.001070349	0.2398887	-0.05380608	32.08924	-9.56679	0	0	1.0	1.7655064	0.00080338505	900000	4281.340003728867
30	12.12921	3.1979752	19.523289	4.5464315	89.0	41.02926	178.0	17.0	1000.0	87218.0	0.09378279569892473	1.2774464	0.60748804	3.092191	-0.5214005	8.800323	5.563321	36.534668	-2.0606809	2.0345052e-09	-0.010351517	3.2552084e-08	-0.0013019776	0.1888604	-0.036324233	32.290966	-8.386766	0	0	79.0	1.7642986	0.0065071043	930000	4345.636657238007
31	14.088423	2.3839874	18.255613	7.463003	93.9	36.32203	176.0	42.0	1000.0	90035.0	0.09378645833333334	1.3689939	0.5555552	2.6280463	-0.46380058	10.011217	5.822726	37.711426	-0.8279516	4.0690105e-09	-0.0005284907	-1.525879e-08	-0.006139789	0.19758034	-0.056836724	31.260239	-10.035423	0	0	6.0	1.7326555	0.0048223557	960000	4401.976934194565
32	14.4567375	2.7434773	20.757826	8.361483	90.666664	32.514954	193.0	41.0	1000.0	92755.0	0.09369191919191919	1.492773	0.5227677	2.534931	-0.4248424	9.751215	5.0393105	31.530405	-0.2693269	1.6276042e-08	0.0015883748	-6.1035155e-09	-0.00031006266	0.19447333	-0.0498631	30.346533	-8.828314	0	0	3.0	1.7306731	0.003021133	990000	4458.887326002121
33	13.733474	3.414532	20.795769	6.839129	83.4	27.826365	152.0	37.0	1000.0	95257.0	0.09338921568627451	1.4976914	0.5228906	2.7509408	-0.3175225	8.894669	5.4188137	33.84247	-2.1064546	-2.0345052e-08	0.0016640543	4.8828124e-08	-0.0005631592	0.19666475	-0.05063863	28.968824	-8.92477	0	0	3.0	1.7288932	0.0036925017	1020000	4515.429090023041
34	13.090351	2.28891	19.396465	7.3567805	76.833336	31.367802	175.0	32.0	1000.0	97562.0	0.09291619047619047	1.42977	0.5200202	2.661425	-0.35241565	8.410252	4.7285786	29.690615	-1.5822856	1.93278e-08	-0.0021864716	-1.6276042e-08	-0.0018110718	0.17728959	-0.04350072	26.421843	-8.822422	0	0	1.0	1.7269875	0.0064874594	1050000	4571.112182855606
35	14.083461	2.7716525	21.6841	6.9661956	84.666664	28.620893	149.0	25.0	1000.0	100102.0	0.09268703703703704	1.3888859	0.5639419	2.5518217	-0.5087177	8.205048	5.216688	31.814903	-4.404949	8.138021e-09	-0.0012048258	6.1035155e-09	-0.0002955424	0.16786727	-0.041940793	29.732788	-9.8154545	0	0	1.0	1.7258933	0.0019166282	1080000	4627.857424020767
36	14.629211	2.3049622	18.72761	9.856757	86.73333	29.20837	150.0	32.0	1000.0	102704.0	0.09252612612612612	1.4947942	0.51957387	2.482565	-0.31592628	8.940025	5.347091	35.276417	-2.2905142	9.155274e-09	-0.0018104594	2.2379558e-08	-0.00027478638	0.15319192	-0.031252816	23.686523	-7.7143	0	0	1.0	1.7246623	0.0017721179	1110000	4683.562297344208
37	14.692803	2.8130512	20.937464	7.384632	85.0	30.990322	140.0	18.0	1000.0	105254.0	0.09232807017543859	1.5348995	0.5238723	2.7601066	-0.21523327	8.679375	5.1011405	32.942562	-0.8436606	-1.0172526e-09	-0.0011280812	3.2552084e-08	-0.0003590576	0.16551426	-0.038174823	21.905396	-7.20909	0	0	1.0	1.7232356	0.00080242846	1140000	4740.051961898804
38	15.9070635	2.7778265	24.357742	11.531182	70.8	33.85203	164.0	26.0	1000.0	107378.0	0.09177606837606837	1.6364741	0.53198683	2.6662219	-0.27771747	8.624655	4.7859683	34.175922	-1.6722064	-5.086263e-09	-0.0010643748	-4.0690105e-09	0.00095158286	0.17897236	-0.035855338	24.87519	-10.358208	0	0	1.0	1.7216549	0.0011472114	1170000	4796.0359144210815
39	15.712384	2.7652519	20.582222	10.007693	77.0	28.613516	147.0	25.0	1000.0	109688.0	0.09140666666666666	1.6518328	0.52069646	2.736267	-0.18380916	7.889826	4.817051	33.14856	-2.8484092	-1.4241537e-08	-0.00074524735	2.0345052e-08	0.0003220174	0.15482047	-0.032650746	25.274563	-10.220019	0	0	1.0	1.7201834	0.00061020337	1200000	4852.493429899216
40	14.816954	3.094261	21.458189	9.064908	87.23333	32.23009	177.0	28.0	1000.0	112305.0	0.09130487804878049	1.5726265	0.54545164	2.7263587	-0.19432233	8.373521	4.8582067	34.21686	-0.45671225	8.138021e-09	-0.0009424113	8.138021e-09	0.00053282874	0.188124	-0.06038408	25.933489	-11.089984	0	0	1.0	1.7186782	0.0010990455	1230000	4908.6964564323425
41	14.404795	2.5116813	19.337774	9.136409	92.5	34.608044	161.0	22.0	1000.0	115080.0	0.09133333333333334	1.5644867	0.572383	3.2729855	-0.55104774	9.156831	5.36652	34.03692	-0.8978487	-2.0345052e-09	-0.0075495914	2.4414062e-08	0.002448283	0.1555392	-0.040167555	33.279503	-13.381266	0	0	79.0	1.7171781	0.0052702534	1260000	4977.36759185791
42	15.954993	2.3378212	23.070513	12.677167	86.23333	39.163486	172.0	7.0	1000.0	117667.0	0.09121472868217054	1.5696163	0.5317147	2.5225456	-0.68316036	8.998824	5.3400574	33.726254	-4.101778	-3.8146974e-09	-0.008158623	5.2897136e-08	0.00043907063	0.1810309	-0.055118486	25.620743	-10.847615	0	0	79.0	1.7068286	0.0056295292	1290000	5043.449131011963
43	17.51787	2.2610793	22.743471	12.328291	90.23333	28.006767	163.0	36.0	1000.0	120374.0	0.09119242424242424	1.7419137	0.48298457	2.6365724	-0.27787524	9.764454	5.748674	37.926258	-1.6894903	-2.0345052e-09	-0.00712504	-1.1698405e-08	-0.0006375051	0.16297752	-0.044544004	26.182253	-11.383941	0	0	79.0	1.6661088	0.005146284	1320000	5109.162822961807
44	17.173855	2.5198433	21.22689	13.268558	71.46667	27.701664	129.0	14.0	1000.0	122518.0	0.09075407407407407	1.7923692	0.5011843	2.7263668	-0.34502384	8.6355095	5.151026	34.81603	-2.0087576	2.0345052e-09	-0.0074671977	-4.679362e-08	-0.0017408732	0.13251294	-0.028726906	25.349947	-11.808933	0	0	79.0	1.6392493	0.004767828	1350000	5174.754755496979
45	18.525604	2.2869596	22.287394	13.4646435	89.13333	33.5338	140.0	31.0	1000.0	125192.0	0.09071884057971015	1.8287413	0.4873762	2.8446755	-0.41684282	8.435274	5.253544	31.112343	-2.9526446	1.4241537e-08	-0.0077997763	4.0690105e-09	0.002098332	0.14687917	-0.03581059	26.92624	-11.929431	0	0	79.0	1.6276716	0.005422771	1380000	5240.007261991501
46	17.541069	2.2167308	22.53632	14.045138	72.4	29.81342	126.0	21.0	1000.0	127364.0	0.0903290780141844	1.8774208	0.51349086	2.9298751	-0.11852149	8.29755	4.8475122	33.838146	-2.1484025	-1.1189779e-08	0.0013318949	-1.6276042e-08	-0.00301357	0.13965026	-0.028816432	21.777925	-10.995252	0	0	5.0	1.6164677	0.008726288	1410000	5297.073003292084
47	17.864044	2.3598425	22.279995	12.060937	87.73333	26.241106	163.0	47.0	1000.0	129996.0	0.090275	1.8674406	0.49276426	2.760284	-0.16834772	8.457736	5.224509	31.793098	-1.3008446	4.0690105e-09	0.007904908	0.0	-0.00027886557	0.16473623	-0.032783106	22.640705	-11.003921	0	0	1.0	1.6141655	0.019225786	1440000	5353.7112510204315
48	16.923124	2.3798666	20.725073	11.6181965	77.9	39.114662	211.0	8.0	1000.0	132333.0	0.09002244897959184	1.8142374	0.52910113	3.0167763	-0.33067372	8.463283	4.9870644	31.582201	-1.2327067	-1.0172526e-08	0.0065305806	2.8483074e-08	0.0026544922	0.13788104	-0.04254257	26.468895	-12.329332	0	0	1.0	1.6128316	0.012305102	1470000	5409.932985782623
49	17.089338	2.5056388	22.138012	12.528685	85.23333	32.76246	137.0	0.0	1000.0	134890.0	0.08992666666666667	1.790255	0.4735405	2.6832147	-0.098262794	8.13415	5.4583135	33.920456	-3.469401	1.6276042e-08	0.00074514566	1.6276042e-08	-1.6438803e-06	0.13120523	-0.027378961	27.067736	-12.340164	0	0	1.0	1.6116288	0.0055215554	1500000	5466.336584806442
50	17.223059	2.2649052	21.883102	13.034648	79.4	24.630064	132.0	30.0	1000.0	137272.0	0.0897202614379085	1.7700977	0.5003833	2.7188625	-0.16575651	8.630067	5.1547303	37.41992	-4.7525	0.0	-0.00021432698	2.2379558e-08	0.00012682089	0.14775816	-0.03637933	25.675262	-12.655129	0	0	1.0	1.610595	0.0002455931	1530000	5522.90913438797
51	17.204227	2.7844195	24.20899	12.441036	86.13333	37.66938	175.0	16.0	1000.0	139856.0	0.08965128205128205	1.787269	0.48435566	2.703319	-0.20994492	8.619654	5.067631	35.846115	-3.8532457	8.138021e-09	0.0006800211	-8.138021e-09	-0.0017100789	0.15454447	-0.03459587	26.404829	-13.150946	0	0	1.0	1.6096513	0.008531734	1560000	5579.824359178543
52	17.103304	2.1673026	21.3626	12.78188	84.1	34.301945	152.0	17.0	1000.0	142379.0	0.08954654088050315	1.7775061	0.5041943	2.8697448	-0.42892286	8.482867	5.303315	32.388786	-3.637017	-2.0345052e-08	0.0012308788	6.1035155e-09	-0.0064530596	0.15149848	-0.04253277	27.162172	-14.170418	0	0	1.0	1.6090379	0.008259406	1590000	5637.947991847992
53	17.082968	3.0302997	21.579046	8.810572	67.433334	32.991596	144.0	10.0	1000.0	144402.0	0.08913703703703704	1.7111077	0.49543697	2.6811564	-0.19908261	7.5453005	5.0133796	30.278368	-4.3744583	4.0690105e-09	-0.00072573446	4.0690105e-09	0.00030796102	0.16338578	-0.04164338	24.41294	-13.019349	0	0	1.0	1.6088657	0.0010672661	1620000	5694.61420416832
54	15.94927	3.1309347	21.433601	9.369463	75.86667	26.846148	131.0	13.0	1000.0	146678.0	0.08889575757575757	1.7382256	0.5625778	3.000806	-0.41245893	7.099344	4.9518805	30.08235	-4.0809164	-8.138021e-09	-0.0005276072	-6.1035155e-09	-0.0019711812	0.16142823	-0.05034039	23.43088	-12.163802	0	0	1.0	1.6089288	0.0029029767	1650000	5750.737925052643
55	18.022156	2.8190973	24.457235	13.476909	80.96667	30.481123	135.0	35.0	1000.0	149107.0	0.08875416666666666	1.7904315	0.50182223	3.405837	-0.15714261	7.911472	4.934909	29.725119	-2.6729121	-6.1035155e-09	-0.0010369181	-1.6276042e-08	0.000717627	0.1776103	-0.05922828	23.2123	-11.375637	0	0	1.0	1.6091073	0.0011687053	1680000	5807.08346414566
56	15.844482	2.9062428	21.79924	9.490015	86.8	32.329967	162.0	26.0	1000.0	151711.0	0.08871988304093567	1.7633256	0.5690165	3.2249188	-0.18758534	8.533978	4.913484	33.819366	-2.722578	-1.9836426e-08	-0.0008582934	3.6621095e-08	0.0023279907	0.15344204	-0.054789007	26.606844	-13.780653	0	0	1.0	1.6094987	0.002968113	1710000	5863.450706243515
57	17.418726	2.745902	23.27593	12.169229	76.7	30.553942	138.0	17.0	1000.0	154012.0	0.08851264367816092	1.721676	0.50364727	2.7674096	-0.56548524	8.350104	5.240555	34.155823	-1.2357754	5.086263e-09	-0.0010089743	8.138021e-09	0.0008633545	0.14689913	-0.04707656	20.990654	-11.506931	0	0	1.0	1.6097991	0.001980496	1740000	5919.667660236359
58	16.811838	2.0631485	21.043377	11.818385	79.1	30.988546	133.0	28.0	1000.0	156385.0	0.08835310734463277	1.8274431	0.5098401	2.8416877	-0.113031246	8.0833845	5.247779	34.385666	-1.635797	-6.1035155e-09	-0.0003300293	4.4759116e-08	-0.00026072998	0.14380498	-0.036325864	24.100426	-13.093564	0	0	1.0	1.6102562	0.00019958461	1770000	5976.0527131557465
59	18.309904	2.3983288	23.723463	14.308791	79.96667	30.83773	175.0	25.0	1000.0	158784.0	0.08821333333333334	1.826495	0.47114152	2.6042824	-0.2971227	8.136332	5.503529	32.999527	-6.6775417	-4.0690105e-09	-0.0005228805	-1.6276042e-08	-0.0009947347	0.16332129	-0.0427946	23.764042	-12.969619	0	0	1.0	1.6107006	0.0019085974	1800000	6033.494306564331
60	18.251774	2.734963	23.131474	12.618609	85.13333	32.031998	138.0	13.0	1000.0	161338.0	0.08816284153005464	1.8672255	0.5234586	3.04266	-0.15509127	8.141315	4.8392577	37.180214	-1.5449052	1.0172526e-08	-0.0011175415	-3.6621095e-08	0.00083064777	0.1721899	-0.03997916	26.799871	-15.006799	0	0	1.0	1.6112636	0.0017738256	1830000	6092.586431026459
61	17.312885	2.6732597	21.411114	9.960673	82.2	35.111633	142.0	0.0	1000.0	163804.0	0.08806666666666667	1.8725446	0.5407716	2.970311	-0.2558094	8.27119	5.38467	41.72532	-3.2979274	-1.3224284e-08	-0.00073835347	-6.9173176e-08	0.0015558166	0.15800062	-0.045156524	24.073126	-14.57867	0	0	1.0	1.6117008	0.0017343295	1860000	6149.1255259513855
62	17.432468	1.991554	22.514984	13.650335	76.666664	27.367054	147.0	24.0	1000.0	166104.0	0.08788571428571429	1.8440889	0.521784	3.0811896	-0.31540704	8.530935	5.325327	36.031685	-4.330316	2.0345052e-08	-0.000932251	-2.0345052e-08	-0.000455129	0.15179454	-0.04742177	24.564976	-14.308661	0	0	1.0	1.6124158	0.001398259	1890000	6204.977358579636
63	18.182116	2.0154893	21.134844	13.80745	79.166664	29.254156	136.0	24.0	1000.0	168479.0	0.08774947916666667	1.8878157	0.476845	2.9558895	-0.42133605	8.522516	5.160749	36.714535	-1.6572722	4.0690105e-09	-0.0005496053	1.2207031e-08	0.00046845703	0.13495907	-0.039073296	23.108807	-12.466661	0	0	1.0	1.6129404	0.001325119	1920000	6261.434531927109
64	17.798944	2.472736	21.806017	12.5394745	77.23333	27.162085	134.0	21.0	1000.0	170796.0	0.08758769230769231	1.8661591	0.5309201	2.9314456	-0.23023997	7.892738	5.469267	35.67993	-3.60039	-5.086263e-09	-0.00070545095	-8.138021e-09	0.000781486	0.147153	-0.03706201	21.813984	-12.515858	0	0	1.0	1.613296	0.00071737723	1950000	6317.85280251503
65	17.768717	2.719901	24.995155	11.814399	92.96667	33.029766	146.0	29.0	1000.0	173585.0	0.08766919191919192	1.8794061	0.50950104	2.9585102	-0.14094877	8.306147	4.841307	30.264599	-2.21542	6.1035155e-09	-0.00052309775	4.0690105e-09	0.0001737264	0.16764817	-0.04496316	26.117954	-15.944723	0	0	1.0	1.6132505	0.0009880614	1980000	6374.293305158615
66	17.675655	2.1330671	22.745663	13.547522	83.76667	29.332214	132.0	17.0	1000.0	176098.0	0.08761094527363184	1.854437	0.50723267	3.1520915	-0.19087265	9.010485	5.08736	32.36734	-3.2718217	2.5431315e-10	-0.00083939754	-3.4586588e-08	-3.3007815e-05	0.15671626	-0.051471904	27.722692	-15.652609	0	0	1.0	1.6129172	0.00061762315	2010000	6430.674276828766
67	18.456285	2.7442663	22.861244	11.837611	77.933334	31.246262	171.0	3.0	1000.0	178436.0	0.0874686274509804	1.8673517	0.4575223	3.226491	0.06762893	8.622922	5.462982	33.03679	-2.802285	-2.0345052e-09	-0.0071162404	-4.0690105e-09	0.0045484	0.15467034	-0.043406576	24.469984	-14.473898	0	0	79.0	1.6127329	0.005568858	2040000	6495.532822847366
68	18.475145	2.5252585	26.83412	13.85286	74.7	29.254229	153.0	14.0	1000.0	180677.0	0.08728357487922705	1.9055547	0.5054512	3.0148237	-0.52682215	7.744869	5.031	31.902454	-3.5980215	0.0	-0.0074755372	2.339681e-08	-0.0011607839	0.15821593	-0.04624281	23.682924	-13.058994	0	0	79.0	1.5873125	0.0050427797	2070000	6560.5198311805725
69	17.03166	2.2737694	22.602705	12.129499	81.433334	34.19131	149.0	21.0	1000.0	183120.0	0.0872	1.8666224	0.51139706	2.8638628	-0.069151565	7.872936	5.2784524	33.132835	-2.9643426	-1.0172526e-09	-0.0077866577	2.4414062e-08	0.00043077391	0.14115912	-0.04357864	24.700525	-13.925342	0	0	79.0	1.5611377	0.005321837	2100000	6625.235325336456
70	18.919268	1.9095119	24.026518	15.2358055	71.7	39.3744	185.0	6.0	1000.0	185271.0	0.08698169014084507	1.8546197	0.46157715	2.7638688	-0.41543603	8.14231	5.417699	34.759846	-2.17773	0.0	-0.0071376585	8.138021e-09	-0.004101009	0.15415296	-0.0482743	24.01715	-14.094891	0	0	79.0	1.5467737	0.005084501	2130000	6690.512705564499
71	18.65699	2.1357546	21.987062	14.341022	74.36667	30.618605	146.0	15.0	1000.0	187502.0	0.08680648148148148	1.9476852	0.47889528	2.9507332	-0.47848478	7.927219	5.211547	35.519844	-3.4868298	4.0690105e-09	-0.006175934	7.73112e-08	-0.0008133423	0.121806346	-0.0300951	25.954412	-14.766311	0	0	79.0	1.5203931	0.0052922526	2160000	6755.519582748413
72	17.340977	2.1570983	21.803059	13.0092325	80.36667	33.798897	175.0	13.0	1000.0	189913.0	0.08671826484018265	1.8845443	0.49833053	2.8815193	-0.2352049	7.6710887	5.3033895	33.957287	-2.6574502	1.0172526e-08	0.0008656575	-2.4414062e-08	-0.0004003011	0.15546079	-0.05182311	25.941845	-15.154059	0	0	8.0	1.5090733	0.00741721	2190000	6812.366758346558
73	18.926409	2.4750242	23.191118	13.6863785	90.13333	28.719023	137.0	31.0	1000.0	192617.0	0.08676441441441442	1.8905109	0.4407184	2.9980774	0.0626789	9.184957	5.8518534	46.04201	-2.2914882	-1.2207031e-08	0.009328725	-3.86556e-08	-0.006603837	0.15688618	-0.046149082	24.931763	-14.37859	0	0	1.0	1.5079489	0.021827405	2220000	6868.238156080246
74	18.306416	1.7321023	21.142298	14.488937	86.63333	31.248981	159.0	33.0	1000.0	195216.0	0.08676266666666667	1.8559104	0.50793713	3.038055	-0.22076397	9.037992	5.4850016	40.872242	-2.9216788	-2.0345052e-09	0.0044386187	-1.6276042e-08	-0.0007395426	0.1579079	-0.05344729	25.519915	-14.411479	0	0	1.0	1.5075495	0.010039871	2250000	6924.47190451622
75	18.687157	2.1625526	22.855677	12.851016	85.933334	31.407997	144.0	13.0	1000.0	197794.0	0.08675175438596491	1.9314177	0.47877982	2.886472	-0.48525292	8.742709	5.588548	35.92008	-2.7388797	-2.0345052e-09	-9.141438e-05	-2.0345052e-08	-9.955445e-05	0.124597445	-0.038057506	23.079834	-12.717724	0	0	1.0	1.5070304	0.0038627659	2280000	6981.263472557068
76	18.91245	2.1840184	23.346676	15.4329605	88.666664	33.534393	164.0	16.0	1000.0	200454.0	0.08677662337662338	1.9358413	0.47203696	3.0598354	-0.34956852	8.923888	5.7702327	37.29544	-5.4213505	5.086263e-09	-0.00041798808	0.0	0.0006055013	0.14113705	-0.041761525	24.529945	-14.488299	0	0	1.0	1.5066271	0.00064297195	2310000	7037.8650443553925
77	18.025196	2.347311	22.498013	13.53339	94.9	36.360558	168.0	32.0	1000.0	203301.0	0.08688076923076923	1.9320301	0.4958639	2.9676907	-0.32977396	9.774862	5.596191	33.99904	-2.1323743	1.2207031e-08	-0.0007227051	3.2552084e-08	-8.235676e-06	0.13092487	-0.043134958	28.379583	-16.76756	0	0	1.0	1.5065459	0.0007281835	2340000	7094.201943397522
78	18.942661	2.970139	26.661482	13.416062	86.73333	35.290165	152.0	29.0	1000.0	205903.0	0.0868789029535865	1.9202836	0.4756416	3.160705	-0.33839735	9.654625	5.6177406	35.23095	-3.2570937	-6.1035155e-09	-0.0011920248	-1.6276042e-08	-0.00054344075	0.15557691	-0.052464575	26.959482	-15.662343	0	0	1.0	1.5066453	0.0034305665	2370000	7150.69943857193
79	17.832354	2.5347986	22.574457	12.135284	84.333336	34.246494	178.0	16.0	1000.0	208433.0	0.08684708333333334	1.8976322	0.5076805	3.015056	-0.13099982	8.482921	5.6342254	39.040173	-4.11488	8.138021e-09	-6.623637e-05	1.6276042e-08	0.0006458333	0.13721399	-0.046452418	24.59298	-13.674732	0	0	1.0	1.5068827	0.0032664328	2400000	7207.061453819275
80	18.878605	2.5596337	25.933935	13.606216	89.3	35.08765	164.0	20.0	1000.0	211112.0	0.08687736625514403	1.8747888	0.48826978	3.0539682	0.077470236	9.334371	5.7293797	41.639633	-3.4122345	-8.138021e-09	-0.0008828654	4.4759116e-08	-0.0012389119	0.15700872	-0.049358122	22.349798	-12.502648	0	0	1.0	1.507235	0.0014067675	2430000	7263.643927097321
81	18.422054	2.256344	23.286188	14.951687	80.86667	34.974976	150.0	24.0	1000.0	213538.0	0.08680406504065041	1.910956	0.49748036	3.4136653	0.016448775	8.679163	5.4462986	37.88035	-2.821814	1.525879e-08	-0.0011064453	8.138021e-09	-0.00048769533	0.14546517	-0.044904195	21.506992	-12.404863	0	0	1.0	1.5074625	0.005293283	2460000	7320.307084798813
82	18.310055	2.3258548	24.201082	13.981112	80.73333	36.432526	160.0	7.0	1000.0	215960.0	0.08673092369477911	1.9101562	0.4976435	3.4342842	-0.21202031	8.318981	5.470023	36.776333	-6.6370115	-1.8310548e-08	-0.00072721555	5.6966147e-08	-0.0002519287	0.1527053	-0.049532153	25.161812	-14.63253	0	0	1.0	1.5074635	0.001115902	2490000	7376.927030801773
83	18.86079	2.4934366	24.98416	12.536041	79.1	28.160671	124.0	30.0	1000.0	218333.0	0.08664007936507936	1.9179788	0.508309	3.022464	-0.109397784	8.4288225	5.47175	35.60242	-3.635392	-1.0172526e-09	-7.351735e-05	1.6276042e-08	0.00018508302	0.15743998	-0.053959787	23.385588	-13.9096	0	0	1.0	1.507598	0.0018452422	2520000	7433.232494592667
84	18.456074	1.9528255	22.601294	14.388892	72.333336	29.988146	142.0	12.0	1000.0	220503.0	0.08647176470588236	1.9346998	0.5326048	3.1327999	-0.2178277	8.125524	5.258559	37.607822	-2.2031164	1.2207031e-08	-0.0005225169	2.339681e-08	-0.0013290669	0.16808319	-0.056533143	26.021292	-15.493922	0	0	1.0	1.5077829	0.00078561273	2550000	7489.88970041275
85	17.749645	3.5927103	21.766699	3.4517884	83.333336	35.976227	141.0	19.0	1000.0	223003.0	0.08643527131782945	1.8732315	0.51266366	3.2862792	-0.1417925	8.134868	5.4640646	36.2532	-3.2343836	-1.4241537e-08	-0.00082259113	2.0345052e-09	0.00042907815	0.18056937	-0.08165392	27.217388	-16.115192	0	0	1.0	1.5079863	0.0017994957	2580000	7545.41605758667
86	18.389395	1.7631768	21.62822	14.555186	80.3	25.048153	128.0	29.0	1000.0	225412.0	0.08636475095785441	1.9110931	0.4901497	3.2428973	0.03829385	8.428844	5.2760606	34.56168	-4.2338085	0.0	-0.0011659291	2.0345052e-08	-0.00022900391	0.14415391	-0.04792235	22.68208	-13.633794	0	0	1.0	1.508256	0.0014133671	2610000	7602.201357126236
87	18.084927	2.4915853	22.395622	10.8004	76.26667	35.24385	176.0	0.0	1000.0	227700.0	0.08625	1.8714976	0.5259325	3.5039616	-0.22624025	7.9687843	5.0793667	34.07524	-2.8931494	-4.0690105e-09	-0.0008799052	1.6276042e-08	-0.000419222	0.16795832	-0.06531545	23.72989	-14.194994	0	0	1.0	1.5087576	0.0011960691	2640000	7659.219855070114
88	18.699781	2.4840484	23.383533	14.720465	79.96667	30.869059	150.0	30.0	1000.0	230099.0	0.08617940074906368	1.8737966	0.4938473	2.85049	-0.7242102	8.23147	5.549212	37.696594	-4.233141	-1.1698405e-08	-0.0012261336	-9.765625e-08	-0.00089748536	0.15721351	-0.053880922	24.487122	-15.499735	0	0	1.0	1.5092866	0.001979878	2670000	7715.6831159591675
89	17.548584	4.2422924	22.324316	-1.2323306	84.433334	32.093285	158.0	0.0	1000.0	232632.0	0.08616	1.8608077	0.5802167	3.3309503	-0.09670568	8.181027	5.0407615	38.639008	-3.235659	2.0345052e-09	-0.00010137126	4.0690105e-09	-0.00034961346	0.16327769	-0.06432725	24.975222	-15.452811	0	0	1.0	1.5098729	0.0011490966	2700000	7771.677866697311
90	18.863237	2.7313623	23.996527	12.858437	85.166664	30.371132	132.0	28.0	1000.0	235187.0	0.08614908424908425	1.8982394	0.46422228	3.153372	0.024312736	9.344224	5.759144	38.428383	-7.2853975	-4.0690105e-09	-0.0005757975	2.0345052e-09	-0.00032345377	0.16303779	-0.05302331	23.934725	-13.796966	0	0	1.0	1.510562	0.0006064475	2730000	7828.4478759765625
91	18.407408	2.6326287	22.073925	10.212593	77.86667	32.29317	158.0	16.0	1000.0	237523.0	0.0860590579710145	1.9070665	0.54699755	3.0848885	-0.21557046	7.9618034	5.5497737	35.264004	-5.521411	6.1035155e-09	-0.00032838134	1.2207031e-08	0.000529777	0.1735205	-0.06215182	22.208559	-12.782317	0	0	1.0	1.5110142	0.0012715611	2760000	7885.169039726257
92	19.087708	2.1051283	22.294222	14.257221	83.0	29.303015	146.0	33.0	1000.0	240013.0	0.08602616487455197	1.9197464	0.47145697	3.1926336	-0.14661689	8.45855	5.443463	37.251183	-3.098926	-9.155274e-09	-0.00041834003	-1.2207031e-08	0.0003008097	0.18075937	-0.06968705	23.924812	-13.448125	0	0	1.0	1.5115138	0.0008224627	2790000	7941.455288887024
93	17.851803	2.6804059	26.786016	11.904574	76.1	41.03279	156.0	22.0	1000.0	242296.0	0.08592056737588652	1.9168642	0.57371527	3.818852	-0.22589834	7.933799	5.282968	41.13668	-3.577649	8.138021e-09	-0.0011893311	-3.2552084e-08	0.0012875773	0.17527175	-0.07791356	25.357746	-14.273716	0	0	1.0	1.5119953	0.0016963554	2820000	7999.785227298737
94	18.717808	1.8489928	21.93719	15.160377	81.26667	29.338182	155.0	24.0	1000.0	244734.0	0.08587157894736842	1.878396	0.4681759	3.502166	-0.034222007	8.270299	5.375412	34.696148	-3.3755925	1.2207031e-08	-0.0005950216	-2.8483074e-08	0.00068650104	0.15361312	-0.05894757	23.339813	-12.784213	0	0	1.0	1.5123636	0.00074080576	2850000	8056.6611495018005
95	17.737818	3.2803452	22.227049	4.927604	82.833336	29.322443	150.0	28.0	1000.0	247219.0	0.08583993055555555	1.8858054	0.49043068	3.119198	-0.058642212	8.217647	5.4973536	40.38466	-4.235554	4.0690105e-09	-0.00043938702	-1.2207031e-08	0.00026359048	0.17796922	-0.07446002	25.725971	-14.747595	0	0	1.0	1.5128458	0.0005126681	2880000	8113.352379560471
96	18.994955	2.590099	24.112892	13.049138	73.333336	29.863392	171.0	19.0	1000.0	249419.0	0.08571099656357388	1.9128742	0.5009382	3.256253	-0.25423598	8.040941	5.1385446	37.177425	-3.053309	7.1207684e-09	-0.0005745158	-7.73112e-08	0.0008854614	0.16683161	-0.057343088	23.72192	-13.425526	0	0	1.0	1.5131824	0.0007220623	2910000	8169.639722585678
97	19.024513	2.6799471	24.778326	11.937419	89.53333	36.479885	191.0	34.0	1000.0	252105.0	0.08575	1.9832661	0.513517	3.4220161	-0.21196668	8.229738	5.674488	35.778927	-5.1090784	4.0690105e-09	-0.0075887106	-2.4414062e-08	0.0006168986	0.17123426	-0.06153225	25.940174	-14.21812	0	0	79.0	1.5132236	0.005306848	2940000	8234.363502502441
98	17.96935	3.4560783	23.19004	3.1071796	78.46667	30.515278	142.0	0.0	1000.0	254459.0	0.08567643097643098	1.9464628	0.56049716	3.5564723	-0.36353955	8.319434	5.813782	39.739338	-4.047627	-5.086263e-09	-0.0077512222	-2.0345052e-09	-0.005013243	0.15576205	-0.06658369	23.231419	-13.753377	0	0	79.0	1.502317	0.0052237874	2970000	8299.167061328888
99	19.48724	2.864127	27.039013	14.323049	80.166664	30.816753	164.0	18.0	1000.0	256864.0	0.08562133333333333	1.9420877	0.4768652	3.0579343	-0.59794796	8.006448	5.359178	38.17723	-4.25621	5.086263e-09	-0.007938357	1.2207031e-08	0.0019327902	0.17123558	-0.07096357	25.273062	-14.924929	0	0	79.0	1.4898839	0.0053336225	3000000	8363.236015081406
100	18.918474	1.9219829	24.281551	16.086285	83.76667	35.136574	150.0	27.0	1000.0	259377.0	0.0856029702970297	2.0345047	0.49583915	3.244112	0.08288162	8.474978	5.4556966	43.147697	-3.0654032	-1.1189779e-08	-0.007829498	-5.2897136e-08	-0.0016918783	0.15941542	-0.061500214	25.693846	-14.803087	0	0	79.0	1.4677246	0.0052895388	3030000	8427.618425607681
101	18.780346	2.3582194	23.767532	14.768372	70.0	29.67603	144.0	23.0	1000.0	261477.0	0.08545	1.9221681	0.47304094	2.8435864	-0.24410936	7.839636	5.33537	43.463455	-5.790818	-1.0172526e-08	-0.008217193	3.6621095e-08	-0.0040080813	0.12957583	-0.033505544	25.316563	-14.110589	0	0	79.0	1.4441924	0.0057401867	3060000	8492.663730621338
102	18.516264	2.2439597	23.221668	13.365631	81.26667	29.296114	140.0	21.0	1000.0	263915.0	0.08540938511326861	1.9429971	0.4799438	2.8823485	-0.046410363	7.7191505	5.3733387	34.45338	-4.0532413	6.1035155e-09	-0.0010440572	2.0345052e-08	0.00042115682	0.12740897	-0.046846114	22.626074	-12.713903	0	0	6.0	1.4229519	0.003427866	3090000	8549.755652427673
103	19.400385	2.586817	24.108362	13.69068	82.26667	32.65265	171.0	26.0	1000.0	266383.0	0.08537916666666667	1.9557269	0.4603278	3.1067212	0.12707874	8.295886	5.211368	34.246243	-2.2310047	-1.525879e-08	0.0064363037	-1.6276042e-08	0.002035555	0.1595722	-0.051148042	24.835386	-14.240272	0	0	6.0	1.4228392	0.015544633	3120000	8606.51682472229
104	18.939152	1.8361647	23.22667	15.197429	63.966667	24.92988	135.0	24.0	1000.0	268302.0	0.0851752380952381	2.0187502	0.47695678	3.52383	-0.30302685	7.6071677	5.100688	34.58872	-2.6611733	-1.525879e-08	0.008431782	8.138021e-09	0.0027124227	0.1426605	-0.05051084	21.502295	-12.083565	0	0	1.0	1.4207802	0.019767758	3150000	8662.564618825912
105	18.49947	2.3416767	23.754374	14.085516	74.96667	26.206213	135.0	8.0	1000.0	270551.0	0.08507893081761006	1.9583793	0.48567468	3.162331	-0.2841869	7.1229753	5.247015	38.01246	-4.8190393	8.138021e-09	0.00050083414	4.4759116e-08	-0.0010975952	0.13033432	-0.044745237	21.112988	-11.532137	0	0	1.0	1.4203311	0.0036668126	3180000	8718.854860067368
106	19.827465	2.4979324	25.991014	15.432836	86.333336	28.640686	158.0	36.0	1000.0	273141.0	0.08509065420560748	1.9787462	0.46341807	3.492803	0.09409266	8.042881	5.2600913	32.73666	-4.298666	-2.5431315e-09	-0.0008821304	8.138021e-09	-0.0007804464	0.16887626	-0.07435277	23.902884	-13.302533	0	0	1.0	1.42044	0.0013145487	3210000	8775.266207933426
107	19.309706	2.536829	26.532324	15.623396	76.13333	31.546509	141.0	31.0	1000.0	275425.0	0.08500771604938272	2.0163622	0.49119303	3.5396817	0.038263526	8.292546	5.1742377	32.125134	-3.242137	6.1035155e-09	-0.0011427449	-4.8828124e-08	2.0532227e-05	0.16086239	-0.059259437	22.39904	-11.795338	0	0	1.0	1.4208076	0.0019269469	3240000	8831.257526874542
108	18.66959	2.14365	23.397385	15.780761	74.166664	30.040068	143.0	23.0	1000.0	277650.0	0.08490825688073395	1.9876631	0.49371478	3.3107574	-0.33302402	7.4180865	5.17645	37.106056	-4.2706375	1.1189779e-08	-0.000366422	6.1035155e-09	0.0005631205	0.17455961	-0.0739742	22.192892	-10.972686	0	0	1.0	1.4211574	0.00070270046	3270000	8887.507416248322
109	18.79601	2.634173	24.83405	14.700192	79.833336	33.52619	145.0	20.0	1000.0	280045.0	0.08486212121212121	1.9486943	0.48291352	3.0651784	-0.47806633	8.19211	5.2998366	39.19208	-3.603389	-7.1207684e-09	-0.00026904195	2.4414062e-08	0.00015749512	0.16850284	-0.06238708	22.501143	-11.851236	0	0	1.0	1.4215388	0.00040043303	3300000	8943.426810264587
110	19.722881	1.986748	25.53953	15.669084	74.53333	29.1167	124.0	8.0	1000.0	282281.0	0.08476906906906907	1.968639	0.47114068	3.1494515	-0.089973316	8.134974	5.003773	40.04239	-2.0701609	-1.0172526e-08	-0.0007013814	3.2552084e-08	-0.00025184324	0.15484352	-0.061709203	21.095821	-11.132064	0	0	1.0	1.422341	0.00077791064	3330000	8999.826378822327
111	19.644087	2.531658	25.200699	15.264473	71.36667	32.220577	153.0	4.0	1000.0	284422.0	0.08464940476190476	2.043084	0.480113	3.5074604	0.15901856	7.6088686	4.622118	36.45734	-8.850395	0.0	-0.0003558614	2.6448568e-08	0.00050403853	0.17791313	-0.06728141	20.975452	-11.577537	0	0	1.0	1.4233738	0.0013023812	3360000	9057.479957342148
112	18.986914	2.1324809	22.612724	13.542153	75.666664	30.439375	137.0	28.0	1000.0	286692.0	0.08456991150442478	1.9971157	0.4897612	3.2917035	0.31839788	7.186772	5.0555835	37.463673	-3.3493958	0.0	-0.00045207265	4.0690105e-09	-0.0023093687	0.15416543	-0.059053928	19.646038	-9.821026	0	0	1.0	1.4243969	0.0017634557	3390000	9114.19991016388
113	18.935564	2.402248	24.160206	15.573816	66.4	29.87708	128.0	0.0	1000.0	288684.0	0.08441052631578948	1.9950278	0.47521627	3.5675304	-0.10456351	7.569419	4.9776363	29.069937	-4.6162267	4.0690105e-09	0.00022226562	2.6448568e-08	0.00026994018	0.13716164	-0.046544977	19.30128	-10.006242	0	0	1.0	1.4254348	0.0074670734	3420000	9170.566025733948
114	19.953108	2.7348425	25.535938	14.627046	71.46667	30.883366	132.0	4.0	1000.0	290828.0	0.08429797101449275	1.9940268	0.45541304	3.4517472	0.2363123	7.063976	5.100644	35.776142	-6.079302	-8.138021e-09	-0.0006202881	-4.0690104e-08	-0.0009333252	0.17678405	-0.07151505	21.995594	-11.463446	0	0	1.0	1.42624	0.0019267667	3450000	9226.976254224777
115	18.32419	2.1742857	24.424147	14.610143	66.0	26.705805	137.0	0.0	1000.0	292808.0	0.08414022988505747	1.9992383	0.49167278	4.172437	0.18073633	7.4885697	5.410318	42.23696	-3.3763216	1.2207031e-08	-0.00024393311	-1.6276042e-08	-0.00012845053	0.16230927	-0.06983751	19.899866	-9.678677	0	0	1.0	1.4269855	0.0017380461	3480000	9283.452471256256
116	19.323769	2.7157362	25.598303	14.433448	72.73333	33.84665	167.0	21.0	1000.0	294990.0	0.08404273504273505	1.9102932	0.43417695	2.9481432	-0.053320043	7.0127053	5.2409563	39.19058	-3.277675	4.0690105e-09	-0.00018104249	1.6276042e-08	-0.0018007325	0.16953884	-0.07146628	21.663345	-10.550954	0	0	1.0	1.4277132	0.0012421277	3510000	9340.048838615417
117	18.779163	2.2463405	24.310793	15.119519	71.5	34.046783	168.0	8.0	1000.0	297135.0	0.0839364406779661	1.9979662	0.48309606	3.32766	0.27932754	7.6814976	5.3232746	37.902893	-3.6216297	2.0345052e-09	-0.00029015198	6.1035155e-09	0.00044883217	0.14122379	-0.056811437	20.854902	-11.092231	0	0	1.0	1.4284885	0.0018120713	3540000	9396.551283121109
118	19.07903	2.4255145	23.41708	13.97055	85.23333	36.461563	146.0	23.0	1000.0	299692.0	0.08394733893557423	1.9243758	0.4802369	3.403932	0.011821773	7.4686646	5.492716	36.965202	-4.2860985	-4.0690105e-09	-0.000801356	2.8483074e-08	0.0019587341	0.1528195	-0.069824584	26.071695	-13.578388	0	0	1.0	1.4292877	0.0037124017	3570000	9453.103331565857
119	19.385546	2.3047037	24.088678	14.937098	79.76667	26.481041	122.0	22.0	1000.0	302085.0	0.0839125	1.9960587	0.4816719	3.4611013	-0.09623228	8.499161	5.324369	43.298645	-3.757974	-4.0690105e-09	-0.00058376463	4.0690105e-09	-4.4083656e-05	0.14414498	-0.063229844	21.965647	-11.4222355	0	0	1.0	1.4300025	0.0009069809	3600000	9509.611521482468
120	18.963497	2.5234604	24.665928	13.533722	76.86667	33.80802	155.0	0.0	1000.0	304391.0	0.0838542699724518	1.9652727	0.47352695	3.3543186	0.09363585	8.215203	5.0788093	33.86979	-1.0077634	4.0690105e-09	-0.0006997803	2.4414062e-08	0.0010774658	0.15098223	-0.068774864	26.017044	-13.876781	0	0	1.0	1.4307237	0.0006372344	3630000	9565.735698223114
121	18.630161	1.4783998	21.522923	15.886312	69.433334	24.85918	131.0	35.0	1000.0	306474.0	0.08373606557377049	1.9632796	0.5123769	3.4632866	0.14461032	7.2522626	5.289594	33.86912	-2.9511771	1.0172526e-09	7.492167e-05	-2.8483074e-08	-0.00065720215	0.13175121	-0.055431917	18.898676	-9.654438	0	0	1.0	1.4317733	0.0030046161	3660000	9622.168871879578
122	19.391205	2.3767772	25.66755	15.156544	79.96667	24.889734	120.0	8.0	1000.0	308873.0	0.08370542005420054	1.9552315	0.44022954	3.2511256	0.13714688	7.6902533	5.068506	37.957657	-2.0629792	2.0345052e-09	-0.00052972615	2.0345052e-09	0.0006758321	0.13829607	-0.06277276	19.346867	-9.513476	0	0	1.0	1.4325626	0.0005006417	3690000	9678.333289861679
123	19.138857	2.961842	26.506222	13.583638	69.333336	29.612309	122.0	24.0	1000.0	310953.0	0.08358951612903226	1.9736903	0.4974037	3.5588126	0.00587814	7.604398	4.890866	31.473516	-2.155668	-1.6784668e-08	-0.0004993129	-4.0690104e-08	0.0005516235	0.16031614	-0.07652052	20.09768	-10.615502	0	0	1.0	1.4333875	0.0006664834	3720000	9734.702522277832
124	19.011187	2.4539175	23.790464	13.710168	88.23333	28.190641	150.0	31.0	1000.0	313600.0	0.08362666666666667	1.9930357	0.48506203	3.5058496	0.18818098	8.104709	5.493088	39.882866	-2.551893	-2.2888184e-08	-0.00080688985	-6.510417e-08	0.00085366616	0.1403319	-0.0679548	27.847937	-14.825708	0	0	1.0	1.4341011	0.001143611	3750000	9790.806061267853
125	20.181019	1.9553336	24.886063	17.196598	77.8	28.385914	148.0	31.0	1000.0	315934.0	0.08358042328042328	2.000059	0.44904962	3.3719997	0.07798905	8.848423	5.560764	36.80416	-1.9826069	-5.086263e-09	-0.00051025697	8.138021e-09	0.0013497721	0.15296957	-0.06927505	21.731958	-11.419536	0	0	1.0	1.4345496	0.0015146647	3780000	9847.168831586838
126	18.797052	1.5664433	22.415737	16.309067	85.46667	32.25909	168.0	26.0	1000.0	318498.0	0.08359527559055119	2.0346928	0.49178904	3.493015	0.14193936	8.458187	5.1480503	37.793076	-2.8605878	3.0517577e-09	-0.0005745636	2.8483074e-08	-9.505208e-06	0.14348094	-0.0724249	23.524553	-11.306237	0	0	1.0	1.4346874	0.0005111895	3810000	9903.42091870308
127	18.914371	2.4435291	25.41523	14.181296	71.1	33.634655	144.0	0.0	1000.0	320631.0	0.08349765625	1.9691042	0.49579018	4.078025	0.15421234	8.04774	5.012659	36.183605	-2.9658914	-7.6293943e-10	-0.00085644453	4.0690105e-09	0.0010113444	0.17582475	-0.080628574	22.324558	-12.003319	0	0	1.0	1.434845	0.0019993088	3840000	9960.303854227066
128	19.107944	2.0615776	24.599491	15.427462	78.166664	30.23914	176.0	30.0	1000.0	322976.0	0.083456330749354	1.9514749	0.48826164	3.2971187	-0.028818201	7.86518	5.326945	34.07693	-3.1486745	-1.0172526e-08	-0.0008926046	3.6621095e-08	-0.0012225424	0.15567444	-0.067418754	21.609707	-11.46042	0	0	1.0	1.4348955	0.0010206898	3870000	10017.202289581299
129	18.249905	1.945887	21.613369	13.461303	83.86667	34.13867	150.0	32.0	1000.0	325492.0	0.08345948717948717	1.9902112	0.48374277	3.371255	0.15998875	7.8651733	5.542009	33.489986	-4.0411777	1.0172526e-09	-0.00096923416	1.6276042e-08	0.0011240396	0.1414625	-0.05932512	24.882029	-13.1811905	0	0	1.0	1.4347879	0.002178592	3900000	10073.273251533508
130	19.546843	2.1163526	23.555508	15.030995	86.566666	36.92306	165.0	14.0	1000.0	328089.0	0.08348320610687023	1.9304408	0.4318082	2.8576252	0.1796833	8.62085	5.4746337	38.6101	-1.0630676	-6.1035155e-09	-0.00067671307	-3.2552084e-08	0.001051355	0.15928765	-0.07005962	21.406145	-11.507945	0	0	1.0	1.4344699	0.0018246248	3930000	10129.431829690933
131	19.083035	1.9872078	22.415363	15.971551	82.23333	35.66388	142.0	20.0	1000.0	330556.0	0.08347373737373738	1.9837409	0.45925862	3.8464005	0.28589043	8.712473	5.490814	35.96542	-4.1350403	-1.7293294e-08	-0.00065848185	2.6448568e-08	-0.0010324239	0.1625236	-0.075512916	24.29157	-12.550966	0	0	1.0	1.4341648	0.0019310862	3960000	10186.687279462814
132	19.187046	2.3136313	22.683743	14.129495	73.53333	31.843088	151.0	24.0	1000.0	332762.0	0.08339899749373433	1.9815985	0.47402933	3.7525363	0.23785204	7.7747126	5.37571	35.298363	-2.73811	8.138021e-09	-0.0004930054	2.4414062e-08	0.00015904133	0.14483552	-0.06637897	21.789017	-12.575264	0	0	1.0	1.4338022	0.00071957754	3990000	10243.920201539993
133	19.256542	2.0581918	24.681374	13.334226	80.333336	27.493431	150.0	39.0	1000.0	335172.0	0.08337611940298507	1.974314	0.46218628	3.2515428	0.20742509	7.744299	5.5069885	41.144054	-2.8033226	-2.0345052e-09	-0.0007399597	-4.2724608e-08	0.00028145753	0.14503808	-0.061096825	21.973671	-11.75772	0	0	1.0	1.4333551	0.001516463	4020000	10300.499628782272
134	18.762074	1.8948673	22.863764	14.836929	74.666664	32.807858	131.0	29.0	1000.0	337412.0	0.08331160493827161	1.9952996	0.4755574	3.1938655	0.20569994	8.0182705	5.1541553	32.16027	-3.098027	2.6957194e-08	-0.00062751415	-1.0172526e-08	0.00016428833	0.13557254	-0.0682731	20.869104	-11.109609	0	0	1.0	1.432978	0.0017140447	4050000	10357.128374814987
135	19.038267	2.560284	23.862862	15.26462	85.53333	30.951288	150.0	39.0	1000.0	339978.0	0.08332794117647059	1.9466504	0.4760016	3.3996766	-0.13593869	8.323511	5.5282755	39.05364	-3.474544	6.1035155e-09	-0.00059877726	-4.0690105e-09	0.00037489829	0.16820753	-0.0890413	24.029734	-12.265464	0	0	1.0	1.4327345	0.0007941739	4080000	10413.827785015106
136	19.682287	2.352937	24.479774	15.259661	68.36667	30.555395	131.0	0.0	1000.0	342029.0	0.08321873479318735	1.986664	0.47329983	3.4893801	-0.18006833	7.854815	5.0011535	36.032032	-3.957532	1.0172526e-09	-0.0005547627	-3.2552084e-08	0.00050501706	0.16689041	-0.07970657	21.335129	-12.196899	0	0	1.0	1.4326258	0.0009168154	4110000	10474.638290405273
137	18.534092	2.5792263	24.154991	11.135318	83.0	25.884357	147.0	27.0	1000.0	344519.0	0.08321714975845411	2.006577	0.49509558	3.6137066	-0.24402475	7.743525	5.2853246	36.757057	-5.2186174	-4.577637e-09	-0.0010309382	5.6966147e-08	0.0008314046	0.18781167	-0.10604633	25.61247	-13.732602	0	0	1.0	1.4323447	0.002745366	4140000	10536.9352145195
138	20.166151	1.9542273	25.419437	16.468706	78.333336	28.675581	165.0	32.0	1000.0	346869.0	0.08318201438848921	1.985628	0.47888568	3.7020085	-0.388524	8.214974	5.0906687	46.541885	-2.6619148	-8.138021e-09	-0.007325293	-8.138021e-09	0.00036672363	0.18481416	-0.115637675	21.691624	-10.998793	0	0	79.0	1.4320872	0.004591634	4170000	10609.670439958572
139	19.144512	2.022129	23.404713	15.1570635	84.4	27.578493	153.0	42.0	1000.0	349401.0	0.08319071428571428	2.003894	0.47339022	3.5092669	-0.027264912	8.384137	5.485034	40.677086	-3.1399808	-1.7293294e-08	-0.007530125	-5.5948894e-09	0.0007934977	0.13987395	-0.061447896	19.127295	-8.704889	0	0	79.0	1.414926	0.0052106064	4200000	10682.926277637482
140	19.54852	1.4721082	21.966833	16.400335	76.333336	22.565952	132.0	30.0	1000.0	351691.0	0.08314208037825059	1.9986662	0.4512689	3.2337112	0.22323447	8.602282	5.1679068	35.482483	-5.496212	1.0172526e-08	-0.007729366	2.5431316e-08	0.0022075898	0.12255844	-0.05882343	19.25257	-10.1395445	0	0	79.0	1.3939127	0.0054056332	4230000	10755.501583576202
141	19.618248	2.7748485	27.517252	15.513504	87.3	37.234528	164.0	16.0	1000.0	354310.0	0.08317136150234741	1.996444	0.44418177	2.9141474	0.21222427	8.592381	5.304703	37.687847	-6.173483	7.1207684e-09	-0.007692131	1.2207031e-08	-0.0008812175	0.15541892	-0.07569303	25.367567	-12.993167	0	0	79.0	1.392971	0.005599481	4260000	10828.117716550827
142	19.665586	1.8307786	22.932003	14.807933	76.4	26.083965	145.0	13.0	1000.0	356602.0	0.08312400932400932	2.0323794	0.47371435	3.920663	0.33665153	8.630911	5.621855	36.19831	-3.1525013	-3.0517577e-09	-0.0075455983	-6.1035155e-09	-0.0012257141	0.13784638	-0.0648184	21.261517	-11.150338	0	0	79.0	1.3606638	0.005270501	4290000	10901.036993265152
143	19.541773	2.183814	24.524591	15.662402	75.5	34.31788	172.0	8.0	1000.0	358867.0	0.08307106481481481	2.0337048	0.479146	3.6679785	0.055118397	7.9270673	5.205625	35.277687	-5.0586557	-4.0690105e-09	-0.00860421	-4.0690105e-09	-0.0019741415	0.16062967	-0.08327219	21.505991	-10.844989	0	0	79.0	1.3407754	0.0058490844	4320000	10973.335436820984
144	20.021515	2.0393407	24.696339	16.219448	78.26667	33.535984	143.0	13.0	1000.0	361215.0	0.08303793103448276	2.0320365	0.46198326	3.9895496	0.14560644	7.9390264	5.469853	38.925808	-6.2572308	3.5603842e-09	-0.00025819853	-2.4414062e-08	0.0017947021	0.12936513	-0.063700534	20.696644	-10.558602	0	0	5.0	1.3245506	0.004179882	4350000	11036.093665361404
145	19.25588	2.126597	24.690437	15.3114	73.73333	26.671999	140.0	17.0	1000.0	363427.0	0.08297420091324201	2.0433052	0.46346933	3.3937163	0.28307262	8.07218	5.3966103	39.270336	-3.276045	2.0345052e-09	0.0032215957	-3.2552084e-08	-0.0011717773	0.13173944	-0.06571718	20.992218	-10.101717	0	0	1.0	1.3226	0.010666561	4380000	11095.224169254303
146	19.358248	2.2656856	24.718828	14.603394	73.8	31.878311	174.0	14.0	1000.0	365641.0	0.08291179138321995	1.9560657	0.46351787	3.434546	0.14505625	7.4884734	4.962428	35.347366	-2.5384657	-5.5948894e-09	0.003227607	3.6621095e-08	0.003019979	0.16605185	-0.09195064	22.337812	-10.792223	0	0	1.0	1.3214775	0.010188041	4410000	11151.932054042816
147	20.373564	2.0525732	25.743439	16.109863	76.433334	30.198988	141.0	20.0	1000.0	367934.0	0.08286801801801802	2.0244284	0.45737445	3.723062	-0.22036688	8.090242	5.533445	38.250126	-2.2871323	8.646647e-09	0.00065562205	0.0	0.0018409708	0.16569641	-0.0855703	25.59074	-12.775324	0	0	1.0	1.3204453	0.0044172606	4440000	11211.639549255371
148	20.427294	1.9362457	25.892286	17.017693	78.6	39.81926	176.0	10.0	1000.0	370292.0	0.08283937360178971	2.0831676	0.4639758	3.8393538	0.1084938	7.7267356	5.4525104	36.412262	-4.147549	6.1035155e-09	-0.00020910644	6.1035155e-09	0.0005206136	0.13881756	-0.06616702	22.188078	-11.069877	0	0	1.0	1.3197937	0.0026759573	4470000	11271.65968799591
149	19.655052	2.4086077	24.451044	15.066528	69.833336	29.790474	136.0	10.0	1000.0	372387.0	0.08275266666666667	2.0844736	0.4784296	4.6783385	0.04372653	7.7093167	5.324743	34.235546	-3.2963083	5.086263e-10	-0.0007139521	1.0172526e-09	-0.0017051952	0.15301442	-0.079764016	19.498842	-10.242065	0	0	1.0	1.319211	0.0019828607	4500000	11331.64889717102
150	19.683338	2.3155892	24.766018	15.599131	74.73333	33.77566	184.0	27.0	1000.0	374629.0	0.08269955849889625	2.023284	0.45458388	3.2976902	0.34187505	7.547205	4.988554	36.50716	-5.3932085	-1.4241537e-08	-0.0005668955	-4.0690105e-09	0.0023869546	0.14054103	-0.071403675	26.174906	-12.6206	0	0	1.0	1.3190409	0.00127264	4530000	11391.627918243408
151	19.740534	2.0827067	24.008966	14.843442	75.76667	34.59738	170.0	20.0	1000.0	376902.0	0.08265394736842105	2.0250573	0.4599719	3.4973276	0.019979704	7.9841657	5.1708903	39.421406	-2.8616834	-1.0172526e-08	-0.0005587097	1.6276042e-08	-0.00267382	0.12959504	-0.062429786	25.456526	-12.98404	0	0	1.0	1.3194289	0.0031168032	4560000	11451.764779806137
152	19.416094	1.7783381	22.73607	15.897491	76.6	28.694483	132.0	15.0	1000.0	379200.0	0.08261437908496733	2.037551	0.45099828	3.2193534	0.46455163	7.657211	5.104785	40.045475	-2.5643356	1.2207031e-08	-0.0010916443	5.086263e-10	0.00067544554	0.13466959	-0.06200219	20.511736	-10.510238	0	0	1.0	1.3198808	0.0028480466	4590000	11511.602889299393
153	20.261799	2.4208758	25.109346	14.462845	83.86667	26.9935	130.0	35.0	1000.0	381716.0	0.08262251082251082	2.0436497	0.43388423	3.340753	0.20141703	8.140573	5.1586485	33.56599	-2.9678907	4.0690105e-09	-0.0010583089	-3.6621095e-08	-0.0031033102	0.1408892	-0.074031495	22.74467	-11.342044	0	0	1.0	1.3203528	0.00557724	4620000	11572.141776800156
154	19.418306	2.1966596	23.52063	13.629497	72.76667	34.62146	149.0	12.0	1000.0	383899.0	0.0825589247311828	2.0270398	0.48482114	3.9782796	0.0015557613	8.008234	5.16597	36.288536	-3.1672883	-5.086263e-09	-0.00036660055	-4.4759116e-08	0.00017854411	0.1405031	-0.076892026	18.67176	-9.050516	0	0	1.0	1.3206458	0.0010367841	4650000	11632.784680604935
155	19.56995	1.5558108	22.856009	16.57728	68.833336	28.959837	140.0	0.0	1000.0	385964.0	0.08247094017094017	2.0183342	0.44321212	3.4152627	0.08252956	7.6678834	5.0339518	36.012157	-2.7387521	-4.0690105e-09	-0.00038626912	1.2207031e-08	-0.0009897909	0.13170516	-0.061229505	18.030872	-8.442748	0	0	1.0	1.3209041	0.0057288166	4680000	11692.840764522552
156	19.466116	2.352137	24.815437	13.47748	76.0	34.145767	171.0	23.0	1000.0	388244.0	0.08242972399150743	1.9885075	0.43809095	3.1076286	-0.07727583	7.1917276	4.795478	34.85788	-2.7149892	-1.2207031e-08	-0.000564417	-4.0690105e-09	0.0008417114	0.12368216	-0.06106665	23.814129	-12.243813	0	0	1.0	1.3213642	0.0014085004	4710000	11752.92697262764
157	20.95027	2.4640386	25.108656	15.3949795	83.76667	28.773464	138.0	15.0	1000.0	390757.0	0.08243818565400844	2.0586464	0.4275585	3.2913005	0.26536465	8.10382	5.665886	33.618755	-6.0100346	4.0690105e-09	0.0011371663	1.3224284e-08	-0.0019608897	0.14252952	-0.058050543	20.548176	-9.098964	0	0	1.0	1.3218389	0.007972794	4740000	11811.107413291931
158	20.57917	2.4094	27.343378	16.312227	71.166664	31.478125	140.0	19.0	1000.0	392892.0	0.08236729559748428	2.0833006	0.4640976	3.7974448	0.37539953	7.6015153	5.080277	32.846497	-3.0438123	-1.7293294e-08	-0.0005051656	-1.2207031e-08	-0.00015075684	0.14661072	-0.06527959	21.550512	-10.267865	0	0	1.0	1.322474	0.002479477	4770000	11868.139149904251
159	20.46247	2.199213	26.996643	15.900515	77.46667	37.80629	176.0	9.0	1000.0	395216.0	0.08233666666666667	2.1263292	0.4502592	3.4900334	0.19921695	7.6658497	5.140378	32.214516	-3.9948444	4.577637e-09	-0.00038838043	-8.951823e-08	-8.7394204e-05	0.13352951	-0.061671555	22.591427	-10.855017	0	0	1.0	1.3232713	0.0020150645	4800000	11924.564317941666
160	20.044966	1.8969985	23.096243	16.724293	70.066666	31.237724	149.0	16.0	1000.0	397318.0	0.08226045548654244	2.0788476	0.46209237	4.0878983	0.18603887	7.7292457	5.24121	32.88699	-3.9343028	3.1789144e-11	-0.0006076123	8.138021e-09	-0.00076365157	0.14300784	-0.06446798	20.099638	-9.944485	0	0	1.0	1.3240936	0.0026814032	4830000	11980.563705444336
161	19.879232	2.0120206	24.067179	15.53032	74.23333	31.228922	145.0	7.0	1000.0	399545.0	0.08221090534979424	2.0685208	0.46321952	3.7264874	0.079121165	7.3433595	5.349847	41.38225	-1.7661754	-1.1189779e-08	-0.0007053436	4.0690105e-09	0.0010023845	0.1306567	-0.06389747	20.45375	-9.065472	0	0	1.0	1.3247325	0.0020101755	4860000	12037.617052316666
162	20.586407	1.6366202	23.930456	16.998959	69.566666	33.6439	174.0	10.0	1000.0	401632.0	0.08213333333333334	2.0612748	0.44381648	3.9817195	0.23531549	7.3774858	4.985748	35.017212	-2.0856998	7.1207684e-09	-0.0009249298	1.2207031e-08	0.00016645712	0.12698025	-0.060730472	20.960846	-9.886713	0	0	1.0	1.3255062	0.0020430062	4890000	12094.36869096756
163	20.48151	2.3867824	26.211422	15.714256	70.03333	32.686882	142.0	22.0	1000.0	403733.0	0.08205955284552846	2.097071	0.44577283	4.058022	0.6096422	7.657432	5.478793	39.498463	-2.8464804	4.0690105e-09	-0.0005852753	0.0	0.0017135986	0.15221335	-0.07294877	21.5325	-10.359843	0	0	1.0	1.3265083	0.0024005515	4920000	12150.660027742386
164	20.710903	2.174489	25.541506	16.023746	82.1	30.402136	145.0	35.0	1000.0	406196.0	0.08205979797979798	2.1254647	0.444596	3.497727	0.3962024	7.3549395	5.4025965	39.267036	-4.949813	-8.138021e-09	-5.1556395e-05	-5.6966147e-08	0.00017041016	0.12636735	-0.06021677	24.613525	-12.434454	0	0	1.0	1.3275588	0.002816515	4950000	12207.886335372925
165	19.756601	1.6708789	23.595604	17.111137	79.2	29.208902	162.0	24.0	1000.0	408572.0	0.0820425702811245	2.0941381	0.45814186	3.4107203	0.29066086	8.5051365	5.452212	44.6609	-1.2917471	-3.0517577e-09	-0.00054600835	-3.2552084e-08	-0.00030847982	0.12591389	-0.070214026	23.176167	-12.077155	0	0	1.0	1.3284049	0.00032894345	4980000	12265.411856412888
166	19.948761	1.4888653	23.894247	16.867006	73.36667	30.224146	142.0	15.0	1000.0	410773.0	0.08199061876247506	2.0237505	0.42985982	3.2468665	0.38198978	7.5482073	4.8895216	30.588488	-4.259931	-1.0172526e-08	-0.0016106395	-1.93278e-08	-0.0006770742	0.12745658	-0.06428566	19.843113	-10.331103	0	0	1.0	1.3291752	0.0036335124	5010000	12322.371945381165
167	20.690542	1.977619	25.380009	16.930096	71.63333	26.72762	119.0	17.0	1000.0	412922.0	0.08192896825396825	2.0805395	0.4231163	3.2704902	0.14131495	7.5829105	5.0782094	39.064163	-5.9328904	-6.357829e-09	-0.0007196444	8.138021e-09	-0.00040316163	0.12753801	-0.06180781	21.174862	-10.187163	0	0	1.0	1.3298987	0.001072574	5040000	12379.290687799454
168	19.891544	1.736651	23.378805	16.531086	65.63333	30.184414	137.0	12.0	1000.0	414891.0	0.08183254437869822	2.0780654	0.45385194	3.7026806	0.24252382	7.18193	4.996015	34.014652	-3.1347408	4.577637e-09	-0.00056063593	-4.0690104e-08	0.0005073731	0.1317715	-0.059390776	20.091412	-9.895964	0	0	1.0	1.3305997	0.0013431662	5070000	12435.766608476639
169	20.24944	2.320732	24.518505	15.006078	69.9	25.47986	122.0	22.0	1000.0	416988.0	0.08176235294117647	2.0785155	0.41324157	3.3115466	0.4297488	7.3738217	4.946227	34.758556	-5.473579	-4.0690105e-09	-0.0008583333	2.0345052e-09	-0.0006621867	0.14263336	-0.0664263	20.61508	-9.79202	0	0	1.0	1.3312788	0.0018241376	5100000	12492.071672201157
170	20.247204	2.881462	27.160837	8.191645	80.2	35.14579	155.0	15.0	1000.0	419394.0	0.08175321637426901	2.0772972	0.4387896	3.3029048	0.25837323	7.35068	4.958741	32.988342	-2.1193595	-8.138021e-09	-0.0007353373	-6.510417e-08	0.00021180013	0.14570853	-0.083706506	28.93598	-14.444325	0	0	1.0	1.3318716	0.001059675	5130000	12548.348566532135
171	20.718685	2.0348468	25.72405	17.068827	80.13333	37.12208	228.0	12.0	1000.0	421798.0	0.08174379844961241	2.1039002	0.41181454	3.4003153	-0.23880139	8.123266	5.554964	36.350624	-3.7533464	-2.5431315e-09	-0.00088631234	1.0172526e-08	-0.0012713735	0.117712684	-0.05257351	23.007421	-11.281242	0	0	1.0	1.3323357	0.0030341872	5160000	12605.119521856308
172	20.95518	2.2188265	25.425652	17.061428	63.666668	26.566061	112.0	0.0	1000.0	423708.0	0.0816393063583815	2.105003	0.42320463	3.2502215	0.16895115	7.6031375	4.879932	34.38752	-5.817025	0.0	-0.0009239563	1.2207031e-08	0.00017710164	0.12654278	-0.0640582	21.16917	-10.467038	0	0	1.0	1.3323679	0.0008206646	5190000	12661.293350219727
173	20.129856	1.7585907	25.345148	16.846092	63.866665	32.494854	139.0	0.0	1000.0	425624.0	0.08153716475095786	2.1086106	0.42391524	3.6540923	-0.058347445	6.8953776	4.7561383	32.73467	-3.459273	-2.2379558e-08	-0.000713381	-3.4586588e-08	7.9361984e-05	0.10800274	-0.052069277	18.432941	-9.223359	0	0	1.0	1.3322324	0.0012848251	5220000	12717.663271188736
174	20.486372	1.6820806	24.393972	16.466408	64.73333	32.951412	141.0	20.0	1000.0	427566.0	0.08144114285714285	2.0519147	0.41028637	3.4636784	0.1360747	6.4559774	4.83023	36.095764	-5.916155	6.1035155e-09	-0.00047374828	8.138021e-09	-0.00079504395	0.12538606	-0.053778715	26.72344	-12.564845	0	0	1.0	1.3317738	0.00078588206	5250000	12773.816454410553
175	20.936903	1.450786	23.429935	18.433464	77.5	44.910095	208.0	0.0	1000.0	429891.0	0.08141875	2.1263587	0.39061692	3.7908928	0.404566	7.4112554	5.211353	30.719038	-4.023743	-2.5431315e-09	-0.0011435468	3.051758e-08	0.00025256144	0.10245206	-0.04226299	28.361755	-14.106439	0	0	1.0	1.3311176	0.0010601416	5280000	12830.554693222046
176	21.22712	1.6696758	25.09386	17.42443	58.633335	29.35925	111.0	0.0	1000.0	431650.0	0.08129001883239172	2.1524448	0.41056475	3.242968	0.40963638	7.348384	5.242805	34.640785	-3.9039905	-7.1207684e-09	-0.00080171105	-2.6448568e-08	6.7856854e-05	0.11516271	-0.04557983	19.403166	-10.149593	0	0	1.0	1.3303263	0.0008258698	5310000	12886.72095823288
177	20.355448	1.9698073	24.287506	17.369646	71.066666	33.03224	157.0	23.0	1000.0	433782.0	0.08123258426966293	2.1461623	0.41183874	3.328873	0.47556713	6.5295024	4.9061193	33.735577	-5.7008862	6.1035155e-09	-0.00075521035	-2.4414062e-08	-0.0006516683	0.09247622	-0.039643176	19.220146	-9.113811	0	0	1.0	1.3292742	0.0016040173	5340000	12943.379938602448
178	21.441154	1.7682463	25.043268	18.257023	64.53333	30.231035	116.0	5.0	1000.0	435718.0	0.08113929236499069	2.1129413	0.38742664	4.2656736	0.41728303	6.869898	5.0868425	32.445843	-2.743635	2.4414062e-08	-0.0006342356	-1.93278e-08	-0.00040125937	0.10698804	-0.04615928	16.010939	-7.0016384	0	0	1.0	1.328227	0.00046171437	5370000	12999.458237886429
179	21.33346	2.1771274	28.020903	18.507242	64.13333	35.83363	147.0	0.0	1000.0	437642.0	0.08104481481481482	2.163501	0.39476588	3.6843114	0.5520887	6.57138	4.867249	34.153748	-5.7296734	4.0690105e-09	-0.0076744193	-4.0690105e-09	0.0006044637	0.098852396	-0.03833639	20.855116	-9.571363	0	0	79.0	1.3273349	0.0054030903	5400000	13064.423903226852
180	21.95661	1.7856511	24.971188	17.7936	72.833336	30.77454	129.0	4.0	1000.0	439827.0	0.08099944751381215	2.195688	0.41665176	4.0307193	0.6204662	7.244007	5.387929	45.142853	-2.084846	5.086263e-09	-0.008683997	1.6276042e-08	-0.0016329549	0.12807557	-0.05664318	24.697012	-10.87986	0	0	79.0	1.305938	0.006354122	5430000	13129.16952753067
181	21.755093	1.3134693	24.634312	19.029604	63.266666	36.92599	156.0	0.0	1000.0	441725.0	0.08090201465201466	2.2148025	0.40994617	3.5917692	0.027355362	6.5584674	4.822732	33.30164	-3.696743	1.1189779e-08	-0.008153792	4.0690104e-08	0.0020849202	0.114346206	-0.05131822	23.002138	-10.74938	0	0	79.0	1.2870587	0.0052786586	5460000	13194.057896375656
182	20.806158	1.2417872	22.846573	17.345226	57.6	38.272358	154.0	0.0	1000.0	443453.0	0.08077468123861567	2.2080927	0.41635022	3.660586	0.18499734	7.028324	4.965217	35.453304	-3.2563725	1.2969971e-08	-0.008082408	2.4414062e-08	0.0018091166	0.098924085	-0.045682315	20.708834	-9.648793	0	0	79.0	1.2607596	0.005650726	5490000	13258.89526963234
183	21.566015	1.8377092	26.262573	17.530365	62.066666	31.09548	145.0	20.0	1000.0	445315.0	0.08067300724637681	2.1318085	0.37245202	3.03906	0.5792519	5.8443384	4.9336295	32.61208	-4.7735662	4.0690105e-09	-0.006665038	4.0690105e-09	0.0010207031	0.11586797	-0.05368326	21.162037	-9.867591	0	0	62.0	1.2522652	0.0047120117	5520000	13321.98959183693
184	21.368425	1.4322951	25.238184	18.549818	64.46667	29.74417	122.0	0.0	1000.0	447249.0	0.0805854054054054	2.1924572	0.40697232	3.5682654	0.6933143	6.394091	4.728363	35.527924	-2.1118717	-4.0690105e-09	-0.00854649	-1.2207031e-08	-0.0006487284	0.093234725	-0.04102679	20.037062	-8.795981	0	0	79.0	1.2308662	0.0058961255	5550000	13386.42751789093
185	21.631685	1.5520793	24.507439	18.383041	59.933334	28.779547	119.0	11.0	1000.0	449047.0	0.08047437275985662	2.1897583	0.38955456	3.5303934	0.6106924	5.9496746	4.5087132	30.53754	-4.0303173	-6.1035155e-09	0.005820178	4.4759116e-08	0.0008854736	0.10433281	-0.045758396	19.39257	-8.592802	0	0	6.0	1.2051797	0.012842363	5580000	13442.827947616577
186	21.235456	1.654573	24.499985	18.288761	54.633335	36.517105	147.0	0.0	1000.0	450686.0	0.0803361853832442	2.1833959	0.37950602	3.5126607	0.2416053	5.9109626	4.462715	30.155233	-3.645524	-2.0345052e-09	0.0048287576	1.6276042e-08	-0.0016215821	0.098416395	-0.042999957	21.677237	-9.579918	0	0	1.0	1.2029833	0.012346989	5610000	13498.698940992355
187	21.44175	1.878027	25.452175	18.638885	67.833336	29.588377	124.0	23.0	1000.0	452721.0	0.08026968085106383	2.1925473	0.4122399	3.455082	0.5536082	6.5548534	5.4730945	35.853428	-3.0113778	-1.2207031e-08	-0.0006286458	-8.138021e-09	0.0020962525	0.10957749	-0.053646646	21.811316	-9.822191	0	0	1.0	1.2019	0.0037512502	5640000	13554.927933454514
188	22.256676	2.0080998	26.89705	19.10848	54.966667	24.093544	108.0	14.0	1000.0	454370.0	0.0801358024691358	2.2043226	0.37902153	3.5327773	0.57316834	6.455482	4.579974	33.020535	-6.2664313	-1.0172526e-08	0.0006709554	-2.8483074e-08	0.00029070437	0.110111356	-0.050935674	18.094154	-8.338417	0	0	1.0	1.2014658	0.004438128	5670000	13610.588452577591
189	21.976189	2.5433326	26.665886	11.501445	69.46667	35.71716	136.0	12.0	1000.0	456454.0	0.08007964912280702	2.245329	0.4129796	3.6358473	0.36799696	6.1105804	4.680599	35.779854	-2.9699109	2.0345052e-09	-0.0005669495	-1.2207031e-08	-0.00016550293	0.14326845	-0.08155055	21.464626	-9.413495	0	0	1.0	1.2015113	0.0035344032	5700000	13666.594576835632
190	21.95379	1.2587703	24.340496	19.30593	65.23333	31.037271	135.0	0.0	1000.0	458411.0	0.0800019197207679	2.242562	0.40728465	3.571763	-0.8575174	6.9365215	4.9250107	33.064163	-3.4744015	-8.138021e-09	-0.00064016314	-4.5776368e-08	0.0010868296	0.102713004	-0.05334507	24.345856	-11.36305	0	0	1.0	1.2015481	0.0026323798	5730000	13722.756717920303
191	22.46631	2.3400242	27.258253	18.20482	65.46667	29.24008	124.0	11.0	1000.0	460375.0	0.07992621527777778	2.2411988	0.37418136	3.6169934	-0.03426216	7.065887	4.574292	34.530243	-2.6095006	-2.0345052e-09	-0.00079349364	-1.0172526e-09	0.0013699473	0.1187023	-0.048180804	21.612787	-9.855603	0	0	1.0	1.2018175	0.0019728336	5760000	13778.868213176727
192	21.823933	1.7700902	25.518997	18.377924	49.433334	32.122353	124.0	0.0	1000.0	461858.0	0.07976822107081175	2.3061354	0.41439298	3.823122	0.810802	5.8323193	4.0812464	36.857525	-3.799806	-1.2207031e-08	0.0018637147	-1.6276042e-08	-0.0032356058	0.10584181	-0.056575514	21.829987	-9.235841	0	0	1.0	1.2022238	0.010976037	5790000	13834.651953220367
193	22.42162	1.5116272	26.316889	19.118664	44.7	34.222946	126.0	0.0	1000.0	463199.0	0.07958745704467354	2.2120895	0.38564706	3.518444	0.8144692	4.8801217	4.1636467	34.33967	-5.5664263	-1.0172526e-08	-0.0005451426	-1.6276042e-08	0.0003705261	0.10609977	-0.043425046	16.80755	-6.950639	0	0	1.0	1.2026768	0.0020437597	5820000	13890.669686794281
194	22.529125	1.6586413	25.995522	19.484964	69.96667	37.545956	186.0	0.0	1000.0	465298.0	0.07953811965811966	2.2961907	0.37789983	3.4884236	0.84622544	5.822637	4.686834	32.5036	-2.8567915	-4.0690105e-09	-0.0007041392	6.1035155e-09	-0.0010536844	0.09983329	-0.041985225	27.835928	-13.183886	0	0	1.0	1.2031083	0.00435714	5850000	13946.70234966278
195	22.374176	1.7689984	26.613544	19.379517	55.166668	29.435898	112.0	6.0	1000.0	466953.0	0.07941377551020408	2.2798216	0.3843798	3.6851113	0.67822987	6.634356	4.6748457	42.96395	-2.6869571	-2.0345052e-09	-0.0005710022	-2.0345052e-08	0.00094965415	0.090652205	-0.039352596	21.931147	-10.9239025	0	0	1.0	1.2034225	0.002110817	5880000	14002.184620857239
196	22.109684	1.2929976	24.714827	19.439081	60.3	30.45341	120.0	0.0	1000.0	468762.0	0.07931675126903553	2.2680712	0.3952783	3.6987298	0.8325348	6.048285	4.5699644	30.838703	-2.6368682	-4.0690105e-09	0.00025281272	4.0690104e-08	-0.00048234864	0.09389272	-0.04165305	21.376265	-9.363763	0	0	1.0	1.2038622	0.007089862	5910000	14058.077300548553
197	22.406822	1.6439538	28.335842	19.853693	54.0	31.214314	131.0	0.0	1000.0	470382.0	0.07918888888888889	2.2504141	0.37106055	3.353565	0.7027937	5.6808333	4.455339	31.406485	-4.697549	8.138021e-09	0.00010680135	0.0	-0.00081325683	0.10767824	-0.04880829	18.112013	-7.4681635	0	0	1.0	1.2042305	0.0073182983	5940000	14113.97900724411
198	22.281145	1.0102724	24.633816	20.389431	59.166668	34.490658	131.0	13.0	1000.0	472157.0	0.07908827470686768	2.2861698	0.37870488	4.1186175	0.6646672	5.852173	4.478555	33.758125	-9.690913	-4.83195e-09	0.0008724703	-3.051758e-08	-0.0017911438	0.07903877	-0.03427267	23.395779	-9.0981	0	0	1.0	1.2048726	0.004665878	5970000	14169.715604066849
199	22.139822	1.6821016	26.331533	19.122526	59.3	26.91858	126.0	13.0	1000.0	473936.0	0.07898933333333333	2.2562213	0.36775368	3.286635	0.8656898	5.993927	4.660756	33.32792	-3.1417751	-1.6276042e-08	-0.00068917644	2.8483074e-08	0.00032853597	0.08110668	-0.035114743	21.767458	-8.833281	0	0	1.0	1.2056727	0.0026905031	6000000	14225.67785358429
200	22.176199	1.2275125	25.359468	20.081285	60.033333	36.72645	126.0	0.0	1000.0	475737.0	0.07889502487562189	2.2765927	0.36797553	3.480915	0.82008046	6.1200786	4.165645	27.642347	-1.7989633	6.1035155e-09	-0.0011154744	-1.2207031e-08	0.00034038493	0.08365791	-0.036232386	22.592236	-9.684187	0	0	1.0	1.2064687	0.0024797926	6030000	14281.269317150116
201	22.122068	1.7714008	26.774855	19.150389	50.033333	31.30653	107.0	0.0	1000.0	477238.0	0.07875214521452145	2.2427833	0.35662258	3.6973588	0.9387223	5.9838486	4.539584	32.84091	-3.0379422	8.138021e-09	-0.0004918152	3.2552084e-08	-0.00081972656	0.09035325	-0.039792646	21.055988	-9.86969	0	0	1.0	1.2074809	0.0010941717	6060000	14337.379251718521
202	22.850761	1.7365662	26.489717	19.543615	48.733334	31.81083	107.0	0.0	1000.0	478700.0	0.07860426929392447	2.271629	0.37795067	4.0277033	0.8205624	5.12055	4.093157	31.249805	-3.345399	4.0690105e-09	-0.00034811403	-1.3224284e-08	-0.00025325012	0.09383135	-0.039013553	20.45206	-8.309756	0	0	1.0	1.2084332	0.0007826481	6090000	14393.726557970047
203	21.949085	1.431038	26.374771	19.49566	67.76667	36.578392	165.0	0.0	1000.0	480733.0	0.07855114379084967	2.2886934	0.37435243	3.514105	0.94901514	5.5494924	4.395675	32.362972	-3.6110115	-2.0345052e-09	-6.0109455e-06	4.0690105e-09	0.00028441264	0.071878225	-0.02986158	29.873356	-13.910427	0	0	1.0	1.2093158	0.0036427337	6120000	14449.866151332855
204	23.024275	1.5900512	26.14419	19.786293	45.533333	30.42448	136.0	0.0	1000.0	482099.0	0.07839008130081301	2.270302	0.3565943	3.567532	0.8626324	6.0140486	4.367872	35.37826	-3.8488555	-3.0517577e-09	-0.0004163045	1.6276042e-08	-0.00013329671	0.10446504	-0.046950772	22.530191	-11.784788	0	0	1.0	1.2099118	0.0006126625	6150000	14505.485291957855
205	22.163713	1.3040285	25.533821	19.403961	56.8	30.474468	115.0	0.0	1000.0	483803.0	0.07828527508090614	2.3280265	0.3831476	3.7082255	0.6775703	5.297033	4.4782195	31.089804	-3.1118155	8.138021e-09	-0.00025830689	6.1035155e-09	0.00012565308	0.07666321	-0.037829723	24.575047	-11.009786	0	0	1.0	1.2103724	0.001155277	6180000	14561.498326539993
206	22.674522	1.4458282	25.497885	19.268057	57.666668	32.272106	119.0	0.0	1000.0	485533.0	0.07818566827697263	2.2659051	0.35003176	3.594133	0.509833	6.157797	4.5344033	28.563461	-6.388	5.086263e-09	-0.00073030597	4.8828124e-08	-0.00020800781	0.092323795	-0.031860877	22.050999	-10.182109	0	0	1.0	1.2108333	0.0013587417	6210000	14617.537450551987
207	22.447693	1.4705575	25.196032	19.627588	55.9	40.686077	154.0	0.0	1000.0	487210.0	0.07807852564102565	2.298292	0.37947065	3.5206535	0.38388866	5.5388136	4.374675	34.42907	-3.8612115	4.0690105e-09	-0.0003999288	-3.2552084e-08	-0.0006815104	0.082276545	-0.029747061	24.422937	-11.049954	0	0	1.0	1.2111294	0.00053439377	6240000	14673.906307935715
208	21.883959	1.543571	24.279156	16.058271	53.7	33.756138	162.0	0.0	1000.0	488821.0	0.07796188197767145	2.2738917	0.3822592	3.64796	0.78644764	6.339373	5.001975	34.686703	-3.6293044	1.0172526e-08	-0.0008288635	-3.3569336e-08	0.00039051208	0.08482295	-0.038823638	26.462263	-13.295329	0	0	1.0	1.2114769	0.0010980853	6270000	14729.858736515045
209	22.441608	1.2495344	26.895744	20.232101	64.96667	36.007854	138.0	0.0	1000.0	490770.0	0.0779	2.248897	0.35029447	3.4625826	0.043421134	5.6570406	4.708822	33.942135	-4.737844	-1.0172526e-09	-0.00069402164	1.2207031e-08	0.0014091064	0.07386015	-0.025596749	26.909775	-12.495621	0	0	1.0	1.2118142	0.0015247689	6300000	14786.582511901855
210	22.63904	1.5651534	26.692034	19.989492	47.166668	30.802687	126.0	0.0	1000.0	492185.0	0.07775434439178515	2.2580123	0.35636413	3.2657645	0.32338327	5.3667865	4.4722486	41.652607	-3.734525	2.2379558e-08	-0.00040537314	-2.8483074e-08	0.00023307292	0.08917686	-0.040375125	22.277609	-9.990838	0	0	1.0	1.2120649	0.00032635327	6330000	14842.689692497253
211	22.797476	1.4596198	25.829897	19.688921	50.866665	30.966362	109.0	0.0	1000.0	493711.0	0.07762751572327044	2.2889476	0.3815803	3.8178186	0.64189476	5.275782	4.4129615	33.457348	-4.3499656	1.7293294e-08	-0.0005989838	0.0	-0.000121289064	0.10076039	-0.04795885	20.261412	-8.416124	0	0	1.0	1.212178	0.00042054424	6360000	14898.984251022339
212	22.781666	1.7566991	26.588757	20.44508	54.033333	33.684303	140.0	0.0	1000.0	495332.0	0.07751674491392802	2.308216	0.38704073	3.5671551	0.8300515	5.221307	4.442924	34.796974	-4.4818964	6.1035155e-09	-0.00048206176	-7.5276695e-08	0.00096858724	0.08445277	-0.03796422	21.96141	-10.158303	0	0	1.0	1.2123413	0.0010990573	6390000	14955.37565946579
