Epoch	AverageEpRet	StdEpRet	MaxEpRet	MinEpRet	AverageEpCost	StdEpCost	MaxEpCost	MinEpCost	EpLen	CumulativeCost	CostRate	AverageVVals	StdVVals	MaxVVals	MinVVals	AverageCostVVals	StdCostVVals	MaxCostVVals	MinCostVVals	LossPi	DeltaLossPi	SurrCost	DeltaSurrCost	LossV	DeltaLossV	LossVC	DeltaLossVC	Penalty	DeltaPenalty	StopIter	Entropy	KL	TotalEnvInteracts	Time
0	0.48119593	1.6466352	5.0982857	-1.5755632	23.583334	27.801252	88.0	0.0	1000.0	703.0	0.023433333333333334	0.60998476	0.5606706	2.0205815	-1.1460388	-0.43275976	0.12031037	0.08394459	-0.8270795	1.5716068e-08	0.02721124	-4.4703484e-08	-0.00046308292	0.8309899	-0.7034453	25.156609	-12.597526	0	0	1.0	1.837877	0.035871387	30000	29.6734938621521
1	0.64783627	2.3682005	6.763283	-3.2584393	12.958333	13.352526	56.0	0.0	1000.0	1098.0	0.0183	0.14792319	0.34581044	0.9778245	-1.0099818	1.1519289	2.2196727	10.602197	-3.5111723	7.450581e-09	0.06305936	-1.1175871e-08	0.008578017	0.22044244	-0.052256107	6.344668	-1.538252	0	0	1.0	1.8375705	0.084837995	60000	58.374086141586304
2	0.65704757	2.3688343	6.089868	-2.8373363	17.458334	25.66122	92.0	0.0	1000.0	1547.0	0.01718888888888889	0.10576717	0.55929863	1.7955487	-1.3375784	1.6172473	1.4793384	8.152131	-1.8240172	1.1175871e-08	0.00096135656	1.1175871e-08	-0.0024322062	0.17484264	-0.042095546	14.996655	-7.4722705	0	0	1.0	1.8379846	0.0044337767	90000	86.77559018135071
3	0.29670885	2.270305	9.25193	-1.619259	7.7083335	12.498263	36.0	0.0	1000.0	1926.0	0.01605	0.09980044	0.40480688	1.6928954	-0.9530016	1.4438214	2.0801816	23.449068	-3.002754	1.0244548e-08	5.5720215e-05	-3.7252903e-09	0.0017499371	0.1429598	-0.025294427	7.7375293	-2.8499885	0	0	1.0	1.8382342	0.0030321716	120000	114.85179591178894
4	1.0351278	2.4676614	8.52118	-2.451528	15.125	24.863482	89.0	0.0	1000.0	2336.0	0.015573333333333333	0.14605646	0.55196166	1.9885741	-1.1101371	1.9977962	3.4166026	23.316486	-1.2631565	7.450581e-09	-0.0073174294	-1.4901161e-08	0.0012510195	0.15972003	-0.033228226	16.783878	-9.75321	0	0	79.0	1.838326	0.0044080606	150000	151.24446487426758
5	1.6059221	2.9753776	10.432402	-2.214106	19.083334	22.544247	71.0	0.0	1000.0	2884.0	0.016022222222222222	0.1483835	0.47941235	1.6901019	-1.2232655	1.6501482	1.8374394	18.928228	-1.5032775	-3.7252903e-09	-0.008914158	-2.2351742e-08	0.0002389215	0.13597071	-0.019329175	9.105442	-2.217534	0	0	79.0	1.8147092	0.0059101526	180000	186.68128442764282
6	2.7969732	2.7391772	8.105061	-1.1712428	20.541666	28.247389	92.0	0.0	1000.0	3515.0	0.01673809523809524	0.18086907	0.47978756	1.3905586	-0.9380581	2.1373448	2.449273	23.357664	-1.918317	1.1175871e-08	-0.0087153055	0.0	0.00070674066	0.16206628	-0.026967524	13.459411	-3.256136	0	0	79.0	1.7981157	0.005628719	210000	221.99846053123474
7	3.4694395	2.9559977	8.763453	-1.6662825	19.375	20.550371	65.0	0.0	1000.0	4095.0	0.0170625	0.3345217	0.47845796	1.5949706	-0.9476344	1.8764266	2.6100245	24.878668	-2.799865	7.450581e-09	-0.0016092211	-2.4214387e-08	0.0005265707	0.24299113	-0.03977845	12.078277	-3.2282503	0	0	5.0	1.7773468	0.0020210098	240000	250.59890818595886
8	4.108232	3.9928243	11.143859	-1.8467356	20.75	21.387789	96.0	0.0	1000.0	4675.0	0.017314814814814814	0.36969087	0.5148512	2.1513238	-0.98328114	2.1353421	2.277733	28.502268	-1.486184	1.3038516e-08	0.0029539303	3.7252903e-09	-5.452684e-05	0.19623935	-0.040529374	11.116886	-2.954871	0	0	1.0	1.7763963	0.009561919	270000	278.72756457328796
9	3.4470565	2.8560543	11.364135	0.0058697173	17.625	23.82193	88.0	0.0	1000.0	5275.0	0.017583333333333333	0.45255774	0.6141468	2.2434645	-0.9521854	2.4826775	3.14369	30.151117	-0.95977426	-1.4901161e-08	-0.00040522427	8.381903e-09	0.0013474228	0.18473502	-0.04014977	12.676326	-4.7332726	0	0	1.0	1.7761929	0.0013014543	300000	307.10957169532776
10	3.8938892	3.4948866	14.590932	-1.3695107	18.916666	28.524721	122.0	0.0	1000.0	5802.0	0.01758181818181818	0.4242653	0.52991784	1.9833694	-0.786911	2.1034727	3.4987824	30.833893	-1.3659968	-5.5879354e-09	-0.0016862177	-1.4901161e-08	-0.00069734827	0.16804023	-0.036645032	15.294458	-7.636387	0	0	1.0	1.7762213	0.0018643056	330000	335.2811748981476
11	1.9292096	2.2651067	6.7205267	-0.80114794	28.166666	27.535835	86.0	0.0	1000.0	6541.0	0.018169444444444443	0.32101795	0.50132334	2.1416655	-0.8359409	1.9238743	2.3983257	31.077446	-1.0172659	7.450581e-09	-0.0006341397	9.313226e-09	-0.00055517734	0.11736178	-0.03814403	14.741211	-4.909008	0	0	1.0	1.7763724	0.004869137	360000	363.9617075920105
12	4.6334386	3.269251	12.533529	-1.7395871	26.875	24.588806	95.0	0.0	1000.0	7291.0	0.018694871794871795	0.3356015	0.50447714	1.7961687	-0.9076676	3.3233788	4.0289054	36.583576	-1.0491383	0.0	0.00064680795	2.9802322e-08	-3.8525788e-05	0.19196126	-0.046031713	19.38598	-6.864188	0	0	1.0	1.7765702	0.0043912064	390000	392.04470324516296
13	4.3176103	3.2618432	11.562092	-0.39098707	33.291668	26.766706	103.0	0.0	1000.0	8277.0	0.019707142857142857	0.485202	0.5808773	2.1379385	-0.90051067	2.8880713	3.0495548	27.456087	-0.6133333	3.7252903e-09	0.003129691	-7.450581e-09	-0.0010629967	0.18494059	-0.032644432	17.519161	-5.848954	0	0	1.0	1.7768002	0.009865461	420000	420.4305250644684
14	5.216745	3.0912764	13.046104	-0.81533086	22.166666	25.598938	98.0	0.0	1000.0	8939.0	0.019864444444444445	0.48258972	0.56478065	2.1459608	-0.88195455	2.9423323	2.9115326	31.340332	-0.6212305	1.1175871e-08	-0.00020952756	-2.3283064e-08	-0.000560076	0.22195208	-0.05507205	17.52337	-8.507849	0	0	1.0	1.7769723	0.0011155175	450000	448.6227753162384
15	4.874287	3.921813	14.248382	-1.0729591	34.166668	29.56443	123.0	0.0	1000.0	9838.0	0.020495833333333335	0.4881781	0.54344064	1.9938643	-0.8041248	2.198313	2.9612513	36.591248	-2.6825976	-3.7252903e-09	-0.0008661734	0.0	-0.00039984725	0.19657634	-0.043026395	19.018621	-7.868177	0	0	1.0	1.7771105	0.0005678208	480000	476.915399312973
16	4.9200845	3.9801912	12.979336	0.1937453	25.458334	20.46334	94.0	0.0	1000.0	10642.0	0.020866666666666665	0.53751904	0.57166356	1.9820437	-0.8955873	3.649474	4.53724	42.119324	-0.61562246	1.792796e-08	-0.0008908936	-7.450581e-09	1.5397323e-05	0.21297416	-0.0452628	18.271688	-7.709963	0	0	1.0	1.7772026	0.0003835404	510000	505.5341486930847
17	4.7881474	3.1138182	9.92923	-0.10746961	26.291666	26.654392	114.0	0.0	1000.0	11407.0	0.021124074074074073	0.4781826	0.60794586	2.659904	-1.0280565	2.4995449	3.2698026	37.75584	-1.8237267	-3.7252903e-09	-0.0006802445	-2.9802322e-08	0.00031625573	0.16429487	-0.043015163	11.814833	-4.0794744	0	0	1.0	1.7773753	0.00034424834	540000	535.2414758205414
18	5.0742164	3.628367	14.522199	0.01676252	32.75	33.023037	172.0	2.0	1000.0	12309.0	0.021594736842105264	0.4784977	0.56207794	1.9448264	-0.97480196	2.9216588	2.993501	39.549118	-1.2003449	-8.8475645e-09	-0.00077646924	3.7252903e-09	-0.00032591354	0.17310609	-0.026508734	17.354176	-5.5182753	0	0	1.0	1.7774495	0.00059969793	570000	563.4578876495361
19	5.7323685	3.1887848	11.628683	-0.68287367	20.0	19.087519	88.0	0.0	1000.0	12931.0	0.021551666666666667	0.55976707	0.56376433	2.1734588	-0.95520246	2.5128527	2.894225	30.736158	-3.8654675	8.381903e-09	-0.0013581656	-1.8626451e-08	0.00016307738	0.18754089	-0.02576115	10.2706585	-3.3176436	0	0	1.0	1.7773734	0.001272348	600000	591.5620245933533
20	5.0620236	2.947211	13.205666	0.5689959	25.416666	23.82911	87.0	0.0	1000.0	13622.0	0.021622222222222223	0.54631233	0.5436099	2.2411592	-0.92774135	2.5507588	2.5590763	22.823896	-2.392366	1.1175871e-08	-0.008400995	0.0	7.858453e-05	0.16070664	-0.048815154	11.618101	-3.9838562	0	0	79.0	1.7772582	0.004962188	630000	626.9932820796967
21	7.581593	4.1926537	17.889679	0.7211058	29.125	21.496729	70.0	0.0	1000.0	14398.0	0.021815151515151517	0.5970328	0.5722523	2.1113818	-0.97879636	2.6393485	3.1921244	29.597733	-2.8351498	1.1175871e-08	-0.008408884	7.450581e-09	0.0006237468	0.30069077	-0.089822896	14.5265465	-5.922581	0	0	79.0	1.7616686	0.005385596	660000	661.5794138908386
22	7.1040554	2.6174626	10.952382	1.5008317	27.041666	23.601694	71.0	0.0	1000.0	15349.0	0.022244927536231883	0.751471	0.66622937	2.567053	-1.1051939	2.7854671	2.8349698	26.000298	-10.824549	0.0	-0.007713668	-1.1175871e-08	0.0009207446	0.20880982	-0.046203524	20.327793	-7.879655	0	0	79.0	1.74878	0.0049934024	690000	696.0954105854034
23	7.8369	3.324675	15.852736	1.6924108	24.875	15.191315	50.0	0.0	1000.0	16054.0	0.022297222222222222	0.79682213	0.6252042	2.4126453	-1.0272108	2.682666	2.5762498	28.230722	-2.9595847	-1.0244548e-08	0.0018067646	-1.8626451e-08	-0.0003858423	0.21677294	-0.049621496	10.736607	-3.3692238	0	0	6.0	1.7262254	0.008612324	720000	723.7838680744171
24	7.2477326	3.4420164	14.139109	1.2628471	28.708334	16.470882	67.0	0.0	1000.0	16880.0	0.022506666666666668	0.8294111	0.585882	2.4634473	-0.83471864	2.6714745	3.1178825	31.220339	-2.0812461	9.313226e-09	-0.00059134327	-1.1175871e-08	-0.0004365337	0.20060393	-0.04645283	12.915155	-3.8486342	0	0	1.0	1.7264793	0.0023515346	750000	751.1791934967041
25	7.3794465	4.212785	15.9264965	1.6680846	30.541666	21.963945	75.0	0.0	1000.0	17761.0	0.02277051282051282	0.83447516	0.6732442	2.751763	-0.97881687	3.3655355	3.4810433	29.116852	-2.2139194	2.7939677e-09	-0.0009686756	7.450581e-09	0.0008520037	0.20461911	-0.040033042	16.036348	-6.999343	0	0	1.0	1.7262985	0.0017322103	780000	778.6868569850922
26	8.3494	3.1222532	16.581293	2.3864715	37.375	36.17989	144.0	0.0	1000.0	18989.0	0.02344320987654321	0.8596472	0.63676906	2.4772036	-0.98122483	3.4686136	3.6277306	35.64741	-1.4689689	1.5832484e-08	-0.00069081166	-5.5879354e-09	0.0003184902	0.19432533	-0.039122954	22.458834	-8.743287	0	0	1.0	1.7262574	0.0011538065	810000	806.0272679328918
27	7.7885323	4.0756245	17.424501	-0.33733535	37.208332	32.234787	149.0	0.0	1000.0	20026.0	0.02384047619047619	0.82254815	0.6252592	2.6252778	-0.93643755	3.9800494	4.442039	38.061073	-2.9532304	-9.313226e-09	-0.000699008	2.9802322e-08	-0.0009200168	0.20663454	-0.03860777	27.002995	-14.237075	0	0	1.0	1.7261835	0.0011625924	840000	833.4647512435913
28	7.7268043	3.2915833	19.77154	3.6902037	26.458334	21.071266	93.0	0.0	1000.0	20847.0	0.023962068965517242	0.8398044	0.6450227	2.507218	-1.0467154	3.3664298	2.9658744	30.510832	-5.545144	-5.5879354e-09	-8.957484e-05	7.450581e-09	-0.0003201496	0.1898197	-0.037794158	19.42644	-9.369774	0	0	1.0	1.7261353	0.00198521	870000	861.1034224033356
29	9.591428	4.3888483	15.59807	-0.2154852	23.791666	23.764433	91.0	0.0	1000.0	21525.0	0.023916666666666666	0.94930756	0.6215981	2.620455	-0.91946286	3.0282264	4.4790554	47.03721	-2.6818187	1.8626451e-09	-0.0010063485	3.7252903e-09	0.0014056872	0.270611	-0.06919986	20.032679	-12.149208	0	0	1.0	1.7262095	0.0039035194	900000	888.6855881214142
30	10.233033	3.6354902	15.437445	0.04403501	28.291666	14.954039	54.0	0.0	1000.0	22307.0	0.023986021505376345	1.0946041	0.6510494	2.8390663	-0.8877496	2.3984354	2.3189406	22.18167	-1.6218815	-6.519258e-09	-8.836889e-05	-7.450581e-09	0.0018551489	0.24257942	-0.0554314	12.711641	-4.5077457	0	0	1.0	1.7264671	0.0033504681	930000	916.3277902603149
31	7.4400506	3.1065187	14.398657	2.8830283	36.416668	30.943384	122.0	0.0	1000.0	23328.0	0.0243	0.94531965	0.6595187	2.7506742	-0.7599874	3.0249734	3.3150434	30.573065	-0.9624035	0.0	-0.00060304266	1.1175871e-08	-0.0013537873	0.2118868	-0.07166147	17.403181	-6.412089	0	0	1.0	1.7266352	0.005962153	960000	943.9493527412415
32	9.119279	4.003892	15.703827	1.63818	25.5	18.122269	62.0	0.0	1000.0	24220.0	0.024464646464646463	0.841415	0.60879034	2.293501	-0.89676094	3.45111	3.528747	30.351357	-2.3901722	-1.8626451e-09	-0.0010391236	3.1664968e-08	-0.0013732202	0.25377753	-0.05485416	20.098818	-10.86849	0	0	1.0	1.7266343	0.0022724823	990000	971.7076201438904
33	9.184647	3.15302	16.341837	1.55992	39.958332	28.168362	103.0	0.0	1000.0	25368.0	0.024870588235294117	0.9692303	0.6696537	2.557627	-1.0148885	3.1676078	3.1809967	42.996937	-1.7835636	-1.3969839e-08	-0.00049342524	2.2351742e-08	-0.00040664757	0.19905779	-0.046069518	20.480198	-8.854332	0	0	1.0	1.7267373	0.00063996454	1020000	999.250890493393
34	9.027269	3.5478818	14.619484	0.025145598	31.75	27.275217	120.0	0.0	1000.0	26285.0	0.025033333333333335	0.9734711	0.64878374	2.4574459	-0.9396844	3.891815	3.764827	33.89328	-2.8850698	-6.9849193e-09	-0.00088967534	-9.313226e-09	0.00063392054	0.2033211	-0.04571813	18.90197	-9.370483	0	0	1.0	1.7266183	0.0014368669	1050000	1027.0523264408112
35	9.313245	4.5681443	21.096481	0.8300631	30.208334	22.086908	81.0	0.0	1000.0	27261.0	0.025241666666666666	0.93373984	0.5963024	2.377084	-1.0035831	3.2544022	3.3097847	32.737705	-10.598534	-1.1175871e-08	-0.0008911006	-1.6763806e-08	-0.0004574912	0.2421363	-0.07908572	16.772327	-6.3338513	0	0	1.0	1.7261932	0.00083888206	1080000	1054.8356366157532
36	9.844329	3.4212997	18.279106	2.2558665	21.375	14.285227	55.0	0.0	1000.0	27951.0	0.02518108108108108	0.9372961	0.6456301	2.5553465	-1.1057858	3.2748013	3.0168874	27.39369	-5.6786675	5.5879354e-09	-0.0012997694	1.3038516e-08	2.0422129e-05	0.21515125	-0.059848912	11.455151	-4.803874	0	0	1.0	1.7257631	0.0013460247	1110000	1082.8134198188782
37	10.067534	3.4611576	17.542873	4.485561	29.708334	22.232632	87.0	0.0	1000.0	28866.0	0.02532105263157895	1.034019	0.64097595	2.5719655	-0.883405	2.9044063	2.4462519	29.902714	-5.7426815	-3.7252903e-09	-0.0010939405	3.3527613e-08	0.00010974053	0.21281192	-0.05586305	17.139992	-8.794389	0	0	1.0	1.7254523	0.001432896	1140000	1110.5982143878937
38	8.653424	3.557451	16.365437	-0.073973484	29.5	28.357832	137.0	0.0	1000.0	29790.0	0.025461538461538463	0.9549269	0.63635653	2.5247924	-0.9677732	3.0615017	3.367298	35.256145	-3.0270913	1.8626451e-09	-0.0010147814	1.1175871e-08	-0.00028292742	0.20181838	-0.057051048	13.143222	-5.2632647	0	0	1.0	1.7252235	0.0009554499	1170000	1138.3415174484253
39	10.845426	4.3116174	18.658087	1.8320967	27.333334	27.749874	93.0	0.0	1000.0	30608.0	0.025506666666666667	1.0231487	0.6152995	2.7629724	-0.9581108	3.1380708	2.9066205	25.276396	-2.014829	-9.313226e-09	-0.0008561938	-1.4901161e-08	0.00042061927	0.2623232	-0.07200426	11.938774	-4.615359	0	0	1.0	1.7250015	0.0011372311	1200000	1166.1853923797607
40	9.766571	3.653292	16.672415	2.244296	34.708332	24.656776	98.0	0.0	1000.0	31633.0	0.02571788617886179	1.0488142	0.6622508	2.6915007	-0.8734406	3.2258804	3.660839	36.15897	-2.575854	-1.8626451e-09	-0.007250538	-1.6763806e-08	-0.0027124598	0.19399288	-0.050567906	18.473476	-8.967152	0	0	79.0	1.7248586	0.0047325133	1230000	1201.2206799983978
41	9.913632	3.1757562	15.208164	3.567973	30.458334	19.209328	97.0	0.0	1000.0	32531.0	0.02581825396825397	1.0491408	0.6378805	2.5646873	-1.0696571	3.1534672	3.0793483	37.76286	-4.855563	-1.8626451e-09	-0.007511184	1.8626451e-09	0.0009419902	0.21904205	-0.048156776	11.364609	-3.5671859	0	0	79.0	1.7044351	0.004798132	1260000	1236.1930465698242
42	10.562633	3.4102473	19.105072	3.088371	33.25	22.88968	92.0	0.0	1000.0	33539.0	0.02599922480620155	1.0766585	0.6441373	2.6298842	-0.870644	3.5192273	3.2892673	26.544905	-1.0211933	1.8626451e-08	-0.007961718	-1.6763806e-08	-0.0019794274	0.21318941	-0.056239456	12.835356	-4.974202	0	0	79.0	1.6863998	0.005013797	1290000	1271.335304260254
43	11.497303	3.4566479	17.473938	2.215273	29.125	22.057335	104.0	9.0	1000.0	34337.0	0.026012878787878786	1.1442646	0.66055804	2.5984569	-0.6273834	3.4527245	3.177726	26.816845	-2.0312347	-1.1175871e-08	-0.0012990391	-1.4901161e-08	-0.00026584044	0.24171129	-0.074551485	11.301504	-4.909525	0	0	6.0	1.6695395	0.001843668	1320000	1299.7108373641968
44	9.1189375	4.123472	20.25741	2.4526603	49.583332	32.993584	133.0	0.0	1000.0	35779.0	0.026502962962962964	1.0671932	0.67755914	3.0043917	-0.9212426	3.5277452	3.9623039	34.58965	-3.4119725	-1.8626451e-09	0.00024820503	-2.6077032e-08	0.00017459644	0.28635126	-0.121483535	29.240131	-16.14463	0	0	1.0	1.6671622	0.0034776009	1350000	1327.4899430274963
45	10.186546	4.893967	21.099379	1.0017718	41.25	34.640114	145.0	0.0	1000.0	36893.0	0.026734057971014493	1.037201	0.63981456	2.6526546	-0.75369614	4.541873	4.081633	34.965004	-6.2663817	-1.6763806e-08	0.0003706721	-1.1175871e-08	-0.0059251003	0.23537666	-0.08833957	21.564835	-11.38097	0	0	1.0	1.6663433	0.0066729104	1380000	1355.306312084198
46	11.922913	2.9788873	19.358448	4.5175676	26.208334	18.562908	71.0	0.0	1000.0	37770.0	0.02678723404255319	1.235765	0.6529334	2.80133	-1.028514	3.3855057	3.0269144	28.506426	-3.8958926	9.546056e-09	0.0029040794	-1.1175871e-08	0.00013633922	0.2519498	-0.084690884	13.529521	-5.157864	0	0	1.0	1.665705	0.011073965	1410000	1383.3332517147064
47	12.06884	2.161371	15.850711	7.7258835	31.791666	23.178616	91.0	0.0	1000.0	38671.0	0.02685486111111111	1.2360531	0.64064115	2.9018495	-1.1067518	3.1286736	3.1534255	28.235075	-3.714091	6.0535967e-09	-5.6430697e-05	0.0	0.00026180525	0.21312669	-0.07337121	11.619419	-4.3131523	0	0	1.0	1.6650987	0.002115305	1440000	1411.3254888057709
48	11.050327	3.6036448	17.920439	4.509707	34.833332	26.157642	101.0	0.0	1000.0	39673.0	0.02698843537414966	1.2375226	0.6294678	2.9397454	-0.7598985	3.4317937	3.5580828	33.088688	-1.7045859	0.0	-0.00054293644	2.9802322e-08	0.0004065237	0.22898474	-0.066055045	14.858421	-6.2828884	0	0	1.0	1.6645826	0.00049088895	1470000	1439.2582740783691
49	11.230686	4.372087	24.00723	4.4256377	26.333334	16.841581	73.0	0.0	1000.0	40508.0	0.027005333333333333	1.1904159	0.64778936	2.8241677	-0.88415277	3.3469687	3.3502045	32.186497	-4.6704116	-4.656613e-09	-0.0012484607	-1.8626451e-08	-0.00048122794	0.25733978	-0.06219299	11.460133	-4.5773773	0	0	1.0	1.6642544	0.001569676	1500000	1467.2669954299927
50	10.873703	2.982658	16.171965	6.321707	36.958332	20.474537	87.0	0.0	1000.0	41682.0	0.02724313725490196	1.2217556	0.66445637	2.7493973	-0.9354735	3.319538	3.3136454	28.232916	-5.8170633	-3.7252903e-09	-0.0003255794	0.0	-0.0016817317	0.22447315	-0.07614993	17.4236	-7.293383	0	0	1.0	1.664294	0.0019639968	1530000	1495.2263684272766
51	11.125908	3.5670636	19.82096	5.516807	39.208332	25.794024	104.0	0.0	1000.0	42847.0	0.02746602564102564	1.1315094	0.6376008	2.7381449	-0.8729465	4.0834107	4.071451	31.706436	-1.8712745	1.7695129e-08	-0.0005639322	-3.7252903e-09	-0.00046982476	0.21120471	-0.06037379	15.090801	-5.70149	0	0	1.0	1.6645553	0.0012705522	1560000	1523.3064641952515
52	11.404492	3.9170277	21.391228	4.8459883	33.125	23.236668	93.0	0.0	1000.0	43835.0	0.027569182389937108	1.1943773	0.6620375	2.7686908	-0.9599118	4.159342	3.771802	29.505888	-2.3075707	1.21071935e-08	-0.00043343008	-5.5879354e-09	5.4444303e-05	0.22666603	-0.07346512	15.090771	-7.569719	0	0	1.0	1.6647403	0.00044499408	1590000	1551.2238914966583
53	12.063315	2.8703494	16.871395	7.5205326	28.166666	17.055466	85.0	0.0	1000.0	44759.0	0.02762901234567901	1.2030724	0.6438096	2.8686032	-0.7732798	3.3081777	3.1239152	36.424946	-4.841874	-9.313226e-09	-0.00050077605	0.0	0.00017559528	0.25170246	-0.09131482	12.001062	-4.8867345	0	0	1.0	1.6651204	0.0009932388	1620000	1579.1904590129852
54	11.268932	3.120384	19.180662	6.462762	21.333334	16.428295	59.0	0.0	1000.0	45417.0	0.027525454545454544	1.2576007	0.6080767	2.7480056	-0.9080892	2.706379	2.504615	33.56267	-2.150034	-1.6763806e-08	-0.00053981924	-1.1175871e-08	4.6838133e-05	0.19083282	-0.06685528	8.695928	-3.0986147	0	0	1.0	1.6653371	0.00084826036	1650000	1607.218300819397
55	11.491947	3.6441028	18.04308	2.0137346	35.125	26.766447	89.0	0.0	1000.0	46498.0	0.027677380952380953	1.1817492	0.607041	2.5914476	-0.78375196	3.0573537	3.4735773	25.168499	-2.244375	0.0	-0.00028570613	0.0	4.5508146e-05	0.23225464	-0.08969213	17.971481	-9.012725	0	0	1.0	1.6654611	0.00025762012	1680000	1635.35067653656
56	11.350913	4.4577937	17.944786	4.486585	40.916668	41.77012	201.0	0.0	1000.0	47696.0	0.027892397660818715	1.1661988	0.659026	2.717176	-0.9585882	3.6633148	3.821897	39.197697	-1.806595	-9.313226e-09	-0.0002538436	-5.5879354e-09	6.847596e-05	0.25504053	-0.101842105	22.245152	-12.174761	0	0	1.0	1.6655931	0.00053171813	1710000	1663.3160238265991
57	11.410035	3.0188985	17.027004	4.8940096	29.875	19.97355	97.0	0.0	1000.0	48684.0	0.027979310344827587	1.2646633	0.66976756	2.943866	-0.81750727	3.716337	4.1397557	41.792385	-7.027684	-7.450581e-09	-0.000989588	2.3283064e-08	-0.00033292035	0.22487292	-0.08074162	13.829066	-6.631638	0	0	1.0	1.6654645	0.0008995455	1740000	1691.4225416183472
58	11.700463	4.3256946	20.42647	0.27661866	29.916666	22.064144	86.0	0.0	1000.0	49509.0	0.027971186440677965	1.238462	0.63904333	3.3208113	-1.1678891	3.8610828	4.094137	36.601173	-1.3047147	3.7252903e-09	-0.0010669732	1.4901161e-08	-0.0004083856	0.2531681	-0.08701405	21.101011	-13.196367	0	0	1.0	1.665575	0.000807403	1770000	1719.349543094635
59	10.888717	3.3753126	17.795734	5.4889054	28.916666	22.449791	79.0	0.0	1000.0	50450.0	0.028027777777777776	1.2371726	0.6322657	2.8620737	-1.0139645	2.7905545	2.7253897	22.864624	-3.9945502	-5.5879354e-09	-0.00073265185	-3.7252903e-09	-0.00038664258	0.1940775	-0.076223195	14.5889635	-5.8814554	0	0	1.0	1.6658208	0.0008351973	1800000	1747.3266937732697
60	11.120297	3.302311	16.704903	3.4485931	30.875	21.00657	88.0	0.0	1000.0	51312.0	0.028039344262295082	1.2192128	0.6406143	2.9154081	-0.72471935	3.218111	3.077142	27.613	-0.81987906	-1.8626451e-08	-0.00088219426	3.7252903e-09	-0.00018789116	0.24232253	-0.10468961	11.64641	-4.9832783	0	0	1.0	1.6657937	0.00075610564	1830000	1775.4977431297302
61	11.435585	3.5721614	20.03344	5.131397	38.208332	37.346333	181.0	0.0	1000.0	52498.0	0.028224731182795698	1.2140355	0.65769225	2.9570944	-0.9215368	3.2694983	2.9140265	23.350468	-2.9858067	8.8475645e-09	-0.0006979248	1.4901161e-08	0.00019315723	0.24891037	-0.10651001	22.331184	-12.390832	0	0	1.0	1.665757	0.00035548952	1860000	1804.3764297962189
62	11.809456	2.845863	16.142159	6.505089	37.791668	21.501896	112.0	10.0	1000.0	53572.0	0.028344973544973544	1.2082634	0.6082343	2.674066	-0.98274475	3.8165483	4.066306	39.4813	-1.8341353	-5.5879354e-09	-0.0002737746	-1.8626451e-08	0.00041207974	0.20548028	-0.073797785	15.056051	-6.0870023	0	0	1.0	1.6658646	0.0003502017	1890000	1833.329672574997
63	11.814595	3.6416626	16.967974	-0.86956227	36.041668	26.8956	107.0	0.0	1000.0	54588.0	0.02843125	1.2505641	0.62763256	2.6000361	-0.9759243	3.713639	3.268783	31.044065	-1.5667487	0.0	-0.008381563	2.6077032e-08	-0.000207562	0.18714368	-0.07266181	15.708797	-8.254168	0	0	79.0	1.6656911	0.0053692	1920000	1868.7354719638824
64	11.280889	4.1079464	18.21085	1.1617349	31.625	20.683756	82.0	0.0	1000.0	55559.0	0.028491794871794873	1.2493317	0.6368856	2.7332606	-0.8196612	3.6460104	3.2980409	28.623365	-2.718168	-5.5879354e-09	-0.0076611475	-1.4901161e-08	0.0004254335	0.2160927	-0.091851085	14.006024	-5.883788	0	0	79.0	1.6281877	0.004766618	1950000	1903.9915311336517
65	11.838717	4.3446727	18.05376	-0.99466825	27.708334	15.026307	54.0	5.0	1000.0	56386.0	0.02847777777777778	1.237845	0.65797675	2.8979115	-0.8276596	3.4160094	2.8372698	28.549133	-6.304583	-3.7252903e-09	-0.008421713	7.450581e-09	-0.0032231063	0.2302063	-0.09806641	9.907736	-3.761513	0	0	79.0	1.6181676	0.005544296	1980000	1939.5189654827118
66	11.689443	4.007906	17.416914	2.893643	33.541668	36.334072	194.0	0.0	1000.0	57282.0	0.028498507462686565	1.2586302	0.6543719	2.9079947	-1.185197	2.883803	2.8623412	23.005196	-6.6290627	4.8894435e-09	-0.0076291217	1.1175871e-08	0.00065063545	0.22040159	-0.081794105	17.771038	-10.382624	0	0	79.0	1.5890039	0.005113193	2010000	1975.4420230388641
67	11.900607	3.347688	15.674959	0.7572727	44.708332	31.60232	141.0	6.0	1000.0	58595.0	0.028723039215686273	1.2831697	0.64207053	2.9853573	-1.1715667	3.7602417	4.3637667	38.589268	-4.4829035	-1.21071935e-08	-0.0033378678	-1.1175871e-08	-0.00589546	0.18630159	-0.072793	18.389004	-9.284386	0	0	79.0	1.5714887	0.0069708014	2040000	2012.1879649162292
68	12.366897	3.1059344	18.145433	6.186425	32.375	15.397003	62.0	8.0	1000.0	59551.0	0.028768599033816424	1.2715461	0.5986444	2.7250135	-0.74720204	4.167934	3.4991102	31.224274	-4.8670397	1.1175871e-08	-0.0072946986	2.7939677e-08	-0.00033146783	0.2359173	-0.09948334	12.2243805	-4.943141	0	0	79.0	1.5674636	0.0047294106	2070000	2047.529771566391
69	13.125186	3.074943	18.471693	5.2186804	34.458332	16.827505	72.0	11.0	1000.0	60548.0	0.028832380952380953	1.2755945	0.64018536	2.8446774	-1.1441604	3.5238817	2.9038503	24.227999	-2.655432	5.122274e-09	-0.0084853135	-1.1175871e-08	-0.0017686083	0.23346525	-0.09687638	13.044945	-5.0297885	0	0	79.0	1.5471277	0.0050813993	2100000	2083.614990234375
70	13.745229	3.3010406	22.035341	9.454201	34.833332	24.315062	83.0	0.0	1000.0	61725.0	0.02897887323943662	1.3743012	0.59202844	3.1415956	-0.61290795	3.7331831	3.4011176	26.845474	-1.5797334	6.519258e-09	-0.007871652	2.6077032e-08	5.340681e-05	0.2507115	-0.09683712	16.006516	-7.1868877	0	0	79.0	1.5245856	0.004705932	2130000	2119.0346381664276
71	12.907929	4.132973	19.454092	2.20233	32.916668	24.215899	99.0	0.0	1000.0	62726.0	0.029039814814814813	1.3987372	0.6427772	3.065768	-1.0066831	3.8191636	3.5462968	31.34536	-0.90315557	5.5879354e-09	0.012079978	1.4901161e-08	0.00089158677	0.23159778	-0.10250745	10.945833	-4.0718784	0	0	2.0	1.509551	0.018081695	2160000	2147.162146091461
72	14.692657	2.4839692	20.626217	9.895476	29.5	22.130297	96.0	0.0	1000.0	63600.0	0.02904109589041096	1.4938102	0.64601225	3.0147784	-0.96016127	3.2798693	3.4227943	32.194054	-1.7280022	-7.450581e-09	0.011734379	9.313226e-09	0.00032497244	0.21109034	-0.08273643	14.35026	-6.638456	0	0	1.0	1.5093691	0.019776652	2190000	2175.138268470764
73	13.442535	4.1855497	22.624094	5.1309633	32.666668	31.281872	128.0	0.0	1000.0	64525.0	0.029065315315315317	1.4283563	0.6201882	2.9286067	-0.75148517	3.330211	3.7759128	34.361282	-4.1964254	0.0	-0.00041998446	-1.3038516e-08	0.00023283949	0.22327274	-0.104921475	14.848959	-6.7782354	0	0	1.0	1.5090871	0.0016033276	2220000	2203.1936531066895
74	12.588635	3.7409947	17.351883	0.09686785	28.791666	21.631342	110.0	0.0	1000.0	65520.0	0.02912	1.340299	0.642334	2.9203155	-0.8183803	3.7976923	4.2061324	33.974655	-6.43746	1.8626451e-09	-0.00019707691	1.4901161e-08	-0.0011673376	0.25077707	-0.112719305	21.078045	-12.110792	0	0	1.0	1.5091746	0.003504829	2250000	2231.404467344284
75	13.068695	3.9242518	17.953562	2.3034322	35.208332	28.087627	127.0	0.0	1000.0	66578.0	0.029200877192982456	1.3173487	0.65465325	2.7110767	-0.97771263	3.7806294	3.9765031	33.799286	-3.2328863	-1.8626451e-09	-0.00057323644	-5.5879354e-09	0.00038032222	0.21649621	-0.09577966	13.683925	-6.29126	0	0	1.0	1.5094454	0.002093424	2280000	2260.207423686981
76	12.133395	2.7503016	18.837029	7.7714057	35.333332	20.446407	79.0	0.0	1000.0	67578.0	0.029254545454545453	1.3726089	0.65068185	3.6395595	-0.8275248	3.3234277	3.390346	28.551004	-4.031772	3.7252903e-09	-0.0004465141	4.656613e-09	0.0006584099	0.22169526	-0.1041081	11.520485	-4.2133894	0	0	1.0	1.5098543	0.004497914	2310000	2288.4790604114532
77	13.358386	4.1279154	19.874378	2.5750558	35.291668	26.701248	107.0	0.0	1000.0	68569.0	0.029302991452991454	1.360163	0.63084775	3.358797	-0.85515136	3.3225834	3.1127322	24.395988	-1.9169668	1.8626451e-09	0.0015644388	7.450581e-09	0.000354887	0.24153584	-0.115325004	11.424484	-4.00519	0	0	1.0	1.5103993	0.007817303	2340000	2316.437471151352
78	14.965912	2.9903305	21.61446	10.192739	32.833332	19.501425	71.0	0.0	1000.0	69603.0	0.02936835443037975	1.4021713	0.6101672	3.0252028	-1.1233524	3.9079354	3.5868773	29.242231	-1.5467894	5.5879354e-09	-0.0001320372	-9.313226e-09	-0.00023611006	0.2581123	-0.12540352	11.368553	-3.9964242	0	0	1.0	1.5110818	0.004477366	2370000	2344.4736568927765
79	13.75486	3.727235	21.96449	7.166363	23.333334	16.084845	59.0	0.0	1000.0	70362.0	0.0293175	1.4726565	0.63613266	3.1187038	-0.88242704	3.2367733	2.8488765	20.768522	-5.821963	1.3038516e-08	0.0010707229	1.4901161e-08	0.0009245316	0.23930927	-0.11405857	8.6152315	-3.2073216	0	0	1.0	1.5119014	0.0061433255	2400000	2372.336812734604
80	13.455116	2.4647403	17.808613	8.26884	48.666668	31.412134	135.0	0.0	1000.0	71709.0	0.029509876543209877	1.4182651	0.64040315	3.5566154	-1.1039262	3.2417152	3.4881124	26.041502	-2.7772992	-2.7939677e-09	-0.00018380512	-1.21071935e-08	0.0027666271	0.2535558	-0.11431484	21.566364	-11.574157	0	0	1.0	1.5127938	0.0045825094	2430000	2401.0223500728607
81	13.380885	3.7089758	20.569134	3.4583137	37.083332	23.41637	109.0	0.0	1000.0	72762.0	0.029578048780487805	1.4222255	0.6470719	2.8906329	-0.7843172	4.077756	3.7669015	35.635643	-4.0934772	9.313226e-09	0.0022138613	-3.7252903e-09	0.0008975901	0.22742721	-0.10418821	15.893944	-7.232665	0	0	1.0	1.513804	0.0075459247	2460000	2429.45263671875
82	14.23909	3.789696	23.027493	7.1232977	33.291668	23.800348	98.0	0.0	1000.0	73777.0	0.029629317269076305	1.445335	0.6381407	3.0903635	-0.77083385	3.6276958	3.6568365	35.41797	-16.410583	-8.381903e-09	0.00061000744	-8.381903e-09	0.0022038852	0.22511303	-0.10473835	13.8791275	-5.5463715	0	0	1.0	1.5149145	0.006014267	2490000	2458.3209545612335
