Epoch	AverageEpRet	StdEpRet	MaxEpRet	MinEpRet	AverageEpCost	StdEpCost	MaxEpCost	MinEpCost	EpLen	CumulativeCost	CostRate	AverageVVals	StdVVals	MaxVVals	MinVVals	AverageCostVVals	StdCostVVals	MaxCostVVals	MinCostVVals	LossPi	DeltaLossPi	SurrCost	DeltaSurrCost	LossV	DeltaLossV	LossVC	DeltaLossVC	Penalty	DeltaPenalty	StopIter	Entropy	KL	TotalEnvInteracts	Time
0	0.15256807	1.7509558	5.3982205	-3.4451265	14.1	16.083843	61.0	0.0	1000.0	423.0	0.0141	0.5994599	0.56190324	1.9981493	-1.1331493	-0.43130884	0.11705207	0.072100006	-0.813013	-1.8310546e-08	0.019461142	-2.8483074e-08	-0.0047317636	0.9026953	-0.7709112	10.98876	-3.9209256	0.99999994	-0.031173289	1.0	1.837877	0.057470005	30000	71.44507670402527
1	1.053389	2.5431566	10.309924	-1.6510985	15.133333	16.345709	65.0	0.0	1000.0	877.0	0.014616666666666667	0.16552953	0.42674392	1.3904846	-1.2297685	1.010487	1.0008746	4.609906	-0.9011121	1.6147188e-08	0.020811204	2.4414062e-08	0.0023906494	0.17870757	-0.039451554	7.037007	-1.0340257	0.96882665	-0.030385256	1.0	1.8378217	0.0522548	60000	141.3338325023651
2	0.8292195	1.9761078	5.3477473	-2.9789023	16.433332	18.282385	60.0	0.0	1000.0	1370.0	0.015222222222222222	0.12936926	0.42155403	1.3675144	-1.0852256	1.8433325	1.5678194	8.188345	-1.9867585	-6.5557804e-09	0.00031581445	8.138021e-09	-0.0016492666	0.16217093	-0.01795195	8.508702	-1.2359343	0.9384414	-0.029556513	1.0	1.8379538	0.0066292505	90000	211.58551573753357
3	2.1756952	2.9380887	9.290948	-1.5026094	25.233334	21.160788	77.0	0.0	1000.0	2127.0	0.017725	0.12351226	0.4975465	1.5516268	-1.1794046	1.8197067	1.2743148	8.908939	-0.63703746	2.2670893e-08	-0.01047236	1.6276042e-08	-0.01832116	0.19943088	-0.030007273	11.766718	-2.9682846	0.9088849	-0.019512892	79.0	1.83813	0.009738562	120000	290.2434666156769
4	2.9614227	4.1921525	13.963869	-1.8974588	19.4	18.521338	67.0	0.0	1000.0	2709.0	0.01806	0.23335156	0.51683855	1.5379161	-1.2297051	2.448434	2.3623292	13.692317	-3.1789489	-6.7038273e-09	0.000546318	-1.4241537e-08	0.0018623697	0.291155	-0.031139731	10.596912	-2.6227937	0.889372	-0.023467243	2.0	1.8136942	0.005259195	150000	359.8881299495697
5	2.5404882	2.6608903	10.379587	-1.6517931	23.166666	19.63684	68.0	0.0	1000.0	3404.0	0.01891111111111111	0.31188878	0.5609463	1.9056189	-1.296391	2.5962389	2.1033318	15.934631	-1.7449844	-1.6073441e-08	-0.0030789988	-2.2888184e-08	-0.0050727916	0.17088963	-0.03050682	11.542817	-3.0863228	0.86590475	-0.021329522	2.0	1.8128811	0.005003992	180000	430.3242211341858
6	2.8325565	3.864281	10.956755	-1.965459	18.0	17.625738	69.0	0.0	1000.0	3944.0	0.01878095238095238	0.26678324	0.50344676	1.79127	-1.1513845	1.9397068	1.8348016	15.107811	-1.577939	-8.34507e-10	-0.010263303	-1.6276042e-08	-0.020522261	0.23239645	-0.046172336	9.244002	-2.2511182	0.8445752	-0.015117407	77.0	1.8120313	0.012030788	210000	508.96851110458374
7	3.3514566	3.3608286	13.19097	-1.4729564	18.933332	15.037582	51.0	0.0	1000.0	4512.0	0.0188	0.36665237	0.59467316	2.2164135	-1.380486	1.7906079	1.5470825	13.042826	-1.1045241	-2.116404e-09	-0.007115831	-7.1207684e-09	-0.015116246	0.30513123	-0.07973586	8.51428	-1.5192657	0.8294578	-0.017627716	62.0	1.790344	0.010547303	240000	585.8240940570831
8	3.4848723	2.603699	8.787251	-1.1784778	26.7	16.577394	71.0	2.0	1000.0	5313.0	0.019677777777777777	0.39661264	0.5940266	2.3609362	-1.314991	2.2247663	1.7639267	14.052429	-1.4772007	-1.0100089e-08	-0.011532483	-1.6276042e-08	-0.025292758	0.21292637	-0.059243888	11.960042	-2.2681646	0.8118301	-0.00726223	72.0	1.7785766	0.012024429	270000	663.0922315120697
9	3.2747238	3.0875418	8.058071	-2.2810779	18.933332	18.683207	67.0	0.0	1000.0	5881.0	0.019603333333333334	0.39545566	0.512509	1.6232384	-1.2017695	2.3548174	1.8664583	16.560663	-0.7950486	-1.1753489e-08	0.004315628	-1.1189779e-08	0.003556009	0.21394552	-0.04238367	8.625744	-1.7931156	0.8045679	-0.019149303	2.0	1.78215	0.013134937	300000	733.1435565948486
10	4.350934	3.07407	10.143059	-1.0104203	26.866667	24.18227	112.0	0.0	1000.0	6687.0	0.020263636363636362	0.37896174	0.5781572	1.898983	-1.1461515	2.2477283	2.1672347	19.13679	-1.1607212	-3.6606937e-09	0.0060067317	-1.2207031e-08	-0.006514128	0.2231396	-0.074047	16.547523	-5.2179804	0.78541857	-0.015896797	1.0	1.7817245	0.021127641	330000	803.4728758335114
11	4.475242	3.4020216	10.074114	-1.5408725	27.8	18.409058	66.0	0.0	1000.0	7521.0	0.020891666666666666	0.50595784	0.6031255	2.314871	-1.134256	2.6171448	2.397571	23.87376	-0.8469065	1.9011043e-08	-0.0005995494	4.2724608e-08	-0.0016376546	0.25739017	-0.0756025	12.25195	-3.9727287	0.7695218	-0.01225239	1.0	1.7814593	0.0034205536	360000	873.9823315143585
12	4.082198	3.6244822	9.636711	-2.407123	18.8	15.518591	56.0	0.0	1000.0	8085.0	0.02073076923076923	0.46564323	0.58006173	2.1507168	-1.004038	2.6333787	2.4544866	23.295616	-2.0785503	-9.329451e-09	0.0012125652	-1.6276042e-08	-0.0033529664	0.2451088	-0.055585787	8.972181	-3.4575543	0.7572694	-0.013934791	1.0	1.7810328	0.015002309	390000	944.4175999164581
13	5.2877707	4.023503	15.10416	-0.8360381	24.566668	15.437364	61.0	0.0	1000.0	8822.0	0.021004761904761905	0.4927052	0.678271	2.0854301	-1.2732238	2.2731729	1.8260351	15.287199	-1.2334191	-6.387492e-09	-0.0003169778	-8.138021e-09	-0.00023476563	0.2264626	-0.038519144	11.490551	-2.653386	0.7433346	-0.012640178	1.0	1.7809656	0.002376173	420000	1014.9002068042755
14	4.4398413	3.2611318	11.387456	-1.6433426	19.5	17.417902	79.0	0.0	1000.0	9407.0	0.020904444444444444	0.5257582	0.63542265	2.2387094	-1.1660384	2.5373008	2.1848907	18.343496	-0.9665446	5.380721e-09	-0.0008537215	-8.138021e-09	-0.0014368347	0.19047959	-0.03302324	9.164011	-2.694147	0.7306944	-0.01393801	1.0	1.781172	0.0045892494	450000	1085.5945281982422
15	5.375585	3.352592	12.6934395	-0.10426442	22.6	14.734541	50.0	0.0	1000.0	10085.0	0.021010416666666667	0.5181949	0.5798805	1.8334435	-1.122178	2.0613213	2.152678	23.57172	-1.7613833	1.408395e-08	-0.0012432456	2.2379558e-08	-0.00071221514	0.18841726	-0.04030752	9.319	-2.2110486	0.7167564	-0.0136624575	1.0	1.781381	0.0039235153	480000	1155.6945405006409
16	4.846111	3.7950623	14.963531	-0.6399308	19.766666	16.426977	65.0	0.0	1000.0	10678.0	0.020937254901960783	0.54642135	0.60565907	2.0665085	-1.1056925	2.6113455	2.116057	19.78861	-0.5877203	-1.36996805e-08	0.0005366208	-4.4759116e-08	-0.006241846	0.18986002	-0.030505493	10.018973	-2.7884417	0.70309395	-0.014648199	1.0	1.7816497	0.010016414	510000	1226.0641617774963
17	5.357862	2.7763104	10.592731	-0.94446576	23.266666	16.02276	67.0	0.0	1000.0	11376.0	0.021066666666666668	0.5793807	0.61075765	2.0796146	-1.1773287	2.2674387	2.193767	21.26912	-0.30019748	3.9297863e-09	-0.00065155403	2.4414062e-08	-0.0013849365	0.25109398	-0.0614821	8.7675705	-2.529492	0.68844575	-0.013964713	1.0	1.7818532	0.0018323943	540000	1296.76491355896
18	4.8510876	3.0522768	12.776076	-0.053966474	23.333334	14.974051	64.0	0.0	1000.0	12076.0	0.0211859649122807	0.590598	0.651242	2.1296496	-1.4239091	2.2457578	1.921343	19.615871	-0.42724162	9.397384e-10	-0.0012160713	6.1035155e-09	-0.00014710285	0.19509369	-0.051953495	9.329163	-3.2832017	0.67448103	-0.013316095	1.0	1.7819042	0.004363766	570000	1367.1105983257294
19	6.6106124	3.3374848	14.275005	-2.1211817	28.233334	19.376417	68.0	0.0	1000.0	12923.0	0.021538333333333333	0.5568751	0.6327271	2.2962704	-1.2152102	2.6190813	2.575514	20.946447	-0.63195646	1.3608949e-08	-0.0011108707	2.0345052e-08	-0.0030065551	0.24218294	-0.06261028	10.980073	-3.4468188	0.66116494	-0.010180116	1.0	1.782253	0.0016577484	600000	1437.4136447906494
20	5.6775527	3.4942784	13.927285	-1.131982	26.733334	19.321722	74.0	0.0	1000.0	13725.0	0.021785714285714287	0.64741224	0.63569605	2.0748293	-1.2332493	2.6831841	2.5429194	25.863527	-1.0285251	-1.33233815e-08	-0.0009864315	-2.4414062e-08	-0.00077944336	0.24020167	-0.053825736	12.02515	-4.278654	0.6509848	-0.008259177	1.0	1.7829742	0.002134838	630000	1507.7801015377045
21	5.3961387	3.5522482	13.839094	-0.4935952	17.166666	13.767313	55.0	0.0	1000.0	14240.0	0.021575757575757575	0.6490556	0.67688763	2.335514	-1.4506718	3.0464714	2.7443433	27.40345	-2.1485214	7.077432e-09	-0.0008857093	-4.0690105e-09	-0.0005518107	0.25298652	-0.06072165	12.36901	-6.387711	0.64272565	-0.010855794	1.0	1.7837263	0.001032346	660000	1578.412466287613
22	4.340303	2.8125608	9.543326	-0.3622294	21.633333	15.239167	63.0	0.0	1000.0	14889.0	0.021578260869565217	0.5701446	0.65857154	2.1724236	-1.5603694	1.9869769	1.8948253	20.879448	-1.0667877	-6.596735e-09	-0.0009494658	-1.2207031e-08	-0.00019388428	0.221588	-0.06542182	8.345411	-2.2262473	0.63186985	-0.011290014	1.0	1.7844753	0.0018615016	690000	1648.3889179229736
23	6.426004	2.6835258	11.85174	1.0059801	24.066668	21.791336	77.0	0.0	1000.0	15611.0	0.021681944444444445	0.5599287	0.65498	2.3409085	-1.4121206	2.2009175	2.0456874	17.606081	-2.3262205	-8.4185805e-09	-0.0006684386	-2.0345052e-08	-0.0011392944	0.24066752	-0.07065551	11.661673	-4.217624	0.62057984	-0.01059407	1.0	1.784796	0.0011691548	720000	1718.0539464950562
24	6.014937	3.345797	13.53276	0.9100761	18.966667	14.032066	56.0	0.0	1000.0	16180.0	0.021573333333333333	0.69604224	0.61004317	1.9214559	-1.1892334	2.1897473	2.0837073	21.394285	-3.016695	1.2444083e-08	-0.007904114	-5.086263e-10	-0.011689128	0.22433826	-0.06633097	7.0287895	-2.5624795	0.60998577	-0.009166777	79.0	1.7850537	0.008264028	750000	1796.2236337661743
25	6.8643494	3.2505372	12.40222	1.6833266	21.5	14.338178	56.0	0.0	1000.0	16825.0	0.02157051282051282	0.6740714	0.6801803	2.6446602	-1.4253051	2.1302664	2.2597833	21.779264	-0.7830024	-1.2107523e-09	0.0005819778	-6.612142e-09	-0.0006726374	0.22655946	-0.053397775	7.5282793	-2.2423139	0.600819	-0.012398481	2.0	1.7527122	0.0025978892	780000	1866.576942205429
26	6.170303	3.0580463	12.402375	0.088351734	26.766666	18.911518	83.0	0.0	1000.0	17628.0	0.021762962962962963	0.77393544	0.70248973	2.5141797	-1.3992428	2.1398673	2.0404782	17.80972	-0.9592455	-4.9359326e-09	-0.0011167061	-8.138021e-09	-0.00025098468	0.2251752	-0.054147497	12.342862	-4.6116734	0.5884205	-0.010335207	1.0	1.7518383	0.0021925631	810000	1936.5423364639282
27	5.8632703	3.0522213	13.976441	0.41711935	20.233334	17.473185	87.0	0.0	1000.0	18235.0	0.021708333333333333	0.67599744	0.6567828	2.235503	-1.2403902	2.7061203	2.4234629	23.364452	-1.7076503	-1.1219815e-08	-0.00047442038	-1.8310548e-08	-0.001219805	0.17932236	-0.046810314	8.668926	-2.9849224	0.5780853	-0.011276245	1.0	1.7510333	0.0008458802	840000	2006.8203134536743
28	6.714504	2.7908776	11.51029	0.036816813	23.8	16.216042	59.0	0.0	1000.0	18949.0	0.021780459770114943	0.6566995	0.6456151	2.1722755	-1.5002525	2.4693213	2.5096571	25.041584	-2.1273108	6.23503e-09	-0.0006233393	2.4414062e-08	-2.8068034e-05	0.22754304	-0.05038826	9.731123	-3.0759082	0.56680906	-0.010639608	1.0	1.750428	0.0008610736	870000	2075.6116597652435
29	7.4289637	3.4053366	14.665358	1.207785	24.4	14.400462	58.0	0.0	1000.0	19681.0	0.021867777777777778	0.7266157	0.63143367	2.3536296	-1.1084071	2.4457412	2.1577451	23.319706	-2.610484	6.0962924e-09	-0.00081595406	-1.2207031e-08	-0.0010346761	0.21806507	-0.05554919	8.349296	-3.254259	0.55616945	-0.009812236	1.0	1.7500874	0.001967701	900000	2145.5659594535828
30	7.6514425	2.6485488	15.861303	3.3680706	24.533333	16.843857	58.0	0.0	1000.0	20417.0	0.021953763440860214	0.8159285	0.6727089	2.2975857	-1.27517	2.418744	2.2502806	17.130959	-1.1628796	-4.5438755e-09	-0.0013036027	2.0345052e-09	-4.0173338e-05	0.23876911	-0.060697526	8.421072	-3.0032682	0.5463572	-0.009020209	1.0	1.7496135	0.0025549894	930000	2215.484513282776
31	7.6567197	3.2565024	14.633641	0.82942265	27.466667	16.082565	58.0	0.0	1000.0	21241.0	0.022126041666666665	0.8069252	0.6689509	2.3795717	-1.3457901	2.6200655	2.5515146	22.566763	-0.90108544	1.9764657e-10	-0.00047336548	8.138021e-09	-0.0013518982	0.2588054	-0.06948261	10.709529	-3.5266929	0.537337	-0.006976068	1.0	1.7490575	0.0016042328	960000	2285.8937270641327
32	6.654903	3.3315918	15.188317	0.31275105	25.666666	22.28502	119.0	0.0	1000.0	22011.0	0.022233333333333334	0.79573077	0.6549525	2.375871	-1.2867261	2.847902	2.5766103	20.97684	-1.7682254	-4.3111865e-09	-0.0009908326	-1.6276042e-08	-0.00027762045	0.21290003	-0.061585486	11.540875	-5.0141954	0.53036094	-0.0059798956	1.0	1.7484586	0.0032161134	990000	2356.3521523475647
33	7.8720293	4.558329	20.169136	0.90886766	26.966667	21.573877	96.0	0.0	1000.0	22820.0	0.02237254901960784	0.749001	0.6573391	2.0860686	-1.3608335	2.8319173	2.5868845	21.14494	-1.0501634	0.0	-0.0006474	0.0	-0.001295638	0.2898662	-0.07445651	11.413128	-4.7250624	0.52438104	-0.0044983625	1.0	1.7479093	0.0010225822	1020000	2426.3111596107483
34	7.761598	3.4029398	14.710987	1.2578306	24.4	14.053706	57.0	0.0	1000.0	23552.0	0.02243047619047619	0.8339596	0.6985718	2.661283	-1.283895	2.4852653	2.3040237	18.771067	-1.2210596	2.947262e-10	-0.00055906957	-3.0517577e-09	-0.00053017074	0.2225541	-0.06023386	8.117235	-3.200574	0.5198827	-0.0043316483	1.0	1.7473229	0.0010003474	1050000	2496.3952219486237
35	7.654745	2.9013882	15.451868	0.8465861	18.433332	14.827189	53.0	0.0	1000.0	24105.0	0.022319444444444444	0.83711743	0.66210514	2.2802458	-1.4491653	2.5805533	2.2428048	19.060806	-1.2884598	5.7036944e-09	-0.00051361235	3.2552084e-08	6.1238607e-06	0.237765	-0.052948326	8.00946	-3.2179742	0.51555103	-0.0066770315	1.0	1.7469853	0.00079482095	1080000	2567.365567922592
36	8.268262	3.8012142	19.150005	3.150316	30.1	17.000687	65.0	0.0	1000.0	25008.0	0.02252972972972973	0.858286	0.7002374	2.4273257	-1.5444703	2.2195072	2.301866	20.51792	-1.6120136	1.04517515e-08	-0.0006357133	2.89917e-08	-0.0003173632	0.23462082	-0.05869931	11.536075	-4.739154	0.508874	-0.0037035346	1.0	1.7467692	0.0009975204	1110000	2637.5643286705017
37	7.677002	3.1765451	15.380699	1.183362	29.1	21.839336	110.0	0.0	1000.0	25881.0	0.02270263157894737	0.8538309	0.66716963	2.5843887	-1.1805598	2.939193	2.7240725	22.18325	-3.6820612	6.730433e-09	-0.00082520186	-8.138021e-09	-0.00032851563	0.2525651	-0.07516524	11.375709	-4.9777293	0.50517046	-0.0015364289	1.0	1.746319	0.0016368256	1140000	2707.4975175857544
38	8.985727	3.8696263	19.199774	-1.8227553	25.433332	17.13609	83.0	0.0	1000.0	26644.0	0.022772649572649573	0.9022868	0.6410868	2.3122482	-1.1668322	3.0520408	2.9159071	23.431381	-3.8075225	-1.3727269e-09	-0.0005202416	-8.138021e-09	-0.0014299887	0.2437321	-0.06386779	11.019473	-5.35757	0.50363404	-0.0011992455	1.0	1.7459999	0.0005260077	1170000	2777.5934019088745
39	9.014502	4.019077	15.612605	0.59141487	22.166666	15.397151	63.0	0.0	1000.0	27309.0	0.0227575	0.968253	0.66094416	2.3933568	-1.36577	2.6081865	2.4203198	22.924633	-2.6972415	-4.0426342e-09	-0.0012425227	1.2207031e-08	-0.00016059571	0.33748254	-0.12384571	9.750835	-4.307119	0.5024348	-0.002322197	1.0	1.7454731	0.0014610735	1200000	2847.528565645218
40	8.217395	3.7241857	18.492958	0.30783427	34.6	23.811203	92.0	0.0	1000.0	28347.0	0.023046341463414634	0.915421	0.75264454	2.9825864	-1.3700429	2.627617	3.1314244	32.628685	-2.6636121	5.4261617e-09	-0.011389599	1.6276042e-08	-0.024419555	0.24668083	-0.08368768	14.227148	-6.2678823	0.5001126	0.009408891	79.0	1.7447146	0.009880725	1230000	2926.6065814495087
41	8.819233	3.3543952	17.650469	1.866857	21.766666	19.79509	82.0	0.0	1000.0	29000.0	0.023015873015873017	0.94774115	0.6867685	2.6522236	-1.0272802	3.1283495	2.9133813	28.377369	-3.23543	7.6997415e-11	-0.010273506	1.2207031e-08	-0.023417825	0.25530422	-0.082750246	10.475479	-5.0457873	0.5095215	0.008789599	79.0	1.7122309	0.011656494	1260000	3004.8382530212402
42	9.579929	2.861528	15.955078	4.059988	21.833334	15.887277	55.0	0.0	1000.0	29655.0	0.022988372093023256	0.97273535	0.6706059	2.5983672	-1.1755483	2.2563503	2.4883044	22.471619	-2.3915408	-1.1522029e-09	-0.008689838	-1.2207031e-08	-0.014847972	0.21444236	-0.06712006	9.61017	-4.238635	0.5183111	0.0035011172	79.0	1.7111762	0.007434011	1290000	3083.0326673984528
43	9.221711	3.9875095	17.463127	0.19503167	27.533333	17.213818	70.0	0.0	1000.0	30481.0	0.023091666666666667	0.98693895	0.6278684	2.669869	-1.0304024	2.4004285	2.4835775	22.6839	-1.9582126	-8.142514e-10	0.0011543568	-1.0172526e-08	3.963216e-05	0.26116315	-0.082895726	10.779969	-4.4805818	0.5218122	0.00040656328	2.0	1.6900195	0.005746229	1320000	3153.4361004829407
44	9.685745	3.6063359	21.056746	3.6848233	22.4	26.93028	139.0	0.0	1000.0	31153.0	0.023076296296296296	0.9793917	0.70890504	2.7294786	-1.4270822	2.737062	2.6696708	22.250534	-1.7394232	1.0989692e-09	-0.00029429095	-1.6276042e-08	-0.0007327392	0.26130575	-0.096790954	15.326881	-9.634392	0.52221876	-0.00083732605	1.0	1.6894798	0.0034865474	1350000	3223.6857993602753
45	10.04838	2.8603654	16.505117	3.4788146	20.866667	15.407213	58.0	0.0	1000.0	31779.0	0.023028260869565217	1.0394853	0.67936087	2.6023939	-1.5174378	2.3595228	3.0257516	33.171623	-2.700844	4.737648e-09	-0.00039730236	4.0690105e-09	0.00011479492	0.23380521	-0.080417514	10.49472	-4.863259	0.52138144	-0.0025463104	1.0	1.6890572	0.0024723664	1380000	3294.3284792900085
46	10.538378	3.5372868	17.110777	2.8219123	30.9	20.890747	101.0	4.0	1000.0	32706.0	0.023195744680851064	1.0301857	0.6607839	2.6552184	-1.3712139	2.424234	2.7273896	25.307556	-2.4388592	-6.748045e-09	-0.0008545461	-4.0690105e-09	-0.0038027018	0.26521805	-0.08877206	12.755011	-5.9255066	0.5188351	0.0003838539	1.0	1.6886492	0.004622229	1410000	3364.815319776535
47	9.935868	3.0537214	16.897646	4.767135	18.533333	18.023565	61.0	0.0	1000.0	33262.0	0.02309861111111111	1.1123865	0.6627481	2.5763335	-1.2195193	3.1419125	2.6254106	20.23901	-1.0829266	1.2928097e-08	-0.0009875058	1.6276042e-08	-0.0005079916	0.24124746	-0.07343978	8.87747	-4.2326307	0.519219	-0.0024226308	1.0	1.6884845	0.0043088235	1440000	3434.656066417694
48	10.3559475	2.8580153	15.808525	5.5286345	24.333334	17.078903	70.0	0.0	1000.0	33992.0	0.023123809523809522	1.046387	0.67615205	2.7635636	-1.2128714	2.1647627	2.5014658	21.801458	-1.8192229	-8.988914e-09	-0.0008653192	-2.4414062e-08	-0.0019524668	0.22995521	-0.08481023	10.094018	-3.8240614	0.51679635	-0.0024701953	1.0	1.6885657	0.0034646548	1470000	3504.2871057987213
49	10.270218	4.278044	18.63781	4.194059	25.133333	15.781282	76.0	0.0	1000.0	34746.0	0.023164	1.0838856	0.66125846	2.7274117	-1.0720133	2.4720438	2.4011896	21.054277	-2.6575603	-2.6333087e-08	-0.0005108525	-1.4241537e-08	0.00032042235	0.24244286	-0.08204241	9.915471	-4.0541315	0.51432616	-0.0021532774	1.0	1.6885648	0.0016784283	1500000	3574.606768131256
50	10.40373	3.1271133	16.90837	4.512703	22.266666	18.919012	88.0	0.0	1000.0	35414.0	0.02314640522875817	1.1091774	0.7192774	2.9428458	-1.4018054	2.7720196	2.6340086	22.96112	-1.3805169	7.1081776e-09	-0.0004790643	2.6448568e-08	-0.0021202476	0.25854012	-0.087785095	9.49186	-4.079892	0.5121729	-0.0031251311	1.0	1.6883616	0.0032973094	1530000	3644.960794210434
51	9.138381	3.8991659	19.138138	1.9984078	32.2	21.393768	88.0	0.0	1000.0	36380.0	0.02332051282051282	1.0014005	0.67156434	2.448122	-1.2024162	2.4861522	2.542362	19.821268	-2.5406444	-8.296597e-09	-0.0009878456	-3.4586588e-08	-0.0005172994	0.22684649	-0.08401427	15.416953	-7.10798	0.50904775	0.0003736019	1.0	1.6881347	0.006284863	1560000	3715.1302535533905
52	9.494525	3.179223	17.065706	1.6372737	28.066668	19.275085	67.0	4.0	1000.0	37222.0	0.02341006289308176	0.98050207	0.693416	2.615182	-1.2111546	3.3364134	3.1947463	28.798748	-2.208728	-4.094408e-09	-0.00047732357	-8.138021e-09	-0.0023223022	0.17733808	-0.062477157	14.321942	-6.4790893	0.50942135	0.0016909838	1.0	1.6880732	0.0015137151	1590000	3785.4837753772736
53	9.908152	2.864218	16.549906	5.4192424	28.733334	20.282888	97.0	0.0	1000.0	38084.0	0.023508641975308643	1.006998	0.63345104	2.4669192	-1.0877151	2.9459562	3.0057397	27.691639	-2.0355513	9.910796e-10	-0.00038568175	8.90096e-09	0.00012430851	0.21716738	-0.06359659	12.565789	-5.3618026	0.51111233	0.0031952858	1.0	1.6881027	0.0018270311	1620000	3855.8917920589447
54	9.647136	3.189857	16.164951	3.386946	39.866665	22.613762	95.0	0.0	1000.0	39280.0	0.023806060606060605	1.0129149	0.67760146	2.5456557	-1.3055865	3.4187813	3.5538533	23.724401	-4.6958632	3.844521e-11	-0.00022869305	4.0690105e-09	-0.002640267	0.22583598	-0.077687025	13.760758	-5.769132	0.5143076	0.008775115	1.0	1.6882498	0.004386311	1650000	3925.9519894123077
55	8.67294	3.388733	15.562573	1.4252706	30.833334	23.496218	93.0	0.0	1000.0	40205.0	0.02393154761904762	1.0173908	0.66559124	2.6688743	-1.1660541	3.5538294	3.3513818	28.122253	-1.5154954	4.8222826e-09	-0.000817301	-4.0690105e-09	-0.0013765055	0.23466103	-0.09898433	13.2228	-6.2002034	0.52308273	0.010405421	1.0	1.6883793	0.002323828	1680000	3996.568387031555
56	10.128132	3.0319717	14.540788	2.9630017	29.5	20.764954	76.0	0.0	1000.0	41090.0	0.024029239766081872	1.0099785	0.63606226	2.6813157	-1.2786063	2.942928	3.2736223	34.183666	-2.3995183	8.647418e-09	-0.00034400664	1.6276042e-08	-0.0027349528	0.2666246	-0.103541955	12.562758	-5.686741	0.53348815	0.0114219785	1.0	1.688539	0.0026184402	1710000	4066.8685936927795
57	9.58763	3.2497923	16.99419	2.984364	31.433332	21.176535	66.0	0.0	1000.0	42033.0	0.02415689655172414	1.024378	0.6179226	2.645478	-1.1573694	2.9476082	3.2671359	27.440731	-1.6538198	5.866945e-09	-0.0008389569	-2.0345052e-09	-0.0013333131	0.23157437	-0.094497845	11.715693	-4.770061	0.54491013	0.013134956	1.0	1.6886833	0.0010048662	1740000	4136.482476472855
58	9.73696	3.3709304	18.755854	4.4456196	29.166666	19.723223	79.0	0.0	1000.0	42908.0	0.02424180790960452	1.0192167	0.64102495	2.9801683	-1.224651	3.2748349	3.2710075	28.8033	-3.162115	1.8036621e-08	-0.0016962031	2.8483074e-08	-0.0003458781	0.25308314	-0.107178286	12.986208	-5.914149	0.5580451	0.013900638	1.0	1.6885684	0.0031049426	1770000	4206.9089596271515
59	9.611311	3.0573356	14.354343	3.220701	29.366667	23.752167	94.0	0.0	1000.0	43789.0	0.024327222222222222	0.9913425	0.6840793	2.9239438	-1.5705076	3.4040046	3.4409719	30.448118	-2.9279728	-1.1466786e-08	-0.0005954962	-1.0172526e-08	-0.0013849966	0.23918617	-0.10014607	14.246407	-6.6435924	0.5719457	0.014721751	1.0	1.6884621	0.0019641558	1800000	4277.429354190826
60	9.683082	3.3540125	16.910452	2.442517	31.8	21.592281	99.0	0.0	1000.0	44743.0	0.024449726775956283	1.0267775	0.65127176	2.66587	-0.94920206	3.127741	3.2951038	28.314545	-2.146633	-7.0780284e-09	-0.0006966909	-1.2207031e-08	-0.0017625361	0.24601594	-0.101568535	14.089254	-6.045969	0.5866675	0.016459107	1.0	1.6884136	0.0017681469	1830000	4347.783643007278
61	10.585871	3.3032355	19.29836	1.4899913	29.233334	19.862331	68.0	0.0	1000.0	45620.0	0.02452688172043011	1.0804245	0.6690874	2.8171887	-1.5253675	3.1976376	3.0125873	22.922676	-1.7376529	-1.896493e-08	-0.0011782445	-2.8483074e-08	-0.002191624	0.23502119	-0.09132287	10.675148	-5.0869756	0.6031266	0.017089188	1.0	1.6883057	0.0021775013	1860000	4417.569998264313
62	9.822504	3.6360636	17.12617	2.2216604	26.533333	19.912699	66.0	0.0	1000.0	46416.0	0.02455873015873016	1.1028687	0.6760591	3.0267584	-1.048037	2.9614408	2.9536612	30.371323	-2.422465	-5.5575844e-10	-0.001112684	-2.4414062e-08	-0.001386914	0.25779665	-0.11487341	10.407309	-5.700744	0.6202158	0.016519666	1.0	1.688004	0.0018411878	1890000	4487.854812860489
63	11.230999	4.192203	21.422195	4.2524858	29.066668	23.864805	88.0	0.0	1000.0	47288.0	0.024629166666666667	1.1566136	0.6710353	3.2098224	-1.2905552	3.1441343	2.8693025	25.385544	-2.9155142	5.088805e-09	-0.010262662	1.6276042e-08	-0.025296176	0.34293157	-0.15635823	13.436802	-7.145938	0.63673544	0.025794387	60.0	1.6879215	0.012188406	1920000	4564.559010267258
64	10.731049	4.211703	18.153145	-0.31293085	26.566668	22.867273	87.0	0.0	1000.0	48085.0	0.024658974358974357	1.1329187	0.7173102	2.8765767	-1.5886489	2.9036593	3.0691006	24.743057	-2.6366043	3.640847e-09	-0.01151661	1.2207031e-08	-0.025391225	0.2926104	-0.12203729	13.136587	-6.961506	0.6625298	0.02625519	62.0	1.6580786	0.011959052	1950000	4641.808380126953
65	9.695227	3.3528783	16.256447	1.8258193	29.0	21.64101	91.0	0.0	1000.0	48955.0	0.024724747474747476	1.003691	0.7110032	2.813572	-1.4211196	2.748915	3.314683	29.495636	-3.7583835	-3.096135e-12	-0.010814689	-4.0690105e-09	-0.023755599	0.26485595	-0.12980321	13.728056	-6.5736003	0.688785	0.02496785	46.0	1.634332	0.012255709	1980000	4716.861832380295
66	9.607207	2.348075	14.606746	5.8068533	26.866667	15.433153	65.0	0.0	1000.0	49761.0	0.024756716417910447	1.0678552	0.65329695	2.6711292	-1.0517373	3.1190016	2.923164	23.11019	-2.1026886	2.2022024e-09	-0.003970472	8.138021e-09	-0.007563224	0.22690359	-0.10802377	13.801623	-7.079216	0.71375287	0.018686175	10.0	1.6086923	0.004740121	2010000	4788.32270359993
67	10.649903	2.7855427	16.680943	5.7475734	17.033333	14.969933	71.0	0.0	1000.0	50272.0	0.02464313725490196	1.113029	0.63662	3.383207	-1.2046609	2.586931	2.7153804	28.78382	-3.435217	4.027765e-09	-0.0010470492	8.138021e-09	-0.0024328532	0.2036862	-0.090244345	8.312338	-4.6306677	0.73243904	0.011472464	1.0	1.6052268	0.0040725735	2040000	4858.8914251327515
68	10.391664	2.677826	16.79913	6.7278914	23.933332	19.85268	87.0	0.0	1000.0	50990.0	0.024632850241545892	1.0448884	0.6718096	2.7738845	-1.1574614	1.9376091	2.4286077	26.864124	-2.9333968	-8.152227e-09	-0.0013639242	-4.0690105e-09	-0.0031582296	0.21078448	-0.0878314	11.013958	-5.3459654	0.7439115	0.010097146	3.0	1.6047361	0.002282669	2070000	4929.700808048248
69	10.131055	3.4480088	18.02273	4.4165864	23.233334	17.18271	68.0	0.0	1000.0	51687.0	0.02461285714285714	1.1278872	0.66283387	2.885319	-1.0240868	2.312341	2.6075604	27.86896	-3.8606713	-1.0257808e-08	-0.0006970365	-1.5767416e-08	-0.0031022434	0.2384122	-0.10922265	11.026529	-5.615015	0.75400865	0.008093119	1.0	1.6028345	0.005638569	2100000	4999.866898298264
70	10.937466	3.14961	18.978083	4.8071065	21.3	17.834705	64.0	0.0	1000.0	52326.0	0.024566197183098593	1.1279889	0.6939352	3.385225	-1.2500565	2.288662	2.792726	25.018644	-3.375078	-6.7367014e-09	-0.0013660147	-1.4241537e-08	-0.0020735941	0.24318859	-0.12589702	10.310921	-5.6223826	0.76210177	0.0054733157	3.0	1.6019988	0.0015380107	2130000	5070.495727062225
71	11.136598	3.07299	16.959549	3.6449964	23.033333	19.208475	74.0	0.0	1000.0	53017.0	0.024544907407407408	1.1102562	0.65528274	2.7278574	-1.2045727	2.1866312	2.663192	25.518139	-3.4110427	-6.4519567e-09	-0.0003712241	-1.2207031e-08	-0.0007577108	0.21283707	-0.0922062	11.648927	-5.8969035	0.7675751	0.0037423968	1.0	1.6012876	0.0012835469	2160000	5140.049742698669
72	10.834415	3.2591662	17.859482	2.1302161	28.5	22.596092	94.0	0.0	1000.0	53872.0	0.024599086757990867	1.1251936	0.671188	2.9029405	-1.1958177	2.4651704	2.558348	23.310595	-1.9123354	-5.253218e-10	-0.0010124798	4.0690105e-09	-0.001064567	0.23022468	-0.10412246	14.5006275	-7.7140045	0.7713175	0.0054637194	3.0	1.6010714	0.0024002725	2190000	5210.3105709552765
73	11.290113	3.4732375	18.56025	3.4119117	28.066668	22.32776	100.0	0.0	1000.0	54714.0	0.024645945945945946	1.1567792	0.65583277	2.9254775	-1.4093751	2.8157036	3.2132504	31.496275	-2.713459	-3.4065128e-08	-0.00048828154	-5.6966147e-08	-0.0025668375	0.23925033	-0.096473634	12.046762	-5.6473613	0.7767812	0.0066031218	1.0	1.6005063	0.0042553297	2220000	5280.746290683746
74	10.869415	2.8340333	16.016768	4.6482105	26.0	17.02547	60.0	0.0	1000.0	55494.0	0.024664	1.0443354	0.64349186	2.7447124	-1.072296	2.7850168	3.2152944	31.222824	-2.9419055	8.308969e-09	-0.001745458	2.0345052e-09	-0.0037754232	0.21588011	-0.09984239	12.655696	-6.218061	0.7833843	0.006713867	3.0	1.6003993	0.0033606568	2250000	5351.182783603668
75	10.600845	2.7200382	15.917801	5.146504	24.4	21.10387	82.0	0.0	1000.0	56226.0	0.024660526315789473	1.1462603	0.6467513	2.593548	-1.2207943	2.6268528	2.888158	32.92869	-3.06713	1.1365328e-09	-0.009913951	0.0	-0.023197345	0.23440078	-0.10131189	12.039877	-6.0267606	0.7900982	0.009804845	37.0	1.6002604	0.012507793	2280000	5425.454254865646
76	11.629041	2.9729173	16.853485	5.2205286	22.266666	23.210533	86.0	0.0	1000.0	56894.0	0.02462943722943723	1.1866663	0.643963	2.6948404	-1.1721486	2.6338346	3.0611544	30.147972	-3.2884505	-1.876126e-08	-0.009809965	-4.4759116e-08	-0.02397162	0.22513223	-0.102289	12.066659	-5.7784758	0.79990304	0.01063925	39.0	1.5809202	0.011902345	2310000	5499.188831806183
77	9.615738	2.8145247	14.6444235	2.8280716	20.5	17.71205	68.0	0.0	1000.0	57509.0	0.024576495726495725	1.1154476	0.6584738	2.953457	-1.2549591	2.1093311	2.4958408	26.186586	-2.518256	-1.2421624e-09	-0.010637131	-2.0345052e-08	-0.025371358	0.21058856	-0.09743315	11.654578	-6.688731	0.8105423	0.0069001913	38.0	1.5635767	0.012534606	2340000	5573.36942076683
78	11.336616	3.8533332	18.93503	3.526817	27.633333	14.344531	71.0	0.0	1000.0	58338.0	0.024615189873417723	1.0726484	0.6485346	2.944884	-1.2446963	2.2466288	3.0222704	26.42255	-3.5678654	-1.33173605e-08	0.001038503	-3.4586588e-08	-0.006942853	0.26298538	-0.12949659	11.731707	-5.961619	0.8174425	0.0032417774	6.0	1.5465201	0.010493681	2370000	5643.673269748688
79	11.976618	3.7764997	18.448095	5.6461697	20.666666	15.302143	60.0	0.0	1000.0	58958.0	0.024565833333333332	1.2768258	0.6906706	3.5859876	-1.1494128	2.4767678	2.7553103	28.75873	-2.0227044	7.594681e-09	-0.0009614349	1.93278e-08	-0.0037907592	0.24988715	-0.12025219	10.277709	-5.9094057	0.82068425	-0.0004940629	1.0	1.5434556	0.0053348476	2400000	5713.4921045303345
80	11.10175	3.136984	15.761808	3.233049	23.433332	20.985207	87.0	0.0	1000.0	59661.0	0.024551851851851852	1.2432431	0.6518113	3.0832276	-1.078109	2.3837376	2.8235345	27.230782	-2.113841	1.2275797e-08	-0.00019345936	2.8483074e-08	-0.0023573444	0.22808643	-0.11028138	11.757093	-6.309877	0.8201902	-0.0013607144	1.0	1.5427656	0.0045384094	2430000	5783.2734088897705
81	9.797475	2.604326	14.594242	3.7395253	15.833333	20.49729	108.0	0.0	1000.0	60136.0	0.024445528455284554	1.1370023	0.6948215	3.2826765	-1.4349	1.9933155	2.8741393	36.36729	-3.8983428	-8.10351e-09	-0.00058234384	-1.8310548e-08	-0.00045406292	0.22314124	-0.11142714	8.069233	-4.2132015	0.8188295	-0.0065525174	1.0	1.5421329	0.0005245447	2460000	5853.399067878723
82	10.106287	3.9694457	18.944695	1.1237905	19.5	13.56896	50.0	0.0	1000.0	60721.0	0.0243859437751004	1.0547438	0.66904813	2.821323	-1.3761442	1.7223376	2.3915164	29.180069	-2.1633565	1.487176e-08	5.5761302e-05	2.4414062e-08	-0.001755419	0.28466418	-0.13301158	8.245559	-3.837078	0.81227696	-0.009018123	1.0	1.5416689	0.0032250835	2490000	5923.145946502686
83	10.345308	2.8184521	16.177082	5.832089	20.566668	19.610685	58.0	0.0	1000.0	61338.0	0.02434047619047619	1.1224048	0.7248707	3.27878	-1.4105219	2.1398416	2.4785285	25.848524	-1.835051	-7.573902e-09	-0.00095947535	-8.138021e-09	-0.0042778505	0.24432123	-0.12626128	9.26006	-4.205009	0.80325884	-0.010580063	1.0	1.5409952	0.0065547316	2520000	5993.273240327835
84	9.745313	3.11651	17.772738	5.2599406	16.6	15.955354	64.0	0.0	1000.0	61836.0	0.024249411764705884	1.0870882	0.71493113	2.8506737	-1.3202302	1.9963613	2.4977279	25.515148	-1.733706	-1.1265878e-08	-0.00064406823	-2.0345052e-08	-0.0015755615	0.24149218	-0.12034001	7.7473707	-3.4043956	0.7926788	-0.014007986	1.0	1.5403666	0.003691043	2550000	6063.319534778595
85	11.257443	2.4737742	15.5893755	6.147181	16.533333	14.056395	58.0	0.0	1000.0	62332.0	0.02415968992248062	1.0885508	0.714066	3.264347	-1.5152509	1.9341193	2.408883	21.465944	-3.2426567	6.6052466e-09	-0.0009565852	-7.1207684e-09	-0.00045519206	0.24309681	-0.122429684	7.1289926	-3.643814	0.7786708	-0.0169276	1.0	1.5397834	0.002881157	2580000	6134.022506952286
86	11.049983	3.3804634	16.912624	5.007887	18.833334	12.195854	60.0	0.0	1000.0	62897.0	0.02409846743295019	1.1156118	0.6577719	2.7218943	-1.404385	1.7362771	2.1005814	16.914188	-2.1913679	1.0226772e-08	-0.0012183038	1.8310548e-08	-0.0018506104	0.24381512	-0.11583085	7.0539823	-3.1646776	0.7617432	-0.018261671	1.0	1.5395184	0.002905429	2610000	6204.3868725299835
87	9.391521	2.716379	15.748762	1.7673575	27.133333	18.126837	73.0	0.0	1000.0	63711.0	0.024132954545454544	1.0696403	0.64264476	2.6053622	-1.1331488	1.9837997	2.7353275	27.694115	-2.4609532	-6.2988232e-09	-0.0014816443	7.1207684e-09	-0.0017182347	0.23016955	-0.10909589	11.338007	-5.1150675	0.7434815	-0.015103102	1.0	1.5394553	0.005243259	2640000	6274.368192195892
88	10.825431	3.5022335	18.040447	4.598463	25.7	17.286121	62.0	0.0	1000.0	64482.0	0.02415056179775281	1.0229702	0.6696243	2.9860396	-1.5375879	2.5844088	2.9570587	25.920357	-2.5546267	6.001711e-09	-0.00091564225	1.4241537e-08	-0.0051025087	0.2940453	-0.15984358	11.770076	-6.1119347	0.7283784	-0.013094366	1.0	1.5393287	0.009656622	2670000	6343.754183769226
89	10.979006	3.3742633	20.175611	5.319669	17.566668	17.672358	63.0	0.0	1000.0	65009.0	0.02407740740740741	1.1450776	0.6793779	3.2451074	-1.3616204	2.4225318	3.0864758	31.581583	-2.272757	-1.3310782e-08	-0.0011428855	-1.6276042e-08	-0.0012141032	0.22419532	-0.11045606	10.294207	-5.420272	0.71528405	-0.015381038	1.0	1.5392802	0.002234385	2700000	6413.855630159378
90	11.106627	2.6768794	15.650777	4.546152	18.6	15.398268	51.0	0.0	1000.0	65567.0	0.024017216117216116	1.1488087	0.65743864	2.822349	-0.9898801	2.1996386	2.731365	33.215927	-2.362309	-2.094463e-09	-0.00076596567	0.0	-0.0032297566	0.18782979	-0.09597802	9.918792	-5.171163	0.699903	-0.016834319	1.0	1.5392249	0.0039850683	2730000	6483.6373081207275
91	11.749484	2.7624319	16.645758	2.8588452	11.0	10.692677	34.0	0.0	1000.0	65897.0	0.02387572463768116	1.183413	0.6008936	3.0993752	-0.83670944	1.6308973	2.037593	24.671017	-2.9984303	-1.0525895e-08	-0.0006853061	-5.086263e-09	-0.0013645279	0.20254813	-0.10019895	5.9429245	-3.0791128	0.6830687	-0.021015763	1.0	1.5393881	0.0058604716	2760000	6553.741663217545
92	10.873201	3.796533	18.154728	-0.40741098	19.6	17.093079	54.0	0.0	1000.0	66485.0	0.023829749103942654	1.1309452	0.6988313	3.36812	-1.29401	1.3349141	2.0953588	26.11119	-1.6908604	2.0998034e-09	-0.0008210861	1.525879e-08	-0.00093810627	0.23905423	-0.12792763	9.446608	-4.130991	0.6620529	-0.021000266	1.0	1.5396502	0.0013648308	2790000	6623.096812009811
93	11.79933	2.4994838	16.716429	6.786585	23.2	24.144566	124.0	0.0	1000.0	67181.0	0.02382304964539007	1.1955214	0.6556646	2.8469272	-0.9650233	2.0833447	2.795687	25.098347	-2.4945612	-8.646974e-09	-0.0008857893	-2.8483074e-08	-0.00036854655	0.24538343	-0.12123228	14.214715	-7.303449	0.64105266	-0.019383669	1.0	1.5400155	0.0040149707	2820000	6692.829323291779
94	10.847848	3.2214255	16.866114	4.521169	19.1	17.209202	87.0	0.0	1000.0	67754.0	0.023773333333333334	1.1907537	0.6779338	3.1482627	-1.1208732	2.4343727	3.3311007	33.77328	-3.5474632	-5.866193e-09	-0.0010898712	-7.1207684e-09	-0.0018285228	0.23487185	-0.11665417	11.43965	-5.7271914	0.621669	-0.019663155	1.0	1.5401886	0.0023227762	2850000	6762.660507202148
95	9.389829	3.8367288	18.71662	0.08753301	20.233334	16.239218	51.0	0.0	1000.0	68361.0	0.02373645833333333	1.0543067	0.68202543	2.970436	-1.4235992	2.2153125	2.8723147	28.911295	-3.2119167	3.8746935e-09	-0.0007637717	1.0172526e-09	-0.0010839382	0.22896151	-0.12161583	9.652994	-4.820989	0.60200584	-0.019366622	1.0	1.5403545	0.0019217153	2880000	6832.944146156311
96	11.055325	3.10767	15.928614	3.9745421	23.366667	19.007864	82.0	0.0	1000.0	69062.0	0.023732646048109967	1.0842615	0.66618216	2.7727046	-1.0590447	2.0075166	2.9033928	29.805492	-2.3522582	2.1246782e-10	-0.0012784975	4.0690105e-09	-0.0019473817	0.2245734	-0.11806549	11.972547	-5.42702	0.5826392	-0.01778239	1.0	1.5407686	0.0016818884	2910000	6902.976762056351
97	11.211387	3.6754074	19.310547	3.5669425	17.5	16.857738	60.0	0.0	1000.0	69587.0	0.023669047619047617	1.1497818	0.642817	2.7851021	-1.0250995	2.3198462	2.6086056	29.63652	-1.5122116	-1.6006395e-09	-0.0008282555	1.6276042e-08	0.0003327311	0.24173261	-0.1259672	9.274924	-4.562948	0.5648568	-0.018635333	1.0	1.5410675	0.001621326	2940000	6973.015109777451
98	11.3904505	3.2154338	17.832428	5.721472	17.0	13.711309	46.0	0.0	1000.0	70097.0	0.023601683501683502	1.1921575	0.6578768	2.963095	-0.9596618	1.62518	2.3979185	33.991367	-1.778421	-2.3385944e-09	-0.00100344	-1.2207031e-08	-0.0009248332	0.2535352	-0.15619546	8.8515415	-4.5050364	0.5462215	-0.019428015	1.0	1.5414239	0.0012744085	2970000	7043.162564992905
99	11.742801	3.3086936	20.711237	6.01044	24.766666	21.605064	83.0	0.0	1000.0	70840.0	0.023613333333333333	1.2328707	0.68492806	3.2194438	-0.9999342	1.9827971	2.7519207	33.370735	-1.9969923	-1.20049055e-08	-0.0005554634	-3.86556e-08	0.00022491047	0.24725056	-0.14472792	12.734743	-6.3662314	0.5267935	-0.017187178	1.0	1.5417091	0.0017305821	3000000	7113.1584379673
100	12.067127	3.060869	18.682047	6.548876	23.833334	17.990892	88.0	0.0	1000.0	71555.0	0.023615511551155117	1.1781144	0.67739797	2.734856	-1.3237592	2.6537013	3.4633088	39.75806	-1.6937836	-6.738529e-09	-0.0010361476	0.0	-0.0027433147	0.24812366	-0.14317004	12.353308	-5.3881173	0.5096063	-0.015594959	1.0	1.5419042	0.0021087013	3030000	7183.97646856308
101	12.570255	3.8561773	21.173737	5.4900565	21.566668	14.836179	57.0	0.0	1000.0	72202.0	0.023595424836601306	1.2536545	0.63539124	2.903405	-0.94389266	2.1179583	2.723421	43.080727	-1.4929457	-1.326506e-08	-0.00080587954	-3.0517577e-09	0.0005207489	0.25250137	-0.13475129	9.765719	-4.0084677	0.49401134	-0.015033841	1.0	1.5421581	0.002467511	3060000	7254.504042863846
102	12.736503	2.8057523	18.43935	7.8912096	18.233334	14.845162	56.0	0.0	1000.0	72749.0	0.023543365695792882	1.3079257	0.6540523	3.3222516	-1.2750229	2.2991803	2.5403798	35.04259	-1.2977033	3.3120275e-09	-0.0007012235	-1.525879e-08	-0.00078333536	0.23969553	-0.1297796	8.58637	-3.7364435	0.4789775	-0.015630186	1.0	1.5423954	0.0008890994	3090000	7325.267418861389
103	11.878301	3.3638103	17.740839	5.331298	22.733334	18.798817	71.0	0.0	1000.0	73431.0	0.023535576923076923	1.2351813	0.665357	3.257835	-0.9093149	2.1225152	2.4604042	24.632996	-2.117262	-2.3729496e-09	-0.0005387826	-1.6276042e-08	-0.0008660868	0.253628	-0.13911521	13.269285	-6.761348	0.46334732	-0.014577717	1.0	1.5428436	0.0025874951	3120000	7395.524350643158
104	12.168368	2.9515486	20.727446	6.455421	22.2	21.46532	84.0	0.0	1000.0	74097.0	0.023522857142857144	1.2756882	0.6252985	2.954643	-1.5179511	2.2571666	2.6852708	29.749031	-2.1299412	4.86321e-10	-0.00043182314	6.1035155e-09	-0.0010994236	0.20786494	-0.10626891	12.643223	-5.4371834	0.4487696	-0.013826966	1.0	1.5429579	0.0021036144	3150000	7465.694141387939
105	11.740718	3.003284	17.391424	5.275229	26.9	19.42052	70.0	0.0	1000.0	74904.0	0.023554716981132075	1.2426661	0.64563763	2.9904199	-0.9879305	2.5647645	3.3635938	39.78786	-1.7908857	4.4234683e-09	-0.0009345894	4.0690105e-09	-0.0019630208	0.21706331	-0.112994835	13.280073	-6.3207307	0.43494263	-0.011540294	1.0	1.5428092	0.0022495026	3180000	7535.934804916382
106	11.48894	2.6834319	17.780794	7.4351845	30.633333	29.030424	117.0	0.0	1000.0	75823.0	0.023620872274143303	1.2079093	0.688577	3.1885803	-1.1042882	2.8001683	3.7673526	35.788025	-1.6162341	8.138021e-09	-0.0005781175	8.138021e-09	-0.001113851	0.2003068	-0.107434474	18.167425	-9.665774	0.42340234	-0.0082449615	1.0	1.5428374	0.0006312441	3210000	7606.408803701401
107	11.867535	3.0267408	19.160341	5.7589536	36.466667	29.709408	123.0	0.0	1000.0	76917.0	0.023739814814814814	1.1896639	0.6734217	3.341684	-1.2077597	3.5944407	4.2940226	36.055553	-2.6664224	4.5569077e-09	-0.00079205504	-4.0690105e-09	-0.0019303894	0.2529556	-0.14362752	19.50445	-10.713403	0.41515738	-0.0033824444	1.0	1.5432129	0.0012560788	3240000	7677.019486665726
108	13.288852	2.9402075	19.276693	8.304061	14.0	12.561847	52.0	0.0	1000.0	77337.0	0.02365045871559633	1.3201472	0.63027275	3.7187974	-1.0915202	2.8868225	2.8308892	29.219063	-1.8483841	4.1113073e-09	-0.00037845116	-8.138021e-09	-0.0024541952	0.22924837	-0.12881257	9.566718	-5.991222	0.41177493	-0.006496936	1.0	1.543782	0.0030889462	3270000	7747.127960205078
109	11.823682	2.9465706	18.808489	6.2986455	25.366667	20.18495	78.0	0.0	1000.0	78098.0	0.023666060606060607	1.316884	0.6579362	3.0366468	-0.9213418	1.6818215	2.2598865	28.49387	-2.0672975	6.2631655e-09	-0.00077416043	-2.8483074e-08	-4.3845623e-05	0.2536763	-0.1328257	14.84394	-7.2717338	0.405278	-0.0056878924	1.0	1.5443122	0.0015813904	3300000	7817.176097393036
110	12.426341	3.3531303	20.779442	5.473274	19.5	15.110151	48.0	0.0	1000.0	78683.0	0.02362852852852853	1.2322133	0.65360826	3.010929	-1.2257285	2.5794826	2.8111048	30.151508	-2.7447245	1.7485432e-09	-0.0010671432	-1.4241537e-08	-0.0016093303	0.24053422	-0.1452325	9.656802	-4.6026983	0.3995901	-0.0067798793	1.0	1.544492	0.0018060717	3330000	7887.671179771423
111	12.843643	3.6056037	23.441944	6.4871645	24.5	22.23773	125.0	0.0	1000.0	79418.0	0.023636309523809525	1.3457835	0.65470356	3.2494333	-1.4295125	2.1427193	2.3953552	22.432213	-2.0514987	1.9822819e-08	-0.00080115965	3.6621095e-08	-0.0014245972	0.26941493	-0.14946604	16.066671	-9.017586	0.39281023	-0.0061977506	1.0	1.5444666	0.0026232554	3360000	7957.647482872009
112	11.718474	3.5590487	18.399712	5.3614535	21.766666	21.211134	92.0	0.0	1000.0	80071.0	0.02361976401179941	1.3002187	0.69289154	3.1977968	-1.224565	2.8060703	3.8344107	49.77068	-2.2827134	-1.7939719e-08	-0.00052363717	4.0690105e-09	-0.002393221	0.2767423	-0.16106658	14.043683	-7.050205	0.38661247	-0.00650838	1.0	1.5442492	0.005448442	3390000	8027.949566364288
113	12.85108	2.015341	18.516827	9.283909	20.9	18.259882	58.0	0.0	1000.0	80698.0	0.023595906432748538	1.3010911	0.62491006	2.8835692	-1.2327843	1.990916	2.414807	28.142235	-1.9777874	-6.6939503e-09	-0.00074531196	-1.6276042e-08	-0.0005331136	0.23799062	-0.13736698	10.435266	-5.4698114	0.3801041	-0.0070227683	1.0	1.5437994	0.0017477202	3420000	8097.836262226105
114	12.75801	3.411631	20.158718	6.6926765	24.7	19.51777	66.0	0.0	1000.0	81439.0	0.023605507246376813	1.2912314	0.63051695	3.2241178	-1.3558838	2.731132	3.3240962	30.7514	-3.3561246	1.2383716e-08	-0.00075775903	1.8310548e-08	-0.00094436243	0.243063	-0.13231711	12.2190275	-5.916805	0.37308133	-0.006335348	1.0	1.5433743	0.0013281455	3450000	8167.964220523834
115	13.188125	2.8151293	18.327726	6.0142765	25.233334	20.320242	79.0	0.0	1000.0	82196.0	0.023619540229885057	1.3657284	0.67417574	3.0625484	-0.83885485	2.504202	2.9003732	31.236889	-1.7056597	-1.0420032e-08	-0.00043410342	0.0	-0.0008450236	0.2240453	-0.12598169	16.007162	-8.21612	0.36674598	-0.00556612	1.0	1.5428202	0.001124914	3480000	8238.124862909317
116	13.787901	3.27647	20.839022	6.437183	17.466667	19.412596	82.0	0.0	1000.0	82720.0	0.023566951566951568	1.4207977	0.6283905	3.083792	-0.866161	2.2659357	3.0942357	45.151497	-2.1335704	-1.5772889e-09	-0.00059892365	8.138021e-09	-0.001018925	0.21169426	-0.122834764	9.881267	-4.466775	0.36117986	-0.0071023703	1.0	1.5423453	0.0008700912	3510000	8308.20577454567
117	12.209219	3.555651	18.756105	1.0154723	30.033333	22.549921	91.0	0.0	1000.0	83621.0	0.02362175141242938	1.357126	0.6889912	3.4938862	-1.0959033	2.6308434	4.055559	39.573406	-2.4284883	-2.3794986e-09	-0.0014297845	8.138021e-09	-0.0029826742	0.21715167	-0.12563458	21.061487	-11.741461	0.3540775	-0.0048362017	1.0	1.5421066	0.004920576	3540000	8378.559442520142
118	10.988653	2.8813143	19.234446	5.6175785	28.333334	31.299982	150.0	0.0	1000.0	84471.0	0.023661344537815127	1.1698406	0.67469203	3.8653164	-1.0830649	2.984649	4.1175284	48.612076	-5.0401607	1.6518127e-09	-0.0010120234	1.2207031e-08	-0.00061146443	0.25242886	-0.15106946	20.784624	-13.580252	0.3492413	-0.003354013	1.0	1.5420644	0.002086877	3570000	8448.575697660446
119	13.299518	2.7862625	20.905941	5.878282	23.933332	27.862679	110.0	0.0	1000.0	85189.0	0.02366361111111111	1.2915715	0.6521356	3.1159306	-1.0004481	2.5751436	3.893271	50.06698	-2.7679524	-1.2030998e-08	-0.0009566915	-2.0345052e-08	-0.0010868123	0.21128678	-0.11989411	17.033909	-9.379255	0.34588727	-0.0033046007	1.0	1.542083	0.002129704	3600000	8518.733371973038
120	12.366099	3.1889782	17.628897	4.2858653	14.666667	15.308676	52.0	0.0	1000.0	85629.0	0.02358925619834711	1.3566091	0.6511216	3.6624863	-0.9640032	2.3318958	3.2419536	36.561413	-3.9738102	-1.0524283e-09	-0.0007718283	1.2207031e-08	-0.0008635193	0.2182318	-0.11755	10.013715	-5.787682	0.34258267	-0.00578022	1.0	1.542129	0.0007886581	3630000	8588.6167178154
121	13.28195	3.3460534	20.367651	4.4851313	28.1	28.650015	149.0	0.0	1000.0	86472.0	0.023626229508196723	1.3056438	0.62062114	2.999352	-1.3833679	1.8798635	2.7107887	37.758926	-3.0655699	-1.3210629e-09	-0.00041129868	-2.0345052e-08	-0.0013428181	0.2456133	-0.13833593	23.151976	-13.092511	0.33680245	-0.004288316	1.0	1.5421441	0.00065564475	3660000	8659.001168251038
122	12.424233	2.8521209	21.81316	6.272578	16.8	16.302147	53.0	0.0	1000.0	86976.0	0.023570731707317074	1.4084629	0.66567266	3.3594246	-0.7314972	2.5247648	2.6366925	31.420303	-2.7321594	4.9696594e-09	-0.0006062786	-1.2207031e-08	-0.000929012	0.2516027	-0.15321514	9.58645	-4.927151	0.33251414	-0.0060043037	1.0	1.5421708	0.0014642635	3690000	8729.215189218521
123	12.558155	2.7428868	18.418318	6.5290318	16.066668	13.961695	53.0	0.0	1000.0	87458.0	0.023510215053763443	1.3136066	0.64085853	3.0780523	-0.83851033	1.8692651	2.21579	28.776793	-2.5868149	1.4241537e-08	-0.0011460545	1.4241537e-08	-0.00050682784	0.21331386	-0.12467272	6.856138	-2.8118415	0.32650983	-0.007621914	1.0	1.5419235	0.0012033964	3720000	8799.194656133652
124	13.538624	2.7262034	18.426369	6.868654	20.266666	15.645945	61.0	0.0	1000.0	88066.0	0.023484266666666666	1.342711	0.6035255	3.0749922	-0.7948887	1.7415466	2.0542939	22.367197	-2.0826194	-5.8361156e-09	-4.931848e-05	-3.051758e-08	0.00028814495	0.23767109	-0.13722837	9.284195	-3.4950871	0.31888792	-0.007946342	1.0	1.5416791	0.00048059502	3750000	8869.336349725723
125	13.267756	3.7545044	20.091124	4.6853876	22.1	25.736294	101.0	0.0	1000.0	88729.0	0.023473280423280424	1.4243726	0.63727534	3.2714527	-0.91447824	2.2427278	2.839646	35.49264	-2.3056962	-2.5364173e-09	-0.00030469854	1.2207031e-08	-0.0010655599	0.23497796	-0.12921318	12.159697	-5.6477575	0.31094158	-0.007754743	1.0	1.5413927	0.0008226302	3780000	8939.29927110672
126	12.014376	2.8078842	17.451578	6.6481433	23.7	27.873703	145.0	0.0	1000.0	89440.0	0.0234750656167979	1.3100553	0.6834998	3.2129366	-1.0310712	2.1722012	3.2159064	32.372307	-1.884971	-8.470156e-09	-0.00048371166	-1.6276042e-08	-0.00020096029	0.20919394	-0.12587425	22.256338	-14.906693	0.30318683	-0.007183045	1.0	1.541004	0.0007052033	3810000	9009.466089963913
127	12.367124	2.7318673	19.721554	8.241094	16.966667	12.142166	51.0	0.0	1000.0	89949.0	0.02342421875	1.2971127	0.6076725	2.93194	-0.8069022	2.0243566	2.3800416	29.601889	-2.6784413	-3.136679e-11	-0.0010052345	1.0172526e-08	-0.0014928752	0.18963131	-0.10580543	9.065672	-4.753939	0.2960038	-0.008233458	1.0	1.5404229	0.002067174	3840000	9079.557509183884
128	13.233545	2.4725611	17.870626	7.765241	14.566667	12.640368	38.0	0.0	1000.0	90386.0	0.023355555555555556	1.2896765	0.60580486	3.1137574	-1.0835675	1.9763533	2.6048198	35.901432	-1.6045774	-7.899333e-09	-0.0012881254	0.0	-0.0008519002	0.23390003	-0.14074636	7.431105	-3.7487173	0.28777033	-0.009557396	1.0	1.5396818	0.0023396448	3870000	9149.956610918045
129	13.944503	3.0817797	19.210054	6.5688725	19.966667	21.22653	91.0	0.0	1000.0	90985.0	0.023329487179487178	1.3938427	0.59284663	3.11559	-0.9129488	1.600714	2.3201149	32.003044	-2.5384967	-1.2207031e-08	-0.0008572317	-1.2207031e-08	-0.00060831703	0.2681088	-0.15191871	10.124802	-4.8286924	0.27821293	-0.009488702	1.0	1.5390193	0.0013391376	3900000	9219.864871025085
130	12.512008	1.8124659	16.142088	8.720948	18.4	20.525755	85.0	0.0	1000.0	91537.0	0.023291857506361324	1.4147644	0.629264	3.2400985	-0.88087666	2.1546037	2.6308415	36.266678	-1.6355977	3.207167e-09	-0.0010884866	0.0	-0.0008127523	0.23588242	-0.14016038	10.641825	-5.4418726	0.26872423	-0.009703636	1.0	1.5384412	0.002133817	3930000	9290.117963075638
131	13.574847	2.6671724	19.395662	7.478936	19.7	23.865107	124.0	0.0	1000.0	92128.0	0.023264646464646464	1.3428663	0.6327068	3.2084086	-1.1326159	1.7730658	2.3791163	32.338802	-3.8723302	5.886946e-09	-0.0009642748	4.0690105e-09	-0.0007419454	0.22364353	-0.1377624	15.657168	-8.392105	0.2590206	-0.009574071	1.0	1.5379269	0.0012222124	3960000	9360.863667964935
132	14.15694	3.1275747	21.533104	7.5760984	20.533333	21.706732	94.0	0.0	1000.0	92744.0	0.023244110275689223	1.3633386	0.6260944	3.0591567	-0.74800855	2.1145706	3.1649404	40.416885	-2.9833577	-3.2566503e-09	-0.0007820682	0.0	0.00013523763	0.2401738	-0.13575488	12.227649	-6.8483768	0.24944653	-0.009257942	1.0	1.5374663	0.002135807	3990000	9431.120945692062
133	13.798418	2.7319796	18.553232	6.918841	16.833334	23.605202	112.0	0.0	1000.0	93249.0	0.023196268656716416	1.4552968	0.6390141	3.3352919	-0.789515	1.7657377	2.4810908	32.258022	-2.124377	1.0494434e-09	-0.00074617495	-3.0517577e-09	-0.000813736	0.23144604	-0.12146344	11.844242	-6.77866	0.24018858	-0.009610906	1.0	1.5368415	0.0017912865	4020000	9501.006039381027
134	13.567699	2.857847	19.199144	4.224589	19.366667	16.59816	79.0	0.0	1000.0	93830.0	0.0231679012345679	1.4109349	0.5827252	3.2500737	-0.8931343	2.0844305	2.9467497	40.200676	-5.5489883	-7.885251e-09	-0.000465239	2.0345052e-09	-0.00011648153	0.23331356	-0.13043997	10.941588	-5.628914	0.23057768	-0.009398624	1.0	1.536164	0.0007265926	4050000	9571.461699008942
135	14.581513	2.4997153	18.947382	8.868626	25.833334	33.168343	154.0	0.0	1000.0	94605.0	0.0231875	1.4783924	0.5723692	3.337423	-0.88033116	2.1867406	2.9024432	34.958447	-2.2522645	8.874998e-09	-0.00092373963	1.2207031e-08	-0.0011976196	0.20952506	-0.10389171	22.52405	-13.341136	0.22117905	-0.008038104	1.0	1.5355856	0.0022012172	4080000	9641.829074144363
136	13.904794	2.9630656	21.110912	7.8776584	22.2	24.997866	107.0	0.0	1000.0	95271.0	0.02318029197080292	1.4580582	0.6048509	3.0429573	-0.755485	2.4099796	3.151898	44.259926	-1.9093244	8.852919e-09	-0.001011387	1.2207031e-08	-0.00051493733	0.22506998	-0.11828926	19.90078	-11.451688	0.21314095	-0.007517919	1.0	1.5349631	0.0023604399	4110000	9711.909173488617
137	14.586275	2.94001	20.092304	8.63021	16.233334	18.988916	85.0	0.0	1000.0	95758.0	0.023129951690821257	1.5140513	0.56606543	3.3670843	-0.5965376	1.9357078	2.707118	41.232773	-3.695779	-8.437568e-09	-0.00064045703	0.0	0.000275118	0.19510703	-0.10805719	13.019938	-7.1808186	0.20562303	-0.007996455	1.0	1.5344195	0.0010745544	4140000	9782.44085240364
138	14.603219	3.389214	19.753237	7.9726734	28.866667	33.482067	126.0	0.0	1000.0	96624.0	0.023171223021582733	1.4552706	0.5836761	2.9938653	-0.747813	1.9987091	2.8391435	27.418201	-3.1081157	-9.561556e-09	-0.00083638006	2.4414062e-08	-0.00044044596	0.24069992	-0.12696755	36.769463	-26.029804	0.19762658	-0.006327808	1.0	1.5338945	0.0011424078	4170000	9852.52679848671
139	14.556631	3.1530602	23.07498	10.684644	21.133333	23.81279	92.0	0.0	1000.0	97258.0	0.023156666666666666	1.4891802	0.5626084	3.152015	-0.653671	2.8752658	4.3919787	69.472145	-1.1834586	0.0	-0.0007663327	0.0	-0.00016465454	0.22073396	-0.11130301	17.595318	-10.909485	0.19129877	-0.0061608404	1.0	1.5333416	0.0013567022	4200000	9922.554733037949
140	14.160719	3.5133715	23.915344	7.512859	15.8	16.571863	56.0	0.0	1000.0	97732.0	0.023104491725768322	1.5108142	0.64308625	3.340173	-0.9456473	1.9991401	2.5934098	29.966131	-1.4835087	-1.540148e-08	-0.0015914771	-2.4414062e-08	-0.0003150818	0.2709053	-0.1405409	9.415995	-4.378182	0.18513793	-0.00675869	1.0	1.5327022	0.0028313731	4230000	9992.08515882492
141	14.26389	3.3209085	20.13006	6.7412863	18.0	19.792255	70.0	0.0	1000.0	98272.0	0.02306854460093897	1.4304955	0.60155505	3.1132245	-0.8651954	1.7267693	2.284709	24.515015	-1.4280459	3.7003671e-09	-0.0003765998	-4.0690105e-09	0.00013391928	0.22534221	-0.12111447	10.879855	-4.7107587	0.17837924	-0.0069008768	1.0	1.5322621	0.0018126264	4260000	10062.237890481949
142	14.225823	3.294416	20.37464	6.35716	19.0	23.224987	118.0	0.0	1000.0	98842.0	0.02304009324009324	1.4968439	0.63726914	3.581503	-0.7573109	1.7209755	2.6004684	45.920784	-0.88324493	4.51572e-09	-0.0012045569	7.1207684e-09	0.0006493541	0.21902747	-0.12110165	16.723759	-9.040081	0.17147836	-0.0068415552	1.0	1.5318046	0.0021990733	4290000	10132.35251903534
143	14.448174	2.6937742	19.426218	8.330882	28.533333	38.90821	203.0	0.0	1000.0	99698.0	0.02307824074074074	1.4931101	0.62081504	3.1120548	-0.60349786	2.105997	3.6767125	58.227253	-1.0635	-4.6442183e-09	-0.0004736907	-8.138021e-09	0.0007091268	0.20799398	-0.11557326	25.541204	-15.953048	0.1646368	-0.0054624826	1.0	1.5314627	0.0011470449	4320000	10202.465088129044
144	14.902192	3.169518	21.800747	10.207767	21.166666	20.98584	72.0	0.0	1000.0	100333.0	0.023065057471264368	1.5311302	0.5597038	3.0824254	-1.0182321	2.2934268	2.8171246	40.854397	-0.61646545	1.4680319e-08	-0.0005373927	1.4241537e-08	0.001171395	0.22510818	-0.114634484	15.058553	-6.5757313	0.15917432	-0.0052890778	1.0	1.5312085	0.0015760907	4350000	10272.779721736908
145	14.933244	2.685225	19.247423	8.731624	17.766666	17.600536	72.0	0.0	1000.0	100866.0	0.02302876712328767	1.5877557	0.59320164	3.906601	-0.6472165	2.209191	2.6893458	37.156536	-2.120327	-3.1531695e-09	-0.0005982319	6.1035155e-09	0.00013972982	0.24466819	-0.1474265	10.579323	-4.8474207	0.15388525	-0.00553824	1.0	1.5310926	0.00114053	4380000	10343.547968864441
146	14.308243	3.083015	19.539156	4.486273	14.966666	14.430253	55.0	0.0	1000.0	101315.0	0.02297392290249433	1.569555	0.60194045	3.4936886	-0.6488615	1.6435387	2.0002244	20.439684	-2.7805314	-1.0661753e-08	-0.00053052756	6.612142e-09	-0.0003133855	0.26329452	-0.16649035	7.7617855	-3.306127	0.148347	-0.0060186386	1.0	1.530863	0.000682752	4410000	10413.750852584839
147	14.640256	2.998592	20.208632	9.521031	23.933332	22.108719	106.0	0.0	1000.0	102033.0	0.022980405405405406	1.452931	0.632615	3.5940504	-1.0830735	2.0426764	3.104184	40.449123	-1.986382	9.015344e-09	-0.00051336247	3.6621095e-08	0.00054880575	0.26175004	-0.150722	13.89836	-6.1387267	0.14232837	-0.0053645223	1.0	1.5305417	0.0011670747	4440000	10484.221964359283
148	14.520712	3.4464104	21.434988	7.7603903	25.433332	28.4531	111.0	0.0	1000.0	102796.0	0.022996868008948547	1.4910177	0.5924544	3.2671664	-0.8576387	2.392955	3.1179874	29.910133	-1.6800687	5.539525e-09	-0.000788147	1.6276042e-08	-0.00049906824	0.22762923	-0.11914208	25.433556	-16.503012	0.13696384	-0.0046302676	1.0	1.5303056	0.0019024898	4470000	10554.87144112587
149	15.156788	3.2828991	23.198175	7.293747	14.433333	13.323371	55.0	0.0	1000.0	103229.0	0.022939777777777778	1.4887341	0.6182921	3.1954682	-0.73929983	2.2020857	2.655086	38.17203	-3.3198037	6.261634e-09	-0.0003947575	3.051758e-08	0.00010136007	0.2272693	-0.12255603	9.349644	-4.7884912	0.13233358	-0.0051687807	1.0	1.5299762	0.0007509945	4500000	10625.432563066483
150	15.486471	2.9839077	22.63131	9.2259445	22.5	22.55327	94.0	0.0	1000.0	103904.0	0.022936865342163354	1.5519091	0.55828667	3.1382184	-0.5279553	1.7040088	1.8562322	23.797947	-0.61496127	1.696463e-08	-0.0008093005	2.2379558e-08	0.00058737595	0.24044983	-0.1320737	17.531494	-8.6498995	0.1271648	-0.0047666803	1.0	1.5297525	0.0016580763	4530000	10696.562229394913
151	15.296346	2.3959873	20.272194	10.374295	20.066668	16.578968	60.0	0.0	1000.0	104506.0	0.02291798245614035	1.58944	0.62058485	3.6318455	-1.1840895	2.4490206	3.4384806	40.12013	-1.9197208	-1.4066438e-09	-0.0006657949	2.0345052e-08	-0.00012569173	0.20954034	-0.108920276	13.171769	-7.5250173	0.122398116	-0.004654497	1.0	1.5294678	0.0011463166	4560000	10767.22163772583
152	15.023867	3.039836	21.6831	8.222586	25.366667	29.234093	137.0	0.0	1000.0	105267.0	0.022933986928104576	1.5913569	0.54746777	3.2967649	-0.9069428	2.0305114	2.4613452	32.53194	-0.6995344	-3.587547e-09	-0.0008326714	-8.138021e-09	-0.0009255493	0.25861827	-0.14437538	26.950502	-15.799536	0.11774362	-0.0040198043	1.0	1.5289749	0.0006342961	4590000	10837.22309756279
153	14.95546	4.0147424	23.182337	3.669025	32.233334	41.775337	226.0	0.0	1000.0	106234.0	0.022994372294372293	1.5378321	0.57940906	3.2059128	-0.6040197	2.743217	3.690101	48.946278	-4.6963773	-1.5153159e-08	-0.00088085094	8.138021e-09	-0.0013155802	0.22915573	-0.12680614	26.562725	-16.451223	0.113723814	-0.0027902648	1.0	1.528575	0.00064047775	4620000	10907.55922460556
154	15.292023	2.9217572	21.138758	8.294628	19.733334	17.099577	62.0	0.0	1000.0	106826.0	0.02297333333333333	1.623704	0.6454748	3.827403	-1.0284883	2.3285913	3.2027364	36.029903	-3.507796	-1.34318325e-08	-0.00066264515	1.2207031e-08	-0.00036059975	0.21899225	-0.1224714	13.187446	-6.9668036	0.11093355	-0.0029547215	1.0	1.5283623	0.00066028023	4650000	10977.66489982605
155	15.3774605	3.3374379	20.422028	8.293373	26.633333	29.133583	93.0	0.0	1000.0	107625.0	0.022996794871794873	1.5452205	0.61040026	3.5636146	-0.8263115	2.262466	3.3290734	43.083447	-3.1966178	8.586333e-09	-0.0005714102	-6.1035155e-09	0.0002252543	0.24548447	-0.14907894	18.841475	-10.879601	0.10797883	-0.0024503693	1.0	1.5281432	0.00059912255	4680000	11047.865634441376
156	14.203495	2.954216	19.585545	6.571317	23.733334	19.294098	66.0	0.0	1000.0	108337.0	0.02300148619957537	1.5529243	0.63128847	3.509055	-0.8057492	2.5336683	3.0878317	36.992977	-2.1940749	8.466283e-09	-0.0011896926	-3.6621095e-08	-0.00056157634	0.24840456	-0.14094192	15.293119	-6.6768017	0.10552846	-0.0022828504	1.0	1.5279489	0.0016415396	4710000	11118.317988872528
157	16.158514	2.356895	20.823095	11.383592	21.266666	20.514927	85.0	0.0	1000.0	108975.0	0.022990506329113924	1.5496863	0.5597439	2.954796	-0.79160565	2.650497	2.7450898	28.107224	-1.8973464	-1.0966746e-08	-0.001117096	-1.373291e-08	-0.00048798675	0.20814401	-0.11599513	11.438549	-5.091749	0.10324561	-0.0023530573	1.0	1.5279206	0.0015654021	4740000	11188.747050762177
158	16.137655	4.030066	22.75151	-0.17460056	19.033333	29.831173	141.0	0.0	1000.0	109546.0	0.022965618448637315	1.6435776	0.57469714	3.2770302	-0.53763413	2.0874019	2.706856	34.13014	-1.4783156	6.2734755e-09	-0.00071468024	-1.2207031e-08	-6.9991045e-05	0.27952278	-0.16397117	16.30842	-10.460599	0.10089255	-0.0025946647	1.0	1.5278246	0.00066420133	4770000	11259.383352518082
159	14.960101	3.4981444	24.860619	3.9885988	25.933332	24.48664	102.0	0.0	1000.0	110324.0	0.022984166666666667	1.601495	0.6478007	3.2640448	-0.9714135	2.2498958	3.7710826	47.17982	-1.6479658	5.6920433e-09	-0.0006385405	3.2552084e-08	-0.00046814777	0.26127675	-0.14719227	15.639537	-7.533147	0.09829789	-0.0022086874	1.0	1.5276538	0.000599037	4800000	11330.008322000504
160	15.965456	3.2267785	23.385191	8.892792	19.6	16.76226	55.0	0.0	1000.0	110912.0	0.022963146997929607	1.6206356	0.56202537	3.5428896	-0.6958354	2.5624166	3.3815796	33.114864	-1.5688257	-1.1351546e-08	-0.0007937471	8.138021e-09	0.0006297485	0.22750698	-0.12369184	12.347638	-5.6745234	0.0960892	-0.0024009123	1.0	1.5273442	0.001233298	4830000	11400.317062616348
161	15.388777	3.206751	22.778357	8.701272	23.566668	28.886772	132.0	0.0	1000.0	111619.0	0.02296687242798354	1.5994203	0.6141622	3.4049337	-1.0116411	2.0562463	2.616125	31.332521	-1.6746837	5.23211e-09	-0.00082501734	-4.0690105e-09	-0.0007556193	0.19621354	-0.10574489	14.621768	-6.8774524	0.09368829	-0.0022360831	1.0	1.5268164	0.0013037295	4860000	11470.531671762466
162	14.654013	2.9432473	19.592644	8.340356	25.666666	22.47715	79.0	0.0	1000.0	112389.0	0.022983435582822086	1.577238	0.60132563	3.331482	-0.7106005	2.2015517	2.939498	30.476221	-1.7407796	-8.979234e-09	-0.008256121	4.0690105e-09	-0.009706119	0.23758812	-0.12915179	19.699242	-10.188233	0.0914522	-0.0017918721	79.0	1.5262151	0.0053750076	4890000	11549.639729738235
163	15.965015	2.8472598	22.320362	7.7809577	16.233334	13.215353	47.0	0.0	1000.0	112876.0	0.022942276422764227	1.552635	0.56291914	3.2762532	-0.8138445	2.2841542	2.7956154	28.354567	-1.7962084	3.2353666e-09	-0.008292946	2.7974446e-08	-0.0048435074	0.21353562	-0.117853425	10.031393	-4.772216	0.08966033	-0.0025234818	79.0	1.5003073	0.0056023584	4920000	11628.352095365524
164	14.928365	3.4572449	19.937029	7.0923543	42.166668	67.457184	289.0	0.0	1000.0	114141.0	0.02305878787878788	1.5882344	0.56839454	3.2432177	-0.54895455	1.8815752	2.419264	33.76744	-3.0031347	-7.6565705e-09	-0.009271517	-4.8828124e-08	-0.026619995	0.21485357	-0.11120715	106.47225	-88.29347	0.08713685	-0.00014828146	79.0	1.47387	0.006532585	4950000	11707.128772258759
165	16.106213	2.6919894	22.869867	11.310711	23.166666	28.659012	123.0	0.0	1000.0	114836.0	0.023059437751004015	1.5720497	0.61928266	3.2918818	-0.50990635	2.8591583	3.6327615	56.64457	-1.664324	-6.9983117e-09	-0.008990628	6.1035155e-09	-0.013389651	0.22795522	-0.10394186	22.586374	-10.836265	0.08698857	-0.00048542023	79.0	1.450078	0.005622163	4980000	11785.717141389847
166	14.221904	3.866411	21.189693	2.514265	37.933334	46.48651	237.0	0.0	1000.0	115974.0	0.023148502994011975	1.5524677	0.6510159	3.2650843	-1.0340478	2.721976	3.8188806	39.57351	-2.3610713	1.4474742e-08	-0.009940048	4.0690104e-08	-0.020224072	0.24479683	-0.113668665	34.408707	-16.25722	0.08650315	0.00081876665	79.0	1.4255428	0.0059247	5010000	11864.030477285385
167	16.341108	3.508247	21.315187	6.6830564	38.333332	32.25248	130.0	0.0	1000.0	117124.0	0.02323888888888889	1.562201	0.58419836	3.235499	-0.5366688	3.6378074	4.596151	61.288742	-3.0547378	-4.4853463e-09	-0.0013989495	-3.2552084e-08	-0.004431787	0.23244889	-0.11727531	32.535683	-17.085617	0.087321915	0.0012871325	11.0	1.4316956	0.0065009515	5040000	11935.122872591019
168	16.465862	2.9119115	22.668354	11.6854	33.233334	49.733078	248.0	0.0	1000.0	118121.0	0.02329802761341223	1.6834685	0.5744841	3.1974025	-0.9079986	3.7004333	3.825092	50.35962	-3.0666249	1.7582394e-08	0.004225953	4.8828124e-08	0.0008677897	0.1946554	-0.09421685	56.134926	-40.548965	0.08860905	0.0017379895	1.0	1.4302287	0.011078896	5070000	12005.036042928696
169	14.553219	4.3180633	22.307526	3.2510355	34.466667	31.856693	141.0	0.0	1000.0	119155.0	0.02336372549019608	1.5981313	0.60190636	3.4658566	-0.5653668	3.6314323	6.745261	75.616295	-5.8238606	-4.416545e-09	0.0068256105	3.2552084e-08	-0.00937938	0.26031333	-0.13651484	35.91054	-21.063137	0.09034704	0.002318427	1.0	1.4298434	0.013942701	5100000	12075.311381101608
170	15.632538	2.9552212	20.98213	5.7864885	41.533333	40.81645	213.0	0.0	1000.0	120401.0	0.023469980506822613	1.6169899	0.5911897	3.1135747	-0.89579636	3.7831516	5.2709317	63.534985	-5.3493223	1.5359383e-08	-0.0011313647	-2.746582e-08	-0.00422675	0.21951084	-0.105333835	29.859642	-16.127014	0.09266546	0.0033859462	1.0	1.4296072	0.0026844717	5130000	12145.575897455215
171	16.338745	2.669575	21.294264	11.368609	24.133333	18.165413	60.0	0.0	1000.0	121125.0	0.023473837209302326	1.6215237	0.5637598	3.2250376	-0.74060416	3.4880333	3.3632421	36.794163	-4.322799	1.8352136e-08	0.00018824532	-4.4759116e-08	-0.0005752767	0.22075008	-0.1067258	14.512534	-6.681784	0.09605141	0.003098406	1.0	1.4296098	0.0040283604	5160000	12216.042224407196
172	16.555305	3.4825099	22.092447	9.659043	32.4	33.60714	168.0	0.0	1000.0	122097.0	0.02352543352601156	1.6982012	0.55455	3.0649667	-0.62377185	2.6847746	2.7011049	27.10505	-2.9801185	1.14886705e-08	-0.0006999447	-1.6276042e-08	0.00075172936	0.21336196	-0.10926608	32.326588	-21.42052	0.099149816	0.0034899712	1.0	1.4296873	0.0011980287	5190000	12285.85181260109
173	16.178219	2.650151	21.170858	10.46713	27.433332	26.989729	129.0	0.0	1000.0	122920.0	0.023547892720306513	1.7175344	0.58880544	3.299193	-0.68785524	2.9935224	3.8657813	54.071545	-2.789375	1.4176491e-09	-0.0008703554	-2.4414062e-08	-0.0014174763	0.19952609	-0.08169245	18.404112	-7.9875784	0.10263979	0.003469795	1.0	1.4298968	0.0020463294	5220000	12356.484723091125
174	16.888845	2.957063	21.965036	6.1815486	24.033333	26.271004	110.0	0.0	1000.0	123641.0	0.023550666666666668	1.6748015	0.5514639	3.057977	-0.64690363	2.7563112	3.6004686	36.13743	-2.5264091	7.950245e-09	-0.00067381235	1.5767416e-08	-0.0002289617	0.19477376	-0.09416316	17.603241	-8.831507	0.10610958	0.003149204	1.0	1.4302766	0.002449441	5250000	12426.527400255203
175	17.777264	3.0538304	25.63484	10.640612	22.8	17.46692	55.0	0.0	1000.0	124325.0	0.023546401515151517	1.7245392	0.54984003	3.1381273	-0.55673444	2.4390328	3.0418227	35.887558	-3.8695347	-2.0345052e-09	-0.0006681855	-2.0345052e-09	0.00068773807	0.21762031	-0.103420414	13.487522	-5.4462614	0.109258786	0.0027210787	1.0	1.4308221	0.0010592196	5280000	12496.8417532444
176	16.671291	2.8120286	21.489279	10.728667	27.5	29.411732	112.0	0.0	1000.0	125150.0	0.02356873822975518	1.7996602	0.54578775	3.0685716	-0.3506551	2.4445567	3.005749	35.192726	-5.558727	7.318497e-09	7.678247e-05	0.0	0.00021184082	0.18872975	-0.09466154	21.152187	-10.682525	0.111979865	0.002748765	1.0	1.4313135	0.007325997	5310000	12567.06628370285
177	16.02679	4.283978	22.241262	0.6358386	17.966667	22.297209	104.0	0.0	1000.0	125689.0	0.023537265917602995	1.686845	0.5461429	3.4808285	-0.62562513	2.2925546	2.790053	39.82562	-2.5266707	9.875418e-10	-0.00047602932	-8.138021e-09	-0.00017220866	0.27318892	-0.1701426	16.25108	-8.945406	0.11472863	0.0018560886	1.0	1.4315867	0.0005121749	5340000	12637.41567325592
178	15.788664	3.0705862	21.08976	4.9244227	33.733334	40.149666	161.0	0.0	1000.0	126701.0	0.023594227188081938	1.686361	0.58625716	3.3054917	-0.57751703	2.2390907	3.7597237	49.0203	-2.7868166	-1.0337057e-09	-0.0013488665	1.6276042e-08	-0.0011285971	0.21524787	-0.10886605	39.81444	-22.167852	0.11658472	0.0025386065	1.0	1.4320519	0.0011479869	5370000	12707.806068181992
179	16.474194	3.0921464	22.81915	6.854805	16.8	16.176939	62.0	0.0	1000.0	127205.0	0.02355648148148148	1.6251742	0.54383385	3.0984821	-0.7005107	3.0117784	3.6351898	48.4167	-2.6696277	1.7781019e-09	-0.0006816965	5.086263e-08	-0.0019716246	0.20225954	-0.11011916	15.361369	-8.206144	0.119123325	0.0015224591	1.0	1.4327083	0.0012186706	5400000	12777.836442947388
180	16.984123	2.3296149	21.106716	11.733533	21.533333	27.047775	134.0	0.0	1000.0	127851.0	0.023545303867403316	1.7072729	0.52448314	3.1800618	-0.4329351	2.0090244	2.3512778	31.858292	-3.972639	-7.573483e-09	-0.00076696556	-3.6621095e-08	-0.00028648277	0.18525052	-0.091017865	16.576971	-7.1662817	0.120645784	0.0010482445	1.0	1.4333823	0.0018078784	5430000	12848.045625209808
181	15.383032	3.884533	21.135561	2.1895812	31.066668	46.350067	247.0	0.0	1000.0	128783.0	0.023586630036630037	1.6654059	0.5534627	3.2361338	-0.18433896	2.2890093	3.8158762	44.303238	-7.0258884	2.6007423e-09	-0.0010121719	4.0690104e-08	-0.0008979736	0.26933143	-0.15591496	36.29939	-23.291098	0.12169403	0.0015578642	1.0	1.4339067	0.001763931	5460000	12919.062481164932
182	16.207748	3.173833	21.197275	3.2613194	34.1	42.800587	221.0	0.0	1000.0	129806.0	0.02364408014571949	1.6438744	0.59313446	3.6191843	-0.94098645	2.871377	3.5517068	43.120003	-0.9747595	1.2701828e-09	-0.0011050276	2.0345052e-08	-0.0023022501	0.23474267	-0.11088972	39.59159	-28.407421	0.12325189	0.002335988	1.0	1.4344342	0.0011147822	5490000	12989.522147893906
183	16.388142	4.1259627	25.947397	7.084961	55.333332	61.230896	247.0	0.0	1000.0	131466.0	0.023816304347826087	1.6794658	0.5913917	3.2686129	-0.5982584	4.395991	8.826817	69.5646	-1.1698076	-5.4480154e-09	-0.0010862733	-4.8828124e-08	-0.0063749794	0.23757851	-0.1201189	67.015785	-43.72309	0.12558788	0.004926592	1.0	1.4348832	0.0033804637	5520000	13059.864276885986
184	16.634142	3.481911	24.57249	8.168505	32.633335	38.028484	127.0	0.0	1000.0	132445.0	0.023863963963963963	1.7107667	0.5992952	3.503394	-0.5380035	4.063248	6.3125987	66.88931	-4.2072687	-1.4519421e-08	-0.0012632959	-2.0345052e-09	-0.002006083	0.21002737	-0.09969	45.219475	-30.296131	0.13051447	0.0053553134	1.0	1.4350722	0.0014100828	5550000	13130.511890411377
185	16.855324	3.2727957	21.678661	7.7548165	27.566668	31.471348	109.0	0.0	1000.0	133272.0	0.023883870967741937	1.7194475	0.5929357	3.3383684	-0.7444115	3.136067	4.710728	60.757652	-4.055069	3.5822862e-09	-0.0010454034	0.0	-0.001852653	0.25329584	-0.1410481	28.455074	-16.867832	0.13586979	0.0052809417	1.0	1.4349775	0.0011033416	5580000	13200.787177085876
186	17.034952	3.9806712	23.268133	5.3565326	43.433334	56.706657	197.0	0.0	1000.0	134575.0	0.023988413547237075	1.7193465	0.58280766	3.2685738	-0.7801244	2.5684488	3.4359725	44.874836	-8.503196	2.7894586e-08	-0.0006918719	8.138021e-08	0.0015169433	0.24669398	-0.12671903	92.68984	-65.26353	0.14115073	0.0067827404	1.0	1.4346781	0.0011805239	5610000	13270.921751737595
187	17.28228	3.4485524	23.140522	6.956281	31.066668	36.352837	156.0	0.0	1000.0	135507.0	0.024026063829787236	1.754694	0.57898885	3.76058	-0.39852238	3.6537852	4.944247	40.796688	-15.591128	1.300654e-09	-0.000723966	6.510417e-08	-0.0011343913	0.20913608	-0.106615156	33.302116	-19.069515	0.14793347	0.0070492923	1.0	1.4344221	0.0012905959	5640000	13341.592062711716
188	17.162777	3.2281656	22.018957	9.190974	34.5	45.84594	240.0	0.0	1000.0	136542.0	0.02408148148148148	1.7917591	0.5781826	3.3359418	-0.37103534	3.04895	3.7540488	57.134773	-8.547527	-6.623493e-09	-0.0013492986	1.6276042e-08	-0.0038911866	0.22380005	-0.12483846	57.473442	-41.79316	0.15498276	0.007695481	1.0	1.4342142	0.001707004	5670000	13411.781092882156
189	17.585005	3.0236118	24.179752	10.102973	31.933332	38.96061	191.0	0.0	1000.0	137500.0	0.02412280701754386	1.7510694	0.529165	3.2740777	-0.49252436	3.7260244	6.13482	63.95827	-3.967945	-1.3186205e-10	-0.00053051347	-4.0690105e-09	-0.00087615155	0.19488385	-0.10002825	21.898737	-11.903864	0.16267824	0.008067757	1.0	1.4338613	0.0009634596	5700000	13481.458765268326
190	16.121267	3.1829362	23.538399	8.751112	37.366665	45.261818	160.0	0.0	1000.0	138621.0	0.02419214659685864	1.7626036	0.6184625	3.949875	-0.5962945	3.10819	4.459774	42.752773	-11.366574	-3.2426517e-09	-0.0006053353	-1.6276042e-08	-0.0009798665	0.25089133	-0.14626852	49.46708	-27.69732	0.170746	0.009084195	1.0	1.4334853	0.00069626234	5730000	13551.501173257828
191	16.32378	3.0230215	21.920683	6.883306	59.3	75.51077	300.0	0.0	1000.0	140400.0	0.024375	1.634109	0.54843813	3.7185	-0.62828845	4.646197	6.951574	67.5049	-9.640239	1.9724853e-08	-0.0009348966	1.6276042e-08	-0.0035265952	0.23341593	-0.124754414	103.33122	-72.18143	0.1798302	0.012217715	1.0	1.4329367	0.0017732126	5760000	13622.017063379288
192	17.744808	3.3797927	25.993809	9.703389	38.8	56.191574	252.0	0.0	1000.0	141564.0	0.02444974093264249	1.7214851	0.54667145	3.3175032	-0.3814527	5.147552	7.7783847	79.2759	-6.19851	9.0262714e-11	-0.0013810591	3.7638348e-08	-0.0051878877	0.2515536	-0.12527354	59.284637	-37.964294	0.19204791	0.013364002	1.0	1.4323354	0.0017265525	5790000	13692.553202867508
193	16.948359	2.6161356	21.412762	9.047757	25.166666	27.910671	94.0	0.0	1000.0	142319.0	0.024453436426116838	1.7856534	0.5501443	3.5057533	-0.55681026	2.9189942	3.4882941	47.030727	-5.6197205	9.374293e-09	-0.0007431401	2.0345052e-08	0.0007876749	0.19819632	-0.095491305	25.891954	-13.920544	0.20541191	0.012803137	1.0	1.431539	0.0013652738	5820000	13763.147780895233
194	17.145058	3.1074164	24.514524	10.301915	34.266666	40.924263	174.0	0.0	1000.0	143347.0	0.024503760683760683	1.7389628	0.52573264	3.0679119	-0.68625045	3.0169003	3.9827104	52.551334	-5.918633	2.2927735e-09	-0.00034025643	8.138021e-09	-0.0015984213	0.20420241	-0.10951449	34.275757	-19.569332	0.21821505	0.013468042	1.0	1.4305725	0.00061333645	5850000	13833.62694811821
195	16.826029	2.7938838	21.10792	10.166276	29.6	47.86133	257.0	0.0	1000.0	144235.0	0.024529761904761905	1.7526093	0.5553532	3.6092548	-0.34867674	3.1699653	4.215609	49.052128	-2.8569894	-1.7229534e-09	-0.011523359	3.2552084e-08	-0.03953423	0.23077142	-0.12022167	51.918224	-38.28871	0.23168309	0.021083072	79.0	1.429412	0.009687087	5880000	13912.659673213959
196	15.965183	3.1638556	21.794035	8.398701	34.5	50.89646	236.0	0.0	1000.0	145270.0	0.024580372250423012	1.6849935	0.5541134	3.1594517	-0.51841414	3.1398563	5.320847	72.368996	-22.335222	-6.5499486e-09	-0.013633239	-2.4414062e-08	-0.053975575	0.22165431	-0.11827371	53.771935	-36.32235	0.25276616	0.02043894	42.0	1.4316623	0.012358315	5910000	13987.071432352066
197	16.176786	4.4111176	21.7691	-2.9418073	30.333334	50.487186	208.0	0.0	1000.0	146180.0	0.02460942760942761	1.6831797	0.6000356	3.5607986	-0.49969533	3.0565703	4.968852	71.2207	-3.827652	3.6982073e-09	-0.01930938	-1.6276042e-08	-0.09509221	0.2234783	-0.1177568	50.424862	-32.43676	0.2732051	0.01838991	29.0	1.426699	0.01626613	5940000	14060.618735313416
198	17.772299	2.749809	22.777006	11.475984	35.266666	49.21716	189.0	0.0	1000.0	147238.0	0.024662981574539364	1.7344316	0.50651956	3.5278735	-0.9709644	2.7533293	4.0327873	59.030777	-10.785973	-1.1023609e-08	-0.014093918	-4.8828124e-08	-0.05935822	0.21815518	-0.105662115	83.232864	-61.838135	0.291595	0.021423459	36.0	1.4235897	0.012360061	5970000	14135.342089414597
199	17.947906	2.5651393	23.392542	11.024354	34.6	37.675457	159.0	0.0	1000.0	148276.0	0.024712666666666668	1.829425	0.53471166	3.4211688	-0.44772875	3.1142302	5.394648	66.434044	-22.068274	5.91465e-09	-0.013770182	1.8310548e-08	-0.049192958	0.18970439	-0.09207742	36.45254	-20.419394	0.31301847	0.024207473	47.0	1.41591	0.0122867245	6000000	14210.816065788269
200	18.661812	2.399272	23.935246	14.504908	24.033333	21.065744	80.0	0.0	1000.0	148997.0	0.02470928689883914	1.8504663	0.49915004	3.3716078	-0.5295856	3.3898966	4.2525945	50.575897	-7.52855	-5.280612e-09	-0.01403289	1.525879e-08	-0.055041023	0.20418023	-0.09708436	23.01843	-12.719248	0.33722594	0.023032635	42.0	1.3914671	0.0122774085	6030000	14286.881535291672
201	17.894804	2.7827232	23.276455	10.306391	35.333332	45.820183	191.0	0.0	1000.0	150057.0	0.02476188118811881	1.8626842	0.53514844	3.6535676	-0.96478426	2.7446392	3.479891	33.015514	-16.42781	-5.167815e-09	-0.015647955	-4.0690104e-08	-0.053849436	0.1840761	-0.08863679	40.08582	-24.623466	0.36025858	0.029554307	72.0	1.380491	0.012273216	6060000	14365.561024665833
202	18.064331	3.5734675	25.564535	8.151989	25.4	22.603245	97.0	0.0	1000.0	150819.0	0.024765024630541872	1.8077623	0.53471166	3.3784935	-0.42426714	3.401249	5.1539903	65.37858	-7.6274824	-1.19217125e-08	-0.016073965	-1.1189779e-08	-0.06385665	0.21869424	-0.10936063	30.788887	-19.756859	0.3898129	0.020387739	21.0	1.3595525	0.013365226	6090000	14438.43717122078
203	17.754108	3.3063295	23.172428	8.297982	25.2	24.620317	98.0	0.0	1000.0	151575.0	0.0247671568627451	1.8475403	0.55221015	3.3112361	-0.29102176	2.7150517	2.9202285	29.11863	-17.78845	-1.0864324e-09	-0.0011006761	-5.5948894e-09	-0.003223861	0.21583284	-0.11456174	17.806269	-6.969262	0.41020063	0.01658824	2.0	1.3618062	0.002774272	6120000	14509.165574789047
204	17.026585	3.7924087	22.47646	5.829167	34.733334	41.759575	174.0	0.0	1000.0	152617.0	0.024815772357723576	1.7727352	0.5615944	3.727812	-0.61550814	2.4930608	2.9434054	30.236465	-9.694333	1.2589023e-08	-0.009550411	3.2552084e-08	-0.034860995	0.2628853	-0.13172215	44.72071	-26.41671	0.42678887	0.019577414	21.0	1.3620851	0.013344293	6150000	14582.104031324387
205	17.6387	3.3924034	23.712156	9.83973	27.333334	34.093338	126.0	0.0	1000.0	153437.0	0.02482799352750809	1.8358065	0.5715636	3.4612925	-0.3665688	3.0428867	3.9591987	47.131287	-9.971294	-2.3362767e-09	-0.007269188	6.1035155e-09	-0.023079209	0.2510818	-0.13710572	28.976025	-15.420172	0.44636628	0.01820764	14.0	1.3559266	0.00934561	6180000	14654.270276069641
206	17.288519	3.3959875	23.705229	10.792975	29.733334	27.233475	87.0	0.0	1000.0	154329.0	0.024851690821256038	1.791806	0.55528927	3.6378121	-0.23356056	2.8370461	4.805901	44.026386	-13.629984	-6.450802e-09	-0.017979817	-6.1035155e-09	-0.06035284	0.26257238	-0.13671078	25.656801	-12.583895	0.46457392	0.019406617	27.0	1.3538674	0.014622582	6210000	14727.696859121323
