Epoch	AverageEpRet	StdEpRet	MaxEpRet	MinEpRet	AverageEpCost	StdEpCost	MaxEpCost	MinEpCost	EpLen	CumulativeCost	CostRate	AverageVVals	StdVVals	MaxVVals	MinVVals	AverageCostVVals	StdCostVVals	MaxCostVVals	MinCostVVals	LossPi	DeltaLossPi	SurrCost	DeltaSurrCost	LossV	DeltaLossV	LossVC	DeltaLossVC	Penalty	DeltaPenalty	StopIter	Entropy	KL	TotalEnvInteracts	Time
0	1.1544334	1.859348	4.963356	-1.8035861	20.833334	30.117361	91.0	0.0	1000.0	683.0	0.022766666666666668	0.544992	0.5527136	2.0239978	-1.2550879	-0.38094407	0.115461774	0.12928304	-0.73381054	1.3038516e-08	0.016711375	1.6763806e-08	-0.016654432	0.8866214	-0.7099505	31.620258	-9.501241	0.99999994	-0.031176567	1.0	1.837877	0.09045988	30000	41.99958086013794
1	-0.30104437	2.042587	4.330528	-4.0448813	21.708334	21.43105	62.0	0.0	1000.0	1353.0	0.02255	0.022413002	0.33572719	1.1745923	-1.0898585	1.6988026	1.5549779	8.593265	-1.8892229	-9.313226e-10	0.01747676	-9.313226e-09	-0.0019411952	0.19960728	-0.03517135	15.9260645	-2.9068236	0.9688234	-0.030108154	1.0	1.8383791	0.04950767	60000	82.40660691261292
2	-0.04195134	2.7008083	6.9199214	-3.1157193	20.416666	25.04316	94.0	0.0	1000.0	2002.0	0.022244444444444445	-0.09739358	0.414638	1.3824971	-1.4825933	2.5869853	1.9500804	9.009828	-3.4699445	1.1175871e-08	0.0057111513	7.450581e-09	-0.0060548633	0.19270965	-0.035788294	21.478378	-4.982704	0.9387152	-0.029790342	1.0	1.8388922	0.022535563	90000	123.80861067771912
3	0.52086097	2.1321785	5.4871635	-2.4700491	32.75	32.264854	95.0	0.0	1000.0	2981.0	0.024841666666666668	-0.09776381	0.46561185	1.6355007	-1.350447	2.6173816	2.503821	16.271635	-2.1189494	-1.4901161e-08	-0.012001196	-1.8626451e-08	-0.026827192	0.16743818	-0.030481778	25.46029	-6.102268	0.9089249	2.4855137e-05	49.0	1.839291	0.012120681	120000	169.73858642578125
4	0.22233303	2.2112243	4.6059623	-2.9925268	33.5	25.573423	83.0	0.0	1000.0	3898.0	0.02598666666666667	-0.096058756	0.49475226	1.8003665	-1.4737731	3.7436101	3.1358292	21.78782	-3.2891283	6.519258e-09	-0.01272062	3.7252903e-08	-0.029407201	0.17043915	-0.02816863	22.978315	-5.8043814	0.90894973	0.010545731	25.0	1.8319027	0.011893917	150000	213.4753577709198
5	0.94281673	2.0751371	4.5959396	-3.2211218	31.625	22.479273	97.0	0.0	1000.0	4854.0	0.026966666666666667	-0.019164376	0.44267398	1.5164764	-1.60914	3.3709435	2.7505972	20.897102	-2.5474875	7.450581e-09	-0.0013591177	7.450581e-09	-0.0028190722	0.21799237	-0.04217223	22.105196	-3.8429046	0.91949546	0.013595104	2.0	1.8129163	0.0024867826	180000	255.40864872932434
6	0.4251641	1.6871929	4.490403	-3.8016937	16.333334	16.947632	53.0	0.0	1000.0	5371.0	0.025576190476190475	-0.07740842	0.5170805	1.5004729	-1.9202565	2.64945	2.3530943	16.034363	-3.4947093	-9.313226e-09	-0.0011343574	1.8626451e-09	-0.0026806137	0.22132891	-0.05370137	13.4430895	-3.2430995	0.93309057	0.002750039	3.0	1.8115411	0.003415326	210000	297.52255511283875
7	0.43820617	2.2006433	5.624202	-3.219906	24.75	21.558544	73.0	0.0	1000.0	6140.0	0.025583333333333333	-0.06687537	0.47910365	1.349464	-1.7165109	2.1422882	1.9645808	15.667568	-1.47734	-7.450581e-09	-0.011494853	-2.2351742e-08	-0.026458547	0.1829259	-0.04046122	18.608248	-2.6682422	0.9358406	0.0059612393	43.0	1.8108686	0.012740651	240000	343.74870228767395
8	1.1733395	2.5798635	7.3319488	-2.5330148	19.541666	18.339346	63.0	0.0	1000.0	6715.0	0.02487037037037037	0.0051576598	0.5183389	1.7218504	-1.5356758	2.627971	2.098323	17.509962	-1.5505838	2.2351742e-08	-0.0082039945	1.1175871e-08	-0.018278174	0.19115636	-0.05628358	12.624354	-3.386928	0.94180185	-0.00089240074	18.0	1.8216646	0.012905935	270000	386.97071504592896
9	2.5790505	3.7737393	15.437195	-2.6910822	26.375	22.289408	78.0	0.0	1000.0	7530.0	0.0251	0.043744527	0.5505498	1.6403583	-1.6123961	2.4077947	2.087465	17.153751	-2.33736	-1.3504177e-08	-0.0106862215	-1.1175871e-08	-0.025647188	0.22405854	-0.048424963	20.421017	-4.3828144	0.94090945	0.0016105771	30.0	1.8199695	0.012624567	300000	431.50393176078796
10	1.6956887	3.6762133	10.618409	-2.511843	32.0	22.139708	76.0	0.0	1000.0	8474.0	0.025678787878787877	0.07785556	0.57872826	1.6713412	-2.1183145	2.7349374	2.3502884	20.284405	-2.0899727	1.3969839e-09	0.00012464053	-2.0489097e-08	-0.0040869433	0.26024336	-0.07505567	24.549906	-5.169057	0.94252	0.004491389	2.0	1.8036032	0.0073279347	330000	474.08046531677246
11	2.8905938	2.9343717	8.095676	-2.4150567	24.5	22.003788	88.0	0.0	1000.0	9190.0	0.025527777777777778	0.15334007	0.601595	1.9110588	-1.667612	3.0038967	2.0316439	23.454094	-2.76723	6.519258e-09	-4.9541937e-05	-2.7939677e-09	-0.0050295275	0.19891089	-0.060126092	18.362288	-6.7046547	0.9470114	0.0035350323	1.0	1.8021095	0.010453137	360000	516.4292685985565
12	2.3009465	2.4112856	7.1285625	-2.058597	27.833334	19.932526	68.0	0.0	1000.0	9940.0	0.025487179487179486	0.08875259	0.5991279	1.8603286	-1.6558994	3.0111933	2.7588227	24.98082	-2.894618	7.450581e-09	-0.00050117937	1.4901161e-08	-0.0021133455	0.22568291	-0.073182024	22.71337	-7.538103	0.95054644	0.005312979	1.0	1.8012195	0.00531559	390000	558.9606020450592
13	1.3551205	2.7427325	9.256501	-2.9505193	25.333334	30.373598	105.0	0.0	1000.0	10738.0	0.025566666666666668	0.053825416	0.5667472	1.4424103	-1.7350221	2.6440692	2.648987	25.188719	-2.3075747	-5.5879354e-09	-0.0010373814	-1.8626451e-08	-0.0013726628	0.18834582	-0.052529454	21.622684	-7.079299	0.9558594	0.0050848722	1.0	1.8004711	0.0028240453	420000	601.3433983325958
14	1.5353894	2.2483993	6.131395	-2.5218494	25.291666	25.275944	84.0	0.0	1000.0	11417.0	0.02537111111111111	-0.0025581326	0.57564944	1.6112972	-1.5768366	2.8882256	2.9668853	26.971285	-4.900478	-3.7252903e-09	-0.0012661985	-1.4901161e-08	-0.008504859	0.17078698	-0.04345135	20.000877	-8.015353	0.9609443	0.0048416257	1.0	1.7999868	0.012799712	450000	643.6925482749939
15	2.3869221	3.1128614	9.613313	-2.38321	25.0	23.018108	84.0	0.0	1000.0	12153.0	0.02531875	0.047319766	0.64400744	1.7199342	-1.6516641	2.307361	2.3854623	23.360321	-4.130706	1.3969839e-08	-0.0005806581	3.1664968e-08	-0.0023659149	0.25492367	-0.07238859	16.237082	-6.045965	0.9657859	0.0044083	1.0	1.7997065	0.003415701	480000	686.5029625892639
16	0.7416296	2.3799217	5.9338984	-2.6233757	30.375	28.492414	89.0	0.0	1000.0	13207.0	0.025896078431372548	0.11763872	0.6935972	2.0058947	-1.7177906	2.488508	3.0016642	27.375168	-4.912198	-3.7252903e-09	-0.0014082228	0.0	-0.0044214423	0.23716755	-0.07194874	32.5008	-16.034351	0.9701942	0.0079472065	1.0	1.7995524	0.004728591	510000	729.0450322628021
17	2.0217922	2.7784982	7.5661545	-3.7022488	27.791666	19.786316	89.0	0.0	1000.0	14039.0	0.02599814814814815	0.0036435954	0.59714264	1.2220865	-1.818929	3.417267	3.5774696	27.473759	-7.051994	-9.313226e-09	-0.0007123898	-2.2351742e-08	-0.0066326717	0.2478675	-0.07219322	25.354753	-13.140835	0.9781414	0.009317815	1.0	1.7995335	0.007466979	540000	771.4972467422485
18	1.0819827	2.9301872	10.134233	-3.9397025	25.291666	22.067095	92.0	0.0	1000.0	14730.0	0.025842105263157895	0.06841744	0.6869483	1.8733189	-1.893945	2.8865526	2.8492532	24.788425	-2.981985	-3.7252903e-09	-0.0019927106	-1.7695129e-08	-0.0038118968	0.23102123	-0.07557051	18.32343	-8.222302	0.98745924	0.00889802	3.0	1.799447	0.0037450315	570000	814.6927981376648
19	1.6975093	2.882026	8.969025	-2.906572	29.125	22.556065	86.0	0.0	1000.0	15605.0	0.026008333333333335	0.01628945	0.70535564	1.9627379	-1.7900368	2.801165	3.1588376	27.516418	-3.5475974	7.450581e-09	-0.0019699614	-2.0489097e-08	-0.007933878	0.23024565	-0.064106315	21.48157	-8.398987	0.99635726	0.010986745	1.0	1.7991529	0.009320319	600000	857.6472675800323
20	1.0321835	2.6139264	6.5033894	-3.674708	22.625	22.751945	91.0	0.0	1000.0	16339.0	0.025934920634920634	0.12914257	0.6691539	1.742545	-1.8803153	2.5130208	2.923131	24.48764	-2.6359768	7.450581e-09	-0.011547878	1.4901161e-08	-0.028068673	0.2500802	-0.067528546	19.22651	-8.380984	1.007344	0.011752725	31.0	1.7989917	0.012768727	630000	903.5523264408112
21	1.1194237	2.1427956	3.6988173	-3.9220643	22.125	17.108265	54.0	0.0	1000.0	17015.0	0.025780303030303032	-0.047111325	0.68117046	1.4094262	-2.0273886	2.6041205	2.8306503	27.52252	-4.430112	1.4901161e-08	-0.0028358125	3.9115548e-08	-0.007446016	0.24208276	-0.07789547	16.810287	-7.148096	1.0190967	0.0055662394	2.0	1.7910756	0.00513251	660000	946.7473042011261
22	1.0263609	2.4519737	7.3019767	-2.9608634	22.791666	16.456963	58.0	0.0	1000.0	17648.0	0.0255768115942029	0.06962444	0.6909823	1.5330118	-1.9729515	2.3729	2.78604	23.685503	-3.7481365	-9.313226e-09	-0.011491476	-2.2351742e-08	-0.025398357	0.29551297	-0.07716891	13.371002	-5.7342834	1.024663	0.0076510906	38.0	1.7901511	0.012382025	690000	993.2793912887573
23	0.86072826	2.232197	4.3294125	-3.424543	27.958334	20.515196	71.0	0.0	1000.0	18491.0	0.025681944444444445	0.005071224	0.7243546	1.5701232	-2.491361	2.6535854	2.9895551	23.726192	-3.939186	-9.313226e-09	-0.0015808302	-2.9802322e-08	-0.002305042	0.23620516	-0.063423544	16.893509	-8.100267	1.0323141	0.0054172277	2.0	1.7887552	0.0035062942	720000	1035.9792034626007
24	1.5158571	2.8597043	6.795689	-3.1668506	29.083334	25.916399	75.0	0.0	1000.0	19364.0	0.025818666666666667	0.049076866	0.66835207	1.5148857	-2.0255902	2.969639	3.544427	31.40198	-3.5458581	9.313226e-09	-0.009382516	1.4901161e-08	-0.024907516	0.2708439	-0.06866449	20.915388	-9.69891	1.0377313	0.009858727	17.0	1.7881899	0.014398047	750000	1080.525193452835
25	1.4238291	2.0768452	6.2388997	-2.4668314	27.541666	24.09872	70.0	0.0	1000.0	20104.0	0.025774358974358973	0.11704855	0.69095224	1.8319513	-1.9303104	2.7366774	2.7376015	27.718576	-2.936478	1.4901161e-08	-0.0014006792	2.6077032e-08	-0.0031762114	0.22991043	-0.07209215	19.018112	-10.323563	1.04759	0.00940001	2.0	1.7854232	0.0038257386	780000	1124.2727155685425
26	1.434919	2.6210463	6.5465007	-3.1944103	30.458334	23.048822	93.0	0.0	1000.0	21036.0	0.02597037037037037	0.076120414	0.68845546	2.0566843	-2.3543727	2.7093682	3.4502342	28.222778	-6.2047606	1.8626451e-09	-0.0014994009	1.1175871e-08	-0.0022697835	0.2692937	-0.08087097	22.787916	-12.052191	1.05699	0.012549996	1.0	1.7855859	0.0017544474	810000	1167.2159872055054
27	2.214607	2.8952465	8.503789	-1.1508504	31.291666	23.379976	85.0	0.0	1000.0	21885.0	0.02605357142857143	0.122201145	0.69144094	1.6885152	-1.9311616	2.91561	3.7327282	31.17754	-4.868536	-3.7252903e-09	-0.0018745987	-1.8626451e-08	-0.0023945977	0.23806566	-0.06718874	19.55388	-10.849036	1.06954	0.016200542	3.0	1.7857021	0.0038225232	840000	1210.4493954181671
28	1.0446652	2.6621609	5.4901767	-4.1413302	19.083334	21.055315	66.0	0.0	1000.0	22549.0	0.0259183908045977	0.021425845	0.7047266	1.6232609	-2.2769113	2.4886587	2.999876	24.273714	-6.9506207	-7.450581e-09	-0.001036508	-3.7252903e-09	-0.0018561063	0.24376488	-0.07673046	16.267168	-10.461708	1.0857406	0.009691834	1.0	1.7854167	0.0022288198	870000	1253.8343603610992
29	1.9757277	2.5037456	8.983229	-2.0692272	33.458332	32.424244	107.0	0.0	1000.0	23612.0	0.026235555555555557	0.06678355	0.74675906	2.2173114	-2.055584	2.978911	3.681481	31.351767	-9.156254	0.0	-0.0018027928	0.0	-0.003614977	0.2667501	-0.08745677	28.055763	-16.995485	1.0954324	0.014652729	1.0	1.7852585	0.0022932151	900000	1297.1455957889557
30	1.8150358	1.9289739	6.7800865	-1.6928741	29.291666	22.855488	77.0	0.0	1000.0	24479.0	0.026321505376344086	0.12460434	0.73360574	1.8992275	-1.9193678	3.5865307	3.937012	36.737476	-5.3675537	3.7252903e-09	-0.0017333273	1.4901161e-08	-0.0026577767	0.23748182	-0.0813162	20.08656	-12.084282	1.1100851	0.01645732	1.0	1.7849927	0.0037464877	930000	1340.9104223251343
31	2.2028737	2.6848865	7.0879445	-2.8309822	25.5	21.92221	99.0	0.0	1000.0	25381.0	0.026438541666666666	0.09998522	0.66281	1.4593717	-2.4066627	3.4212773	4.208433	34.683083	-5.1532927	-1.6763806e-08	-0.0023259057	-3.3527613e-08	-0.00744427	0.25709248	-0.086676754	21.89925	-13.838676	1.1265424	0.015643597	3.0	1.7849602	0.011350443	960000	1385.533107995987
32	1.9442943	3.098713	10.185061	-2.1646001	29.666666	23.501183	79.0	0.0	1000.0	26235.0	0.0265	0.073512636	0.7280731	1.9252615	-1.979347	3.1479416	3.241009	23.975847	-6.269641	-8.381903e-09	-0.00537623	-1.8626451e-08	-0.013590184	0.23028135	-0.08144878	19.856098	-10.76674	1.142186	0.01801002	6.0	1.7856903	0.008280581	990000	1429.4258720874786
33	2.2206404	2.6853445	7.119016	-2.2802718	36.583332	24.003328	88.0	0.0	1000.0	27219.0	0.02668529411764706	0.19315475	0.65518194	2.0465868	-1.6292374	3.2595344	3.3032184	23.927109	-6.7297764	-7.450581e-09	-0.0034033281	-2.2351742e-08	-0.0053537386	0.243152	-0.07675583	22.10558	-12.974342	1.1601961	0.023152828	2.0	1.7842484	0.00563893	1020000	1473.5414593219757
34	2.6557436	2.3738356	9.584191	-1.1026702	52.958332	51.665977	187.0	0.0	1000.0	28664.0	0.02729904761904762	0.060154952	0.657157	1.7619627	-2.2054477	4.059266	4.2379107	31.130875	-3.5485544	-7.450581e-09	-0.0076845605	-2.9802322e-08	-0.02117062	0.20521244	-0.060826235	48.400455	-30.344997	1.1833489	0.030415535	7.0	1.7833924	0.014000795	1050000	1517.764484167099
35	2.9273014	3.382768	11.400297	-2.3998425	45.166668	29.357944	99.0	0.0	1000.0	29900.0	0.027685185185185184	0.22694816	0.6670717	1.6718994	-1.6537787	4.0688777	4.84118	32.733612	-7.7889204	-1.3038516e-08	-0.0032535135	-7.450581e-09	-0.008391269	0.2701558	-0.080272295	30.273804	-17.889677	1.2137644	0.034516215	2.0	1.7808328	0.0054258276	1080000	1561.5160536766052
36	2.4394825	2.5909417	8.185926	-1.708656	39.916668	27.499874	94.0	0.0	1000.0	31016.0	0.027942342342342344	0.19697732	0.69102895	2.28353	-1.8518034	4.2118373	4.301429	30.196087	-12.885251	1.8626451e-08	-0.0015180358	3.3527613e-08	-0.0063071176	0.24011305	-0.08805332	23.852432	-13.508366	1.2482806	0.03716004	1.0	1.7795516	0.00971804	1110000	1604.9838099479675
37	2.861285	3.18769	10.424265	-3.5678048	35.041668	22.333605	81.0	0.0	1000.0	31989.0	0.028060526315789473	0.2286195	0.7009359	2.0805879	-1.9172366	3.8900385	4.0937886	36.471085	-6.9917026	3.7252903e-09	-0.008722754	3.7252903e-09	-0.024049783	0.270245	-0.08825819	22.220142	-13.573416	1.2854407	0.03925419	10.0	1.7786689	0.017310675	1140000	1649.8371982574463
38	1.4298421	2.0775058	5.6544266	-2.7933064	22.833334	20.368822	68.0	0.0	1000.0	32676.0	0.027928205128205128	0.1718191	0.6346842	1.6318256	-2.1758888	3.036927	3.6990163	29.220465	-12.431173	-8.381903e-09	-0.0017072153	-1.4901161e-08	-0.003925372	0.26028013	-0.101745665	18.074474	-12.047833	1.3246949	0.034477234	2.0	1.777027	0.003310377	1170000	1693.8335583209991
39	2.3582785	3.5495162	10.58491	-3.0128899	27.375	13.957711	54.0	0.0	1000.0	33433.0	0.027860833333333335	0.11998753	0.6742974	1.8894765	-2.2556863	2.6775012	3.7734215	30.88332	-8.471399	0.0	-0.002087403	0.0	-0.0036932244	0.3118579	-0.095777735	17.627398	-11.646055	1.3591721	0.032756686	1.0	1.7771349	0.0055336263	1200000	1737.8506481647491
40	2.7990673	2.9723117	8.000014	-2.9524317	21.125	25.88969	115.0	0.0	1000.0	34041.0	0.02767560975609756	0.19124247	0.74970603	2.82232	-2.044224	2.6673188	3.4190993	31.852022	-8.420321	0.0	-0.014233692	0.0	-0.029526193	0.2672794	-0.09011964	15.835621	-9.916405	1.3919288	0.030066848	18.0	1.7772889	0.015574745	1230000	1783.260663986206
41	1.9960785	2.7382815	8.347613	-1.9527895	35.416668	30.81655	110.0	0.0	1000.0	35056.0	0.027822222222222224	0.14070521	0.7236678	1.8188885	-1.8820618	2.4845135	3.0140975	23.865477	-4.657199	3.7252903e-09	-0.0021693527	7.450581e-09	-0.0051284097	0.27636427	-0.09893718	23.46494	-15.024754	1.4219956	0.030713558	2.0	1.7731616	0.0058843046	1260000	1827.3868689537048
42	1.4919177	3.0633821	8.115483	-3.2277696	16.041666	15.907229	52.0	0.0	1000.0	35534.0	0.027545736434108528	0.12734702	0.6701251	2.3736005	-1.9188259	2.9584115	3.7399101	26.927965	-8.501502	1.4901161e-08	-0.0046077324	1.4901161e-08	-0.014182325	0.2820553	-0.10755344	18.230408	-12.980044	1.4527092	0.023762822	6.0	1.7719324	0.014158668	1290000	1871.842575788498
43	1.9488907	2.0499072	6.8397584	-2.0619032	35.458332	29.391014	123.0	0.0	1000.0	36565.0	0.027700757575757576	0.09073958	0.69940317	2.652445	-1.8002905	2.0373366	2.936252	24.21907	-5.583494	3.7252903e-09	-0.001739169	7.450581e-09	-0.004644164	0.2532512	-0.108960345	30.49234	-20.948929	1.476472	0.026048064	2.0	1.7687323	0.006965702	1320000	1915.8260023593903
44	1.168961	2.7124379	8.719691	-3.5999691	15.75	19.022465	77.0	0.0	1000.0	37018.0	0.027420740740740742	0.09738195	0.70540214	1.8228228	-2.1261086	2.5857875	3.6629565	30.662159	-5.448702	0.0	-0.004930999	-7.450581e-09	-0.013783845	0.25720248	-0.07548441	16.300913	-10.949967	1.5025201	0.019265056	6.0	1.7675233	0.013911285	1350000	1960.3406221866608
45	1.5035467	2.2401698	6.2337017	-2.966335	15.625	18.966665	78.0	0.0	1000.0	37454.0	0.027140579710144927	0.07678437	0.7418016	2.3475578	-1.9923979	1.834737	2.6272745	25.90587	-6.4621882	-9.313226e-09	-0.011109461	-5.5879354e-09	-0.022181232	0.25537014	-0.09743765	13.563283	-8.7861	1.5217851	0.013421416	15.0	1.7651808	0.014249053	1380000	2006.5549972057343
46	0.5759656	2.3755383	5.6317024	-2.680983	25.125	18.324192	62.0	0.0	1000.0	38241.0	0.027121276595744682	0.035768043	0.7469515	2.170604	-1.9168737	1.5466621	2.6629295	31.936337	-7.8801446	-1.3038516e-08	-0.008426968	-1.1175871e-08	-0.018568438	0.2561977	-0.10133603	20.448265	-13.072712	1.5352066	0.012331367	11.0	1.762939	0.011016065	1410000	2051.540286540985
47	2.3043053	2.6834524	6.864899	-2.2281265	15.0	17.5	56.0	0.0	1000.0	38679.0	0.026860416666666668	0.044286206	0.7272777	1.9605672	-2.0261	2.4500852	3.1527717	30.307596	-6.400949	-5.5879354e-09	-0.011478047	-1.8626451e-08	-0.02596327	0.27032226	-0.10019567	14.351839	-9.121008	1.5475379	0.0071573257	16.0	1.7648058	0.014755477	1440000	2098.020725250244
48	0.6822343	1.8079196	4.6400743	-2.3875678	16.583334	17.937197	57.0	0.0	1000.0	39178.0	0.02665170068027211	0.10688829	0.72804594	2.592851	-1.95411	1.7441361	2.7469962	28.674145	-8.694682	1.3038516e-08	-0.0076721646	2.2351742e-08	-0.017873693	0.25677672	-0.087638624	12.648748	-6.8538694	1.5546952	0.0017426014	10.0	1.7614839	0.015212042	1470000	2142.5648612976074
49	0.9221532	2.07809	7.143061	-1.5202477	18.083334	16.884205	65.0	0.0	1000.0	39797.0	0.026531333333333334	0.013185338	0.69603485	1.630519	-1.9201548	1.529588	2.4879913	31.614223	-4.768812	0.0	-0.009157789	7.450581e-09	-0.018423317	0.23507929	-0.0841455	13.45358	-9.016174	1.5564378	-0.0014098883	18.0	1.7565129	0.0146037955	1500000	2187.8266265392303
50	1.3097001	2.7174594	8.269075	-3.3086472	13.625	19.433245	67.0	0.0	1000.0	40140.0	0.026235294117647058	-0.027255543	0.70867056	1.7973932	-2.0271556	1.6809855	2.868174	25.908676	-5.2729135	-2.0489097e-08	-0.01113477	-4.0978193e-08	-0.022317894	0.23933876	-0.095993415	9.308384	-6.7193823	1.555028	-0.005248785	28.0	1.7521465	0.013544444	1530000	2234.923001050949
51	1.6452465	2.5635793	6.6925488	-3.1661637	16.75	19.866743	69.0	0.0	1000.0	40584.0	0.026015384615384614	-0.005752238	0.6958598	1.7508307	-1.8947428	1.3350244	2.4055245	23.54463	-9.266069	-1.21071935e-08	-0.00086766045	-1.3969839e-08	-0.0016703848	0.19734819	-0.08662146	13.531071	-7.93278	1.5497792	-0.01140821	2.0	1.7570913	0.00078969967	1560000	2278.5607018470764
52	0.27395588	2.6026533	7.5540915	-2.4194796	10.375	14.490838	53.0	0.0	1000.0	40925.0	0.025738993710691823	0.05685465	0.7393217	1.681992	-1.6945138	1.4935044	2.2718241	21.28667	-6.3226004	9.313226e-10	-0.0025228006	3.7252903e-09	-0.0052879914	0.20310183	-0.06815862	8.559126	-5.319593	1.538371	-0.01701808	3.0	1.7576053	0.008925375	1590000	2322.765114545822
53	0.8007944	2.3867288	5.896309	-2.3036616	15.916667	15.866412	53.0	0.0	1000.0	41487.0	0.02560925925925926	-0.054013163	0.67058223	1.7349739	-1.8599674	1.5906861	2.6249938	27.31712	-7.717359	-1.4901161e-08	-0.002318476	-2.4214387e-08	-0.0045870556	0.2138808	-0.07883957	14.022598	-8.809425	1.5213529	-0.019676924	2.0	1.7577361	0.004829652	1620000	2366.518194437027
54	0.50931585	2.1357992	4.493966	-2.2801678	24.958334	29.169731	123.0	0.0	1000.0	42234.0	0.025596363636363636	-0.040529996	0.6814136	1.660121	-1.8828582	1.8602115	2.5811608	22.665321	-5.9201994	2.2351742e-08	-0.0064042453	3.7252903e-08	-0.015977802	0.18440342	-0.07312742	24.650875	-17.490896	1.501676	-0.017172456	9.0	1.7578504	0.014134042	1650000	2410.695264816284
55	1.4787089	2.5921621	7.1726713	-2.5425289	13.416667	16.720537	56.0	0.0	1000.0	42606.0	0.025360714285714285	0.040583104	0.62246716	1.4809304	-1.7899085	2.12476	2.8673224	23.710083	-8.296802	7.450581e-09	-0.006849611	3.7252903e-09	-0.015507036	0.243233	-0.101518534	11.577887	-7.994253	1.4845035	-0.020516872	10.0	1.75759	0.01288764	1680000	2455.8802452087402
56	0.8142726	1.8268439	4.145868	-3.2232242	16.208334	15.702916	51.0	0.0	1000.0	43032.0	0.025164912280701755	0.034411937	0.6806953	2.1674798	-1.7062699	1.3127822	2.2845302	17.534758	-6.0139875	6.0535967e-09	-0.0033953416	1.0244548e-08	-0.0073227687	0.18430445	-0.071642816	12.568556	-7.47346	1.4639866	-0.022757411	6.0	1.757263	0.0091630155	1710000	2499.7891974449158
57	0.42983803	1.9821972	5.152741	-2.9908655	16.75	23.597757	97.0	0.0	1000.0	43470.0	0.024982758620689657	-0.016809672	0.66474175	1.6997144	-1.8177752	1.2186148	1.8904595	18.267096	-8.476608	0.0	-0.004600784	-7.450581e-09	-0.013783276	0.16871138	-0.06892955	18.18617	-10.647435	1.4412292	-0.024117589	6.0	1.7556913	0.014169406	1740000	2543.7020196914673
58	0.56686026	2.163232	4.691164	-3.5231853	22.583334	25.162666	83.0	0.0	1000.0	44117.0	0.024924858757062147	-0.011699732	0.6940332	2.0244992	-1.8448989	1.967189	3.1092703	27.510231	-6.251863	7.450581e-09	-0.0020093224	1.1175871e-08	-0.004063396	0.18528007	-0.07130251	18.595411	-11.662322	1.4171116	-0.02315557	1.0	1.7532046	0.0048379647	1770000	2587.481702566147
59	0.89517456	2.3934255	6.2233405	-2.8826497	14.166667	16.30099	55.0	0.0	1000.0	44583.0	0.024768333333333333	-0.03815985	0.6683232	1.5788765	-1.9010166	2.2514596	3.0950685	33.50907	-4.4498806	-1.3271347e-08	-0.0057353964	-1.8626451e-08	-0.015539747	0.23253341	-0.11592112	14.078164	-8.31514	1.3939561	-0.024875522	8.0	1.752506	0.013894169	1800000	2631.735289812088
60	0.86058736	2.7302396	9.664921	-2.8401148	14.166667	22.281658	96.0	0.0	1000.0	45082.0	0.024634972677595627	-0.024304094	0.67994606	2.2733378	-1.7937968	1.5449511	2.5877361	30.446777	-4.498122	1.3969839e-08	-0.0041071908	2.2351742e-08	-0.0095744645	0.20122816	-0.07979396	15.617995	-8.845608	1.3690805	-0.02691698	6.0	1.7488389	0.010195848	1830000	2676.479100227356
61	1.3189217	2.161202	6.2703924	-2.726587	12.166667	16.814344	71.0	0.0	1000.0	45500.0	0.02446236559139785	0.054363433	0.70505285	1.9061016	-1.9022295	1.5840896	2.1910617	22.047052	-4.089256	6.519258e-09	-0.009728695	-7.450581e-09	-0.021594102	0.22060446	-0.083334126	10.811704	-6.1723976	1.3421636	-0.026226282	29.0	1.7466757	0.01341347	1860000	2722.7166628837585
62	-0.38635054	2.1676419	4.751664	-3.7480245	12.583333	16.449207	63.0	0.0	1000.0	45921.0	0.024296825396825397	0.00060069986	0.76297647	1.8425893	-2.0001159	1.478953	2.2395685	28.331688	-2.790706	-7.450581e-09	-0.0101085715	-2.4214387e-08	-0.023165971	0.20432276	-0.08906683	12.352671	-7.522161	1.3159373	-0.027848244	24.0	1.7360644	0.013123284	1890000	2768.7955656051636
63	1.130298	2.7802668	7.473565	-2.7878819	13.041667	15.490533	58.0	0.0	1000.0	46279.0	0.024103645833333333	-0.08529302	0.65852904	1.5550109	-1.9929531	1.3007836	2.278057	22.284286	-6.460729	3.7252903e-09	-0.00030544028	1.4901161e-08	-0.0013754065	0.21522419	-0.09093675	12.79568	-7.051098	1.288089	-0.032652497	2.0	1.7331157	0.002365103	1920000	2812.8141152858734
64	0.7400072	2.4926353	8.839533	-2.4226902	12.083333	14.588572	42.0	0.0	1000.0	46589.0	0.023891794871794873	0.06056368	0.6919897	2.3365777	-1.7662554	1.2773584	2.1187332	25.008648	-4.7708263	-2.7939677e-09	-0.0003734702	-3.7252903e-09	-0.0044065714	0.2305337	-0.10719608	10.76111	-6.3127832	1.2554365	-0.033963084	3.0	1.732874	0.007476093	1950000	2856.7055897712708
65	0.6183774	2.1000168	5.9768567	-2.7070599	12.0	16.2737	49.0	0.0	1000.0	47014.0	0.023744444444444443	0.04531367	0.7416057	2.2959042	-1.8586473	1.1080582	1.9765619	20.877232	-3.809525	-7.450581e-09	-0.001414997	7.450581e-09	-0.0019236491	0.24508871	-0.123608395	15.399281	-8.954093	1.2214735	-0.035330296	1.0	1.7320685	0.0034639274	1980000	2901.3071258068085
66	0.81397647	2.0178342	4.9955425	-2.750528	15.458333	19.54904	72.0	0.0	1000.0	47513.0	0.023638308457711442	-0.012630078	0.67747706	1.9433929	-1.7959647	1.3215714	2.3424377	27.67098	-3.9540207	-7.450581e-09	-0.0022677036	-2.2351742e-08	-0.010932426	0.22077933	-0.08741259	16.254032	-9.49268	1.1861432	-0.035019517	1.0	1.7316715	0.01231421	2010000	2944.882224559784
67	1.1999229	1.9651871	4.8430333	-1.6256759	12.958333	19.917494	84.0	0.0	1000.0	48007.0	0.023532843137254903	0.044250444	0.7286958	2.050793	-1.9509631	1.7934467	2.8362374	25.822243	-3.5878606	1.1175871e-08	0.00082519115	1.1175871e-08	-0.006039009	0.24742462	-0.10088073	15.955795	-10.187438	1.1511236	-0.035400152	1.0	1.7313368	0.013314498	2040000	2988.7669253349304
68	0.17899875	1.9202064	4.4985986	-2.7691934	4.875	9.527646	34.0	0.0	1000.0	48171.0	0.023271014492753622	0.055639494	0.6922505	2.22223	-1.8412201	1.2717493	2.3908422	27.070105	-4.057968	1.1175871e-08	-0.0002534889	1.4901161e-08	-0.00041118218	0.23018458	-0.086523	6.6782966	-4.8344746	1.1157235	-0.037705183	1.0	1.7310538	0.001785028	2070000	3033.1164441108704
69	0.44674453	1.2816919	3.5884233	-1.8261995	5.2916665	10.89143	44.0	0.0	1000.0	48323.0	0.023010952380952382	-0.039389387	0.6834719	1.9429077	-1.8150141	0.87490654	1.6345309	18.123991	-5.566373	6.0535967e-09	-0.0010827831	1.8626451e-09	-0.0017258169	0.20418426	-0.07995426	5.3801265	-2.8657544	1.0780183	-0.03929639	1.0	1.7308701	0.0020984025	2100000	3078.0640091896057
70	0.19720976	2.251629	4.797811	-4.014342	8.75	15.395481	50.0	0.0	1000.0	48585.0	0.022809859154929578	0.016587045	0.66016114	2.1274445	-1.8826224	0.5445669	1.1598241	16.99179	-3.8934677	-4.656613e-10	-0.00086859544	-1.8626451e-09	-0.00051787763	0.22540359	-0.109960034	8.721125	-5.782134	1.0387219	-0.039594352	1.0	1.7307589	0.0018347853	2130000	3123.4604971408844
71	1.0795282	2.189301	6.0209002	-2.4438925	12.0	21.92411	75.0	0.0	1000.0	48966.0	0.022669444444444443	-0.029785266	0.71502525	2.3331223	-2.085191	1.0249544	2.213567	26.67621	-3.5057456	-3.7252903e-09	-0.00065739796	-7.450581e-09	0.000126509	0.19683437	-0.077619165	14.921929	-9.216524	0.99912757	-0.038865507	1.0	1.7308204	0.0019221642	2160000	3168.666706800461
72	1.8862709	2.9167044	7.4462414	-3.5980165	20.0	50.805183	251.0	0.0	1000.0	49496.0	0.022600913242009132	-0.037496667	0.6987676	1.8799764	-1.8666074	1.5143725	2.9398446	39.004494	-5.1547923	7.450581e-09	-0.0020302683	2.9802322e-08	-0.00400286	0.26881436	-0.14300898	51.60453	-43.918037	0.96026206	-0.03594184	1.0	1.7308993	0.0013058293	2190000	3213.9147276878357
73	1.3961706	2.4051788	6.0460734	-3.1679897	16.458334	14.3410225	47.0	0.0	1000.0	49922.0	0.022487387387387387	0.056970414	0.671734	2.4350858	-1.781883	1.2621026	2.6760879	41.21166	-4.9858837	-8.381903e-09	-0.0009004902	-1.1175871e-08	-0.0040927646	0.22449991	-0.10018262	12.330046	-6.037898	0.9243202	-0.034305274	1.0	1.7309049	0.003913728	2220000	3258.748589038849
74	0.4116383	2.390186	7.2082334	-3.3938024	8.291667	12.650688	39.0	0.0	1000.0	50156.0	0.022291555555555554	0.049737465	0.6845322	2.1588545	-1.9433049	1.0492294	1.8485706	18.837553	-4.099468	-9.313226e-10	-0.00035867398	3.7252903e-09	-0.0022617858	0.20742302	-0.09957239	7.88624	-3.7521496	0.89001495	-0.03477454	1.0	1.7309177	0.002412824	2250000	3303.5079848766327
75	0.27162048	2.0013978	5.7881474	-2.323842	12.375	15.220087	54.0	0.0	1000.0	50547.0	0.022169736842105263	0.016210385	0.68962455	1.851784	-1.7171677	0.9347957	1.3793724	16.234226	-1.6058946	0.0	-0.001128545	-9.313226e-09	-0.000517054	0.23643942	-0.11390574	10.801089	-5.0204782	0.8552404	-0.034096837	1.0	1.731004	0.0040291054	2280000	3349.1256947517395
76	0.99143	2.798605	7.229201	-2.1146317	11.416667	17.582937	65.0	0.0	1000.0	50883.0	0.02202727272727273	-0.07578334	0.6690446	2.2217069	-1.8262666	0.94314325	1.6458312	23.26399	-4.389833	3.7252903e-09	-0.00069168676	7.450581e-09	-0.00062364526	0.23274186	-0.10536363	11.605844	-4.4420705	0.82114357	-0.033551395	1.0	1.7309558	0.0012764188	2310000	3393.9708585739136
77	0.47193456	2.06568	5.009074	-2.9513054	13.291667	22.839073	102.0	0.0	1000.0	51212.0	0.021885470085470086	-0.055027604	0.62207437	1.6976883	-1.7910137	1.2278697	1.7283789	17.715097	-5.1661963	-2.9802322e-08	-0.00072047755	-6.3329935e-08	-0.00017718528	0.17209691	-0.08969715	18.655455	-10.459318	0.7875922	-0.03251189	1.0	1.7307873	0.0018327902	2340000	3438.7442033290863
78	1.0687515	2.4038124	7.8972783	-2.2653575	9.208333	14.82672	54.0	0.0	1000.0	51662.0	0.02179831223628692	-0.016843917	0.6958723	2.9779234	-1.877093	1.1633594	2.1810992	18.982992	-6.2073226	3.7252903e-09	-0.0004488792	-1.1175871e-08	-0.0009263775	0.21219449	-0.10179958	23.798714	-12.860182	0.7550803	-0.032325923	1.0	1.7306021	0.0007419247	2370000	3483.626106739044
79	0.29925457	1.9067297	4.3746476	-2.6004946	24.958334	41.389896	205.0	0.0	1000.0	52355.0	0.02181458333333333	-0.05930501	0.68785477	1.8025215	-1.9006667	1.250924	1.8927437	17.373997	-5.9609957	4.656613e-09	-0.0020803576	3.7252903e-09	-0.0075080222	0.19630942	-0.09671744	37.88237	-27.7659	0.72275436	-0.028422475	1.0	1.7305641	0.0060554733	2400000	3528.8017070293427
80	0.3724858	2.1783795	5.8999577	-2.9790215	16.083334	19.874434	79.0	0.0	1000.0	52831.0	0.021741152263374485	0.027064156	0.6195392	1.9107803	-1.5731357	1.6660422	2.948628	32.807545	-3.7560592	1.1175871e-08	-0.0006661897	2.0489097e-08	-0.0023603593	0.1675516	-0.0877545	16.501034	-8.74664	0.6943319	-0.027146816	1.0	1.7306224	0.0018610957	2430000	3574.4296979904175
81	1.5247813	2.1202242	8.344826	-2.0507166	19.75	18.742222	63.0	0.0	1000.0	53516.0	0.021754471544715447	-0.009207063	0.6441445	1.4615902	-1.8470953	1.8665968	2.8251016	29.348595	-8.372164	1.8626451e-09	-0.0019561325	1.3038516e-08	-0.0026433133	0.17492157	-0.083552286	17.949617	-10.277913	0.66718507	-0.025186658	1.0	1.7306924	0.0031942464	2460000	3620.0097160339355
82	0.7782001	1.580777	4.2573557	-2.0285532	13.5	25.78436	89.0	0.0	1000.0	53984.0	0.021680321285140563	-0.03193517	0.6469671	2.1822393	-1.8515567	2.4589312	3.864643	36.562508	-4.0725007	-1.21071935e-08	-0.00077643944	-1.4901161e-08	-0.0012813739	0.19920799	-0.10739857	27.830624	-17.106945	0.6419984	-0.024755955	1.0	1.7309129	0.0014360729	2490000	3665.042993783951
83	1.574402	1.6252409	4.5358696	-1.2165588	24.791666	38.425232	140.0	0.0	1000.0	54635.0	0.021680555555555557	0.009450224	0.63965034	1.81588	-1.767672	1.7739139	2.6229432	22.534851	-6.3432174	1.1175871e-08	-0.0012906501	4.4703484e-08	-0.0013807826	0.19102119	-0.10813169	38.42968	-25.43076	0.61724246	-0.021848798	1.0	1.7310195	0.0017425251	2520000	3710.153148174286
84	1.0518352	2.6624618	8.621337	-2.81674	18.0	30.6159	132.0	0.0	1000.0	55213.0	0.021652156862745096	0.071909666	0.6077174	1.7497531	-1.7051061	2.0303838	3.360395	32.172146	-4.2175565	7.450581e-09	-0.0010982137	1.4901161e-08	-0.0036544306	0.20966856	-0.09753908	21.26669	-13.426952	0.59539366	-0.020813525	1.0	1.7312475	0.0028182752	2550000	3752.769663333893
85	0.9283069	2.2430916	5.4468937	-2.3616192	29.541666	36.653763	145.0	0.0	1000.0	56101.0	0.021744573643410852	0.024432817	0.6789936	2.0996766	-1.9530668	2.1145813	3.461203	47.690907	-4.707211	2.2351742e-08	-0.0012194482	5.9604645e-08	-0.0028804624	0.19455566	-0.09750177	48.212776	-25.623384	0.57458013	-0.017325819	1.0	1.7315614	0.001473877	2580000	3795.715683698654
86	0.12334445	1.9687624	4.8848505	-2.3121905	36.166668	33.21604	136.0	0.0	1000.0	57139.0	0.021892337164750957	-0.04682901	0.6480397	1.6518579	-1.9432102	3.093165	4.0690694	36.637993	-5.310613	-3.7252903e-09	-0.0021446578	-2.9802322e-08	-0.007958494	0.15292764	-0.081055924	47.208416	-33.4608	0.5572543	-0.01277566	1.0	1.7320452	0.0038772284	2610000	3838.3874909877777
87	1.0440115	2.677656	6.6448865	-2.5271268	23.166666	18.402143	59.0	0.0	1000.0	57793.0	0.021891287878787878	0.05421379	0.631105	1.6585456	-1.5899884	2.4632723	3.575815	37.857304	-2.9087856	1.8626451e-09	-0.00046921347	-7.450581e-09	-0.00016892189	0.19644637	-0.09117395	19.67508	-11.498751	0.54447865	-0.011775613	1.0	1.7324604	0.001643291	2640000	3881.0581657886505
88	1.4753418	1.9158363	4.8130507	-2.0501971	27.833334	34.049797	142.0	0.0	1000.0	58593.0	0.02194494382022472	0.007671724	0.66897935	1.9715837	-2.003003	2.373204	3.9038067	34.35909	-4.0010405	1.6763806e-08	-0.0013432826	2.9802322e-08	-0.0013401778	0.20353575	-0.09203558	28.503735	-16.670856	0.53270304	-0.0098744035	1.0	1.7328428	0.0021190525	2670000	3924.1934263706207
89	1.560266	1.8891875	6.024539	-2.2522886	27.666666	28.39992	136.0	0.0	1000.0	59610.0	0.02207777777777778	0.046916485	0.6633696	2.0189114	-1.9158456	2.4178174	3.8902836	40.018723	-5.149346	2.7939677e-09	-0.001317652	7.450581e-09	-0.003985198	0.20430475	-0.09342913	47.032234	-31.602318	0.52282864	-0.008134484	3.0	1.7330455	0.0020362576	2700000	3967.1780819892883
90	1.2541175	2.6409378	10.228308	-2.0368583	29.75	29.611723	111.0	0.0	1000.0	60482.0	0.022154578754578755	0.0680209	0.64243287	1.8666003	-1.6445551	3.2508986	4.7703424	46.028458	-4.937922	2.0489097e-08	-0.00088078773	3.7252903e-08	-0.003181066	0.21141008	-0.10221036	33.373917	-21.473177	0.51469415	-0.006344199	1.0	1.7331023	0.0024135546	2730000	4010.503342151642
91	0.96072775	2.2534077	8.460707	-2.0860891	44.875	31.720541	133.0	0.0	1000.0	61948.0	0.022444927536231885	0.048051726	0.6092024	2.125338	-1.8306865	3.5948694	5.3967185	46.653946	-11.334149	-3.7252903e-09	-0.001841138	1.1175871e-08	-0.003117125	0.18603632	-0.10385896	49.654533	-35.972057	0.50834996	-0.0014218688	1.0	1.7331378	0.0031240827	2760000	4054.824243068695
92	1.3379287	2.4369843	6.3693523	-2.5361052	49.166668	34.3774	122.0	0.0	1000.0	63590.0	0.022792114695340503	-0.015375423	0.6446247	1.7914516	-1.8544673	4.989325	6.4701495	51.726456	-7.223224	1.8626451e-08	-0.002762949	4.4703484e-08	-0.0076274797	0.20131944	-0.11142581	45.75368	-28.1608	0.5069281	0.0037598014	3.0	1.7329447	0.004238572	2790000	4099.374543428421
93	0.9552043	2.4074514	6.061008	-2.6376636	55.583332	51.35572	223.0	0.0	1000.0	65124.0	0.023093617021276595	0.015616682	0.70301414	1.7677536	-1.8014617	5.704729	7.017378	46.479874	-5.442156	1.4901161e-08	-0.012268117	1.4901161e-08	-0.045622244	0.21872145	-0.12608477	48.35122	-31.385773	0.5106879	0.01123029	18.0	1.7329304	0.011999271	2820000	4144.894204378128
94	0.4689345	2.0418186	5.1808243	-2.8633485	29.708334	33.059895	108.0	0.0	1000.0	65996.0	0.023156491228070175	0.013820542	0.634351	2.083826	-1.6657346	4.595606	5.6880994	47.554256	-7.7177825	-7.450581e-09	-0.013050094	-1.4901161e-08	-0.045197744	0.16949782	-0.09169525	30.097504	-19.369694	0.5219182	0.015164256	32.0	1.7271993	0.013137747	2850000	4192.723643541336
95	0.09091418	1.6012313	3.2750716	-2.682425	31.541666	19.397121	79.0	6.0	1000.0	66930.0	0.023239583333333334	0.06781702	0.66004294	2.4079127	-1.7615445	3.2054462	4.0309052	35.083397	-6.9210773	1.1175871e-08	-0.010843454	3.7252903e-09	-0.03494017	0.21505356	-0.124556825	18.817799	-11.601356	0.53708243	0.014373541	27.0	1.7183248	0.012554027	2880000	4239.1464059352875
96	0.7282915	2.4279861	7.8913035	-2.957973	41.333332	34.223125	141.0	0.0	1000.0	68053.0	0.023385910652920963	-0.056604393	0.69738764	1.936224	-1.7313344	3.0039835	4.4492974	36.479393	-6.1176076	-5.5879354e-09	-0.011131656	-1.8626451e-08	-0.032952692	0.20063572	-0.11882427	35.16229	-22.921259	0.551456	0.015735626	24.0	1.7116909	0.012403596	2910000	4285.0721616744995
97	1.261238	2.2518034	5.8881063	-2.9017463	34.291668	26.797821	93.0	0.0	1000.0	69193.0	0.023535034013605443	-0.0023873895	0.6495631	1.7019451	-1.837006	4.125392	5.8773003	42.8539	-7.016841	-2.188608e-08	-0.01240151	-5.9138983e-08	-0.043609872	0.27609694	-0.15328002	34.761955	-22.486238	0.5671916	0.016758978	20.0	1.701277	0.015344427	2940000	4330.375711679459
98	1.2617818	2.606646	7.0056415	-2.488011	45.333332	41.46451	137.0	0.0	1000.0	70416.0	0.02370909090909091	0.04037744	0.65027255	2.3063114	-1.7860161	3.5509276	4.621175	41.98365	-4.9326973	1.8626451e-08	-0.013051152	6.61239e-08	-0.03903168	0.23101233	-0.12759621	38.276073	-24.465614	0.5839506	0.020476758	25.0	1.6935858	0.013524596	2970000	4376.33611536026
99	1.5157574	3.67819	11.354381	-3.3195095	35.541668	34.152817	113.0	0.0	1000.0	71632.0	0.023877333333333334	0.09537403	0.73702896	1.9803854	-1.8347293	4.1251574	5.478549	44.573856	-5.562565	-1.4901161e-08	-0.013598202	0.0	-0.0410444	0.2647959	-0.16803811	43.691273	-29.92114	0.60442734	0.021534383	26.0	1.6921165	0.012317718	3000000	4422.206340074539
100	2.5967584	3.189953	10.060343	-1.9414964	42.333332	44.65205	184.0	0.0	1000.0	73057.0	0.02411122112211221	0.08288981	0.681617	2.1645293	-1.7207271	4.6550603	6.4759793	55.179935	-5.866051	7.450581e-09	-0.0013728297	1.4901161e-08	-0.0046101036	0.26319262	-0.14804986	38.174088	-24.423979	0.6259617	0.020514965	2.0	1.6758064	0.0024278504	3030000	4466.8609075546265
101	1.2275375	3.518924	12.014159	-2.1722612	47.166668	43.70895	142.0	0.0	1000.0	74337.0	0.02429313725490196	0.11313521	0.7817488	2.9291687	-1.812691	4.121886	5.8478723	49.99545	-4.358949	-7.450581e-09	-0.0013965028	0.0	-0.010202212	0.21092919	-0.12121201	37.21847	-23.198553	0.6464767	0.023368359	1.0	1.6742675	0.010972079	3060000	4510.462483406067
102	0.9949568	2.5224805	7.4826736	-4.7448997	37.291668	36.60428	142.0	0.0	1000.0	75606.0	0.024467961165048544	0.0020960206	0.6860457	2.159987	-1.8810438	4.6943665	6.560114	49.290497	-7.5659633	-4.656613e-09	-0.002154041	-2.0489097e-08	-0.0041635176	0.26744378	-0.17058103	37.068558	-26.101963	0.66984504	0.024342775	1.0	1.6733763	0.0030504894	3090000	4552.516389131546
103	1.2804056	2.5696957	6.79439	-2.1373103	43.958332	39.467793	147.0	0.0	1000.0	76844.0	0.02462948717948718	0.07800534	0.68450105	2.2028146	-1.7327491	4.367009	6.8800406	62.330414	-4.196758	-1.0244548e-08	-0.001580982	-1.6763806e-08	-0.005436752	0.22317755	-0.13238055	34.37866	-22.776314	0.6941878	0.02666974	1.0	1.6726899	0.0028984933	3120000	4594.850197315216
104	1.3048571	2.9634464	10.274751	-1.9249488	45.083332	33.81927	119.0	0.0	1000.0	78258.0	0.024843809523809525	0.06721597	0.6773879	2.3644314	-1.682905	4.183368	6.003473	66.8232	-6.011261	-7.450581e-09	-0.0019957735	-1.8626451e-08	-0.006765498	0.18775392	-0.10962493	46.64886	-33.760098	0.72085756	0.02912736	1.0	1.6722071	0.0032137684	3150000	4636.7730717659
105	1.1417425	2.9665546	7.4310207	-2.7562635	27.166666	32.143776	115.0	0.0	1000.0	79042.0	0.024855974842767296	0.056565404	0.70387065	3.2333996	-1.7450564	3.8248436	5.7585464	53.817898	-4.514029	-1.5832484e-08	-0.0015697621	-3.7252903e-08	-0.0054205116	0.21411157	-0.12919009	22.99311	-16.821861	0.7499849	0.027543783	1.0	1.6716998	0.0032837337	3180000	4678.933126449585
106	0.9544706	1.9955744	5.6574507	-2.186517	30.708334	34.65482	130.0	0.0	1000.0	79964.0	0.024910903426791278	0.0767977	0.6349715	2.1154428	-1.660225	2.588121	5.0737987	56.21848	-7.9839187	-9.313226e-09	-0.0011914626	-1.6763806e-08	-0.002049054	0.180125	-0.09807684	23.252481	-17.660969	0.7775287	0.026884437	1.0	1.6712397	0.0026102755	3210000	4720.584064245224
107	1.2281224	2.1265514	4.8028736	-1.9767805	48.791668	34.507217	131.0	0.0	1000.0	81349.0	0.025107716049382715	-0.012132783	0.6505266	1.6402185	-1.8600601	3.4754272	6.0124164	48.87596	-5.691404	-1.8626451e-08	-0.0059192334	-5.9604645e-08	-0.01614408	0.2130904	-0.118779555	41.484276	-28.413288	0.80441314	0.030599415	4.0	1.6708363	0.0074219345	3240000	4762.729210853577
108	1.2442044	2.689434	7.294926	-3.5792735	36.75	35.01934	136.0	0.0	1000.0	82492.0	0.02522691131498471	0.06995194	0.67538375	2.4013882	-1.798013	4.610081	6.62441	51.06158	-8.52777	1.6763806e-08	-0.0068030125	4.284084e-08	-0.02464779	0.21016413	-0.10691869	38.426067	-27.698784	0.83501256	0.03144455	6.0	1.6701097	0.016322406	3270000	4805.076520681381
109	0.6650754	2.5060425	5.988057	-3.07181	33.541668	41.154163	179.0	0.0	1000.0	83568.0	0.025323636363636364	0.053389892	0.6594399	2.2589328	-1.7384889	3.558569	5.619412	55.18609	-5.1777987	5.5879354e-09	-0.0064168507	7.450581e-09	-0.030481633	0.181283	-0.10569743	33.02031	-22.708672	0.8664571	0.031337023	5.0	1.6689609	0.023383316	3300000	4847.8638644218445
110	0.50960195	1.9206973	4.5216575	-1.6828874	27.083334	42.99992	173.0	0.0	1000.0	84348.0	0.02532972972972973	0.035824325	0.6311539	2.4380827	-1.5802748	2.9120905	4.7283816	46.14564	-5.7149353	-2.142042e-08	-0.0051413346	-4.0978193e-08	-0.017392993	0.13065198	-0.07910523	29.453104	-22.45629	0.8977941	0.02960354	5.0	1.668683	0.014930535	3330000	4891.2021107673645
111	0.6707991	2.4903708	7.383371	-3.225765	19.208334	22.21857	94.0	0.0	1000.0	85005.0	0.025299107142857144	-0.040077507	0.61207485	2.9595904	-1.7595689	2.5220556	4.5415244	43.15263	-3.321714	1.8626451e-09	-0.013318461	7.450581e-09	-0.03502372	0.1580169	-0.09555627	32.75123	-23.081642	0.92739767	0.026788652	13.0	1.6674111	0.014946153	3360000	4934.771232128143
112	0.41137192	1.7704304	3.47406	-2.285009	25.875	49.68091	238.0	0.0	1000.0	85946.0	0.025352802359882007	0.04189503	0.5875689	1.7447127	-1.5319192	1.5898204	3.0007172	34.07122	-4.6305327	7.450581e-09	-0.014030027	-2.9802322e-08	-0.03533607	0.13254665	-0.08660507	75.230865	-67.447845	0.9541863	0.025375009	13.0	1.6658953	0.014868476	3390000	4978.061076164246
113	0.8229062	2.1099048	5.1748424	-2.8262784	38.125	31.727108	119.0	0.0	1000.0	87274.0	0.0255187134502924	-0.014905528	0.6323654	2.0510097	-1.5650685	2.858457	6.3510985	60.447094	-11.984137	-1.21071935e-08	-0.0066748857	-3.1664968e-08	-0.015533943	0.15004954	-0.08950993	49.71073	-33.387	0.9795613	0.02544427	2.0	1.662519	0.008386932	3420000	5020.321262121201
114	1.6058551	2.5249944	7.4820557	-1.6448818	34.375	32.50873	146.0	0.0	1000.0	88485.0	0.02564782608695652	0.09090145	0.66852146	1.9168066	-1.4806465	4.056806	6.0869102	37.59445	-10.793951	-3.7252903e-09	-0.005023533	-1.4901161e-08	-0.0140663	0.2008499	-0.11697419	59.506546	-49.08997	1.0050056	0.025997162	2.0	1.6620507	0.009493653	3450000	5062.061748743057
115	0.27713165	2.1448615	5.3792477	-2.3252892	33.25	35.597576	124.0	0.0	1000.0	89399.0	0.025689367816091956	0.19975273	0.65347576	2.198467	-1.4155504	3.305215	6.317576	49.389256	-10.447251	-7.450581e-09	-0.0024468084	-2.9802322e-08	-0.011827113	0.22597575	-0.15289366	48.226707	-33.47792	1.0310028	0.026073933	1.0	1.6615967	0.013666974	3480000	5104.52313041687
116	0.560628	2.1041267	5.8596597	-4.358452	75.208336	111.77953	377.0	0.0	1000.0	91723.0	0.026131908831908832	0.0047908793	0.618214	1.7352383	-1.4082433	4.3477592	6.1915283	45.304306	-12.576148	4.0978193e-08	-0.011136958	7.8231096e-08	-0.033165183	0.17431399	-0.11040106	201.51807	-169.66147	1.0570767	0.03605044	2.0	1.6612928	0.020624323	3510000	5146.049031019211
117	0.43596944	2.1245182	6.5471573	-2.9078732	38.333332	56.146145	262.0	0.0	1000.0	92839.0	0.026225706214689264	0.060389176	0.6123154	2.1352906	-1.7334025	3.44699	7.5705714	58.277977	-6.8708515	2.4214387e-08	-0.003646002	4.0978193e-08	-0.019932695	0.15298182	-0.08613382	52.64461	-42.579895	1.0931271	0.03693354	3.0	1.6601937	0.02356088	3540000	5188.630704879761
118	0.6589115	2.5163782	8.855461	-3.1402743	17.333334	21.108187	95.0	0.0	1000.0	93436.0	0.026172549019607843	0.07746072	0.6263293	1.8908566	-1.562523	2.3481684	4.3255706	43.04882	-6.3108764	-3.7252903e-09	-0.007763633	0.0	-0.019839311	0.1855128	-0.08927232	14.709388	-9.36614	1.1300607	0.032858014	12.0	1.6591084	0.011644371	3570000	5231.717018842697
119	0.7496733	3.0135686	8.906955	-3.0322251	34.375	49.905586	223.0	0.0	1000.0	94428.0	0.02623	0.06047234	0.6640441	2.0276637	-1.6951908	2.3763406	4.923463	52.492874	-5.698539	-1.1175871e-08	-0.008649332	-4.0978193e-08	-0.024886884	0.22027135	-0.12776825	43.96841	-32.565865	1.1629187	0.03223586	6.0	1.6595545	0.019597288	3600000	5273.881906509399
120	-0.29254946	2.5542693	8.162324	-3.6533165	31.166666	31.086798	116.0	0.0	1000.0	95241.0	0.026237190082644628	0.004340692	0.66880333	2.216156	-1.5923378	2.604172	5.0610905	43.70515	-3.164001	1.4901161e-08	-0.003244935	2.6077032e-08	-0.008024267	0.21790175	-0.14182228	26.044134	-19.30091	1.1951545	0.03083837	2.0	1.6572001	0.009651989	3630000	5316.5864815711975
121	0.528382	2.4262261	6.1143174	-2.999071	31.875	27.548914	124.0	0.0	1000.0	96277.0	0.0263051912568306	-0.013763505	0.6819307	2.220018	-1.4906178	2.3922706	5.008818	42.07645	-7.7548857	-7.450581e-09	-0.014627818	-1.4901161e-08	-0.033363897	0.18001178	-0.122389056	24.526588	-16.349194	1.2259929	0.03189528	15.0	1.6556007	0.018310165	3660000	5360.117023706436
122	0.9479265	2.6053789	7.2460766	-3.128479	25.625	31.99715	134.0	0.0	1000.0	97023.0	0.02629349593495935	0.06217932	0.6549969	2.729623	-1.5233184	2.701338	4.8576875	43.91378	-6.199594	9.313226e-10	-0.0040567424	1.8626451e-09	-0.007708637	0.19083111	-0.10326928	23.343397	-18.306593	1.2578882	0.028027654	2.0	1.6454902	0.0046114055	3690000	5402.187172412872
123	0.55564624	2.3471932	6.6931343	-2.6564507	22.125	19.46217	69.0	0.0	1000.0	97728.0	0.026270967741935485	0.036778223	0.6701192	2.2525837	-1.6767471	2.0576303	4.286925	43.475258	-3.769144	9.313226e-09	-0.0036132324	1.8626451e-08	-0.011231864	0.21582001	-0.11148025	18.276733	-12.472042	1.2859159	0.0248909	4.0	1.6431184	0.013060445	3720000	5444.19833278656
124	1.5723087	2.4995403	7.018281	-1.9010755	40.041668	46.28938	159.0	0.0	1000.0	98832.0	0.0263552	0.059007015	0.6228479	2.15102	-1.5579474	2.4091322	4.356377	34.260727	-6.048765	-4.4703484e-08	-0.0026933274	-5.9604645e-08	-0.010797952	0.14200911	-0.080682956	40.207573	-30.95414	1.3108068	0.026912332	1.0	1.6396909	0.014760685	3750000	5486.649667739868
125	0.7385924	1.6163975	4.848056	-1.5569018	14.916667	15.779513	62.0	0.0	1000.0	99261.0	0.02625952380952381	0.07609767	0.61697495	1.9856665	-1.5502685	2.2252407	4.233939	43.769913	-4.2317905	-9.313226e-09	-0.0038577667	-9.313226e-09	-0.0073106107	0.18010801	-0.100032136	15.134822	-10.824849	1.3377191	0.021357298	2.0	1.6387168	0.00723826	3780000	5529.594163656235
126	1.1740032	2.692076	9.813817	-2.9026442	29.583334	35.24547	163.0	0.0	1000.0	100021.0	0.02625223097112861	0.029508978	0.6641123	1.7242509	-1.9062357	1.4977398	2.783728	28.958733	-2.7953746	-1.9557774e-08	-0.0053927335	-3.3527613e-08	-0.012121476	0.18705094	-0.11611462	30.76783	-24.51467	1.3590764	0.021372318	9.0	1.6374043	0.011710927	3810000	5572.795212507248
127	0.37573853	2.1757605	6.454868	-2.0021255	27.666666	29.74288	98.0	0.0	1000.0	100791.0	0.02624765625	0.022695791	0.59879875	1.8968008	-1.7135547	1.9147143	4.348538	55.886806	-4.8308682	2.7939677e-08	-0.004494225	3.3527613e-08	-0.010014391	0.1419912	-0.0768252	23.972897	-16.57334	1.3804487	0.019878268	2.0	1.6364565	0.007893005	3840000	5614.607373476028
128	0.6992381	2.2061772	6.665162	-2.9253848	30.208334	38.533512	156.0	0.0	1000.0	101754.0	0.026293023255813952	0.11663097	0.64776	2.8701148	-1.449342	2.7097085	4.7448635	40.248913	-6.3037214	1.1175871e-08	-0.0033225664	1.8626451e-08	-0.013062832	0.13756229	-0.08910581	37.170776	-27.579685	1.400327	0.019713998	1.0	1.6365395	0.022932513	3870000	5656.960333347321
129	1.3139685	2.0362203	5.4224977	-2.0964673	35.958332	37.792725	139.0	0.0	1000.0	102738.0	0.026343076923076924	0.012264614	0.6646235	2.06004	-1.6618795	2.9883282	5.175378	48.82952	-7.0529585	-3.7252903e-09	-0.008656423	-5.5879354e-09	-0.021513987	0.18494804	-0.107426144	37.50123	-28.125525	1.420041	0.021805763	5.0	1.6367772	0.021632304	3900000	5699.720066308975
130	2.0899737	2.2972322	7.7567153	-1.2022338	24.666666	32.21758	117.0	0.0	1000.0	103381.0	0.02630559796437659	0.12219846	0.57841754	2.1959524	-1.4529152	4.6924124	8.511365	48.49471	-5.317061	-1.4901161e-08	-0.0070219976	-2.9802322e-08	-0.018046461	0.17075913	-0.10396756	72.133415	-61.378223	1.4418467	0.019783378	5.0	1.637495	0.01861974	3930000	5743.528988599777
131	1.6167154	2.102813	5.006548	-2.7300367	46.083332	43.631905	148.0	0.0	1000.0	104707.0	0.026441161616161616	0.14033546	0.6551788	1.9854083	-1.6513176	2.5866327	4.3973308	36.96763	-6.3579373	-3.7252903e-09	-0.0031122817	-1.1175871e-08	-0.00931193	0.18578665	-0.12294177	43.610428	-28.204039	1.4616301	0.024540663	2.0	1.6366249	0.010870809	3960000	5786.687287569046
132	1.0363826	2.2835634	5.3821063	-2.4727187	30.0	33.42529	127.0	0.0	1000.0	105626.0	0.02647268170426065	0.10512412	0.6619587	2.3821955	-1.659322	3.431335	6.056973	51.073368	-6.225313	-7.450581e-09	-0.005576052	-3.7252903e-09	-0.016444169	0.19826241	-0.11249086	28.453184	-17.827202	1.4861708	0.024011612	2.0	1.6354165	0.022219727	3990000	5829.089195251465
133	1.2205142	1.9906547	6.370677	-1.8671017	21.625	23.285927	88.0	0.0	1000.0	106428.0	0.026474626865671643	0.117133506	0.623204	2.6134026	-1.5815159	2.7293026	5.046108	43.40955	-3.3731828	-8.8475645e-09	-0.003283915	-5.5879354e-09	-0.00987649	0.1528709	-0.08935003	21.374367	-13.523096	1.5101824	0.020863652	4.0	1.634284	0.016446479	4020000	5872.127345323563
134	1.6137387	3.4241602	13.835283	-2.4324555	28.083334	29.41643	111.0	0.0	1000.0	107297.0	0.026493086419753085	0.13955823	0.6698896	2.1098223	-1.805814	2.6088583	4.8134847	45.629807	-8.749084	-2.6077032e-08	-0.005575442	-4.4703484e-08	-0.017689174	0.2107354	-0.12786967	26.143223	-17.416992	1.531046	0.020012379	4.0	1.6339477	0.024281997	4050000	5915.8252630233765
