Epoch	AverageEpRet	StdEpRet	MaxEpRet	MinEpRet	AverageEpCost	StdEpCost	MaxEpCost	MinEpCost	EpLen	CumulativeCost	CostRate	AverageVVals	StdVVals	MaxVVals	MinVVals	AverageCostVVals	StdCostVVals	MaxCostVVals	MinCostVVals	LossPi	DeltaLossPi	SurrCost	DeltaSurrCost	LossV	DeltaLossV	LossVC	DeltaLossVC	Penalty	DeltaPenalty	StopIter	Entropy	KL	TotalEnvInteracts	Time
0	1.2072625	1.8345107	4.963356	-1.8035861	37.083332	90.29808	449.0	0.0	1000.0	1059.0	0.0353	0.5492139	0.5510131	2.0239978	-1.2550879	-0.3823136	0.11466428	0.1008755	-0.73381054	7.450581e-09	0.009937752	2.9802322e-08	-0.012445315	0.8835215	-0.7069645	142.34076	-60.6565	0.99999994	0.032035768	1.0	1.837877	0.06286052	30000	41.04977893829346
1	0.092298865	2.42931	8.282522	-3.8149083	16.916666	16.170746	48.0	0.0	1000.0	1610.0	0.026833333333333334	0.004036542	0.3355366	0.9961525	-1.0441378	2.3469794	3.7021937	24.092012	-5.9278603	-3.7252903e-09	0.025544725	3.7252903e-09	-0.0072084665	0.19326794	-0.04460343	23.53291	-11.7081175	1.0320357	0.0048532486	1.0	1.8383718	0.08075469	60000	80.54361033439636
2	-0.14824964	1.9471552	5.49159	-3.0799458	22.958334	28.894175	120.0	0.0	1000.0	2210.0	0.024555555555555556	-0.083048336	0.43267286	1.456715	-1.5315725	2.3792968	1.4378183	7.722123	-1.878411	2.2351742e-08	0.0006060195	1.4901161e-08	-0.0044550695	0.13238366	-0.03084381	20.883438	-2.14409	1.036889	0.0008845329	1.0	1.8387263	0.012401544	90000	120.29175972938538
3	0.5046089	1.7306528	4.6686068	-2.577775	21.583334	19.640343	57.0	0.0	1000.0	2953.0	0.024608333333333333	-0.14539593	0.43414542	1.2269377	-1.5007365	2.337656	1.0786515	5.964501	-0.78900695	-1.21071935e-08	-0.011832556	-5.5879354e-09	-0.025976377	0.1292045	-0.019527372	20.572449	-1.9524624	1.0377735	-0.00043594837	46.0	1.8389108	0.012374826	120000	163.8941581249237
4	0.44101715	1.7324402	5.3786554	-2.4679298	19.208334	18.999954	56.0	0.0	1000.0	3508.0	0.023386666666666667	-0.100955345	0.44282395	1.1449076	-1.5335895	2.3190644	1.735837	9.821582	-2.1360786	1.8626451e-09	-0.0112379985	-1.3038516e-08	-0.023193885	0.15281603	-0.025355399	14.167072	-1.7314806	1.0373375	-0.004245758	54.0	1.8300037	0.012120293	150000	208.2458634376526
5	-0.1776365	1.4788345	2.614288	-2.660022	13.291667	17.917587	64.0	0.0	1000.0	3945.0	0.021916666666666668	-0.04561814	0.38808233	1.3108215	-1.5379088	2.0984516	1.6760408	9.436709	-1.6989186	9.313226e-10	-0.0098714605	0.0	-0.023134267	0.19387418	-0.0660122	14.834458	-2.8720968	1.0330918	-0.0121821165	36.0	1.8075879	0.01242361	180000	251.530779838562
6	0.557918	1.8385923	3.7636607	-2.2809882	21.666666	41.89139	199.0	0.0	1000.0	4570.0	0.021761904761904764	-0.13025777	0.511708	1.3351562	-1.4897925	1.4356828	1.3906609	8.318047	-2.0154927	1.6763806e-08	-0.010060871	2.6077032e-08	-0.023624588	0.16933519	-0.048768137	27.187157	-13.176909	1.0209097	-0.012661457	31.0	1.802555	0.010914523	210000	293.81963062286377
7	0.24159722	2.148024	4.151779	-3.088637	12.125	13.188734	44.0	0.0	1000.0	4894.0	0.020391666666666666	-0.044240072	0.3820496	1.1519786	-1.2679682	1.6489003	1.5861881	20.330013	-3.7042487	5.5879354e-09	-0.011341626	5.5879354e-09	-0.022063686	0.15928349	-0.026849741	9.487442	-1.6181431	1.0082482	-0.015271008	54.0	1.7997756	0.0121975755	240000	338.2440359592438
8	2.6467955	3.2023644	9.127557	-2.4846876	19.666666	14.82865	45.0	0.0	1000.0	5504.0	0.020385185185185187	0.007959611	0.48311335	1.628129	-1.4981699	1.8118484	1.5857071	22.49878	-1.0270507	-1.8626451e-09	0.003949893	7.450581e-09	-0.0006484287	0.2178812	-0.048392996	14.597743	-2.4662971	0.9929772	-0.020631135	2.0	1.77425	0.016141355	270000	378.08731484413147
9	1.9193172	2.4180489	6.8989935	-1.5077724	17.125	20.102472	68.0	0.0	1000.0	6060.0	0.0202	0.08788906	0.48465753	1.5874817	-1.3228726	2.299221	1.4982233	10.561545	-0.6365437	-5.5879354e-09	0.001782276	0.0	-0.002175634	0.16502544	-0.028154876	16.014437	-2.1368976	0.97234607	-0.021971822	1.0	1.7735796	0.012316728	300000	417.8029270172119
10	1.7183895	2.5985768	8.219117	-2.847454	25.041666	21.038614	67.0	0.0	1000.0	6767.0	0.020506060606060608	0.033612855	0.45286053	1.6437335	-1.3669331	1.9480324	1.4317347	14.000197	-1.1868135	-9.313226e-10	-0.00038395193	-7.450581e-09	-0.0006495539	0.16358998	-0.041983634	19.258827	-3.6622033	0.95037425	-0.019354701	1.0	1.7734151	0.0045127943	330000	457.9063014984131
11	2.4382436	2.2768955	7.577006	-0.8514995	21.166666	22.232985	95.0	0.0	1000.0	7433.0	0.020647222222222223	0.13677207	0.5774687	2.1370902	-1.5705092	2.6330485	2.1823492	20.655176	-3.359505	-1.6763806e-08	-0.0008866179	-2.2351742e-08	-0.0011704527	0.19191906	-0.059614204	18.816826	-3.9066434	0.93101954	-0.019091249	1.0	1.77354	0.0028242539	360000	497.9677150249481
12	1.416234	3.0380633	7.726998	-2.7555795	25.041666	21.48154	82.0	0.0	1000.0	8132.0	0.02085128205128205	0.081093624	0.5186064	1.5427853	-1.3055993	2.2800975	1.981346	23.318737	-1.7715362	3.7252903e-09	-0.0007221885	2.2351742e-08	-0.00127212	0.21222226	-0.06839379	15.718523	-2.7005534	0.9119283	-0.016967654	1.0	1.7735153	0.0010004954	390000	538.0356767177582
13	2.9279711	3.7067282	15.395098	-0.99784076	21.541666	16.680775	53.0	0.0	1000.0	8823.0	0.021007142857142856	0.060339633	0.5573481	2.0967891	-1.5293932	2.5201666	1.8909519	18.194153	-2.4057262	3.7252903e-09	-0.00046846643	2.6077032e-08	-0.0026084129	0.20403591	-0.055833783	14.550041	-2.867735	0.89496064	-0.016880333	1.0	1.7735469	0.0064385124	420000	577.8134241104126
14	1.7371254	3.077153	8.95454	-2.7088876	20.958334	21.837427	73.0	0.0	1000.0	9399.0	0.020886666666666668	0.111054465	0.5662135	2.1292713	-1.5907601	2.0908282	1.7584047	17.901825	-1.3350524	-1.8626451e-09	-0.00062897825	0.0	-0.0013085064	0.18077435	-0.045788147	13.707464	-2.9969776	0.8780803	-0.017053604	1.0	1.7735535	0.0032036947	450000	617.739509344101
15	2.3574831	2.341559	6.7367516	-1.266025	29.375	26.439888	93.0	0.0	1000.0	10319.0	0.021497916666666665	0.101316884	0.58646804	2.0460794	-1.5071275	2.5931964	2.5462544	20.386599	-2.091395	-1.21071935e-08	8.8997185e-06	-3.7252903e-08	-0.0044249417	0.15851936	-0.032808743	24.002525	-4.518921	0.8610267	-0.012781382	1.0	1.7736459	0.008952279	480000	658.0642824172974
16	1.2706356	2.832374	8.942016	-2.4963486	23.125	15.155616	60.0	0.0	1000.0	11073.0	0.021711764705882354	0.13004753	0.5668685	2.1490047	-1.4396585	3.1160407	2.9363816	26.197008	-1.9541063	1.3038516e-08	0.0031589523	2.6077032e-08	-0.00094173057	0.20681074	-0.06267535	21.63662	-7.00339	0.8482453	-0.012429953	1.0	1.7737684	0.013674337	510000	698.2489054203033
17	1.6499392	2.9771717	10.34142	-2.2367926	27.458334	21.226908	82.0	0.0	1000.0	11847.0	0.02193888888888889	-0.0015413655	0.536696	1.7435348	-1.7649083	2.4752574	1.6106969	17.904339	-2.6702757	-7.450581e-09	-0.00021673227	-1.4901161e-08	-0.0013079043	0.20604727	-0.061647102	19.060406	-5.130145	0.83581537	-0.0098418	1.0	1.7737184	0.0018912395	540000	738.3954036235809
18	2.1555912	3.4469323	9.746348	-2.5675845	22.166666	17.999228	67.0	0.0	1000.0	12565.0	0.022043859649122807	0.053797655	0.5718457	1.6588452	-1.6649668	2.851958	2.6246681	24.630476	-2.7252517	-9.313226e-09	-0.0011706641	-7.450581e-09	-0.0019910717	0.2056204	-0.05450134	16.722303	-5.029375	0.8259736	-0.010257304	1.0	1.77352	0.0033976245	570000	778.3392357826233
19	1.8531405	2.4799783	9.31949	-2.3903592	30.375	24.545557	119.0	0.0	1000.0	13545.0	0.022575	0.0769672	0.5582541	2.0172749	-1.4677547	2.7191687	2.1907372	19.996489	-1.7736882	0.0	-0.0019163273	-7.450581e-09	-0.0064654686	0.1811604	-0.0565489	26.620598	-8.384599	0.81571627	-0.0063216686	1.0	1.773423	0.0074369274	600000	819.4367563724518
20	1.6586608	2.5286958	7.474122	-3.747726	86.208336	72.03065	358.0	0.0	1000.0	16133.0	0.025607936507936507	0.11551751	0.52433956	1.8257654	-1.6515058	3.7481718	2.3827655	19.721022	-1.8964374	-1.4901161e-08	-0.003373269	-9.685755e-08	-0.011783826	0.16670418	-0.055343073	142.33437	-75.8826	0.8093946	0.0107860565	1.0	1.7734259	0.009702983	630000	861.6587536334991
21	1.9059271	2.5255973	6.7625303	-2.4037712	62.541668	52.048035	186.0	0.0	1000.0	17932.0	0.02716969696969697	0.08854176	0.4733705	2.0329897	-1.3352498	7.479065	5.615828	39.1176	-7.0114493	-5.5879354e-09	-0.002908467	-1.1175871e-08	-0.010319064	0.15130162	-0.046716794	111.01132	-50.406166	0.82018065	0.015809357	1.0	1.7734265	0.0076417723	660000	904.2492287158966
22	1.8924694	2.4969583	7.740107	-2.0424936	52.458332	43.630054	145.0	0.0	1000.0	19628.0	0.028446376811594204	0.07117943	0.5830103	2.2263484	-1.4587516	6.466834	5.3959208	37.823647	-5.291213	2.2351742e-08	-0.0021793211	2.9802322e-08	-0.005113087	0.19258615	-0.05248378	81.724525	-49.06259	0.83599	0.018777132	1.0	1.7736467	0.0057494566	690000	946.6285545825958
23	1.1252528	2.3776898	7.298019	-2.1553335	54.375	44.651253	199.0	0.0	1000.0	21219.0	0.029470833333333335	0.098067306	0.54857284	1.980754	-1.5082223	5.143719	4.9118323	36.111404	-8.848287	-5.5879354e-09	-0.0017804777	7.450581e-09	-0.00760768	0.1689733	-0.054559913	72.148026	-36.5937	0.85476714	0.021552801	1.0	1.7737613	0.00715305	720000	986.7609202861786
24	2.0569642	2.4732215	10.109862	-1.1469408	49.541668	34.901028	140.0	0.0	1000.0	22847.0	0.030462666666666666	0.020042812	0.589561	2.1623216	-1.4836062	6.866742	5.78044	39.358215	-8.301391	-1.1175871e-08	-0.0017405096	-2.2351742e-08	-0.008501611	0.1857379	-0.073075704	74.44914	-43.16389	0.87631994	0.023499608	1.0	1.7738574	0.00886804	750000	1027.139574289322
25	2.1169007	2.47591	7.3317275	-2.725307	52.75	44.398994	179.0	0.0	1000.0	24255.0	0.031096153846153846	0.08032505	0.53941303	1.586128	-1.3257937	5.26263	4.658898	31.063004	-11.718069	2.6077032e-08	-0.005872044	2.2351742e-08	-0.019494146	0.20975515	-0.07675174	74.524765	-36.935562	0.89981955	0.026071548	6.0	1.7740283	0.01425643	780000	1068.4902160167694
26	2.4153159	2.723995	8.392677	-1.3957076	39.125	35.704006	161.0	0.0	1000.0	25432.0	0.03139753086419753	0.06051909	0.54202443	1.7580147	-1.4378148	5.5756364	5.0317974	39.927586	-10.611914	-1.1175871e-08	-0.003641429	-1.3038516e-08	-0.009008165	0.20231083	-0.07182552	56.07257	-30.035507	0.9258911	0.026066422	2.0	1.7707194	0.00487086	810000	1108.7586815357208
27	1.9383168	2.2021437	7.921124	-1.6194986	70.708336	41.43215	165.0	0.0	1000.0	27350.0	0.03255952380952381	0.09897128	0.5536892	2.0295205	-1.319221	5.123436	4.4144745	31.648186	-8.330499	9.778887e-09	-0.010808207	7.450581e-09	-0.03316012	0.18031001	-0.06545858	85.10889	-45.37697	0.9519575	0.029867709	7.0	1.7690198	0.018382566	840000	1150.1929244995117
28	0.65555876	2.8063426	7.222864	-4.1740236	58.875	68.87024	236.0	0.0	1000.0	29219.0	0.03358505747126437	0.07435672	0.5438213	1.8660862	-1.5906917	5.6376896	5.5701365	38.741833	-9.142096	3.7252903e-08	-0.002183199	7.4505806e-08	-0.010878676	0.20328534	-0.06725665	149.9338	-96.07764	0.98182523	0.031420946	2.0	1.7650971	0.013307013	870000	1191.2160453796387
29	1.277121	2.6898637	6.7733483	-2.7462418	49.375	51.71461	168.0	0.0	1000.0	30619.0	0.03402111111111111	0.041683912	0.5927008	1.7369349	-1.5187681	6.337654	7.8019285	63.594746	-6.812519	7.450581e-09	-0.008824019	1.3038516e-08	-0.026169026	0.17614254	-0.055720396	107.57145	-56.56346	1.0132462	0.032859325	6.0	1.7646351	0.017228521	900000	1232.6315038204193
30	1.8362231	2.7478786	7.681	-3.9550536	43.0	47.87919	158.0	0.0	1000.0	32177.0	0.0345989247311828	0.10417345	0.57656956	1.984855	-1.6293095	5.274055	4.3390846	28.559498	-3.0721936	-1.4901161e-08	-0.0022461787	-2.9802322e-08	-0.010058372	0.23668619	-0.08044657	76.62642	-35.097725	1.0461055	0.032663107	2.0	1.7618868	0.007947899	930000	1273.7173302173615
31	1.6846136	2.8868582	7.1635475	-2.586184	48.833332	38.447655	162.0	0.0	1000.0	33458.0	0.03485208333333333	0.17614225	0.620385	2.1974657	-1.8450273	4.342186	5.011957	39.042656	-7.4052076	7.450581e-09	-0.002867224	0.0	-0.015310213	0.23982944	-0.074548244	53.033787	-22.850767	1.0787686	0.03358531	2.0	1.7605865	0.01486497	960000	1313.991429567337
32	0.92592317	2.5062978	5.270969	-5.694582	40.333332	41.982803	185.0	0.0	1000.0	34485.0	0.034833333333333334	0.106802516	0.6914905	2.6274133	-1.8078123	3.854481	4.7134986	36.50002	-8.182656	-1.6763806e-08	-0.0036032605	-2.4214387e-08	-0.012826385	0.31315973	-0.12224156	39.399048	-17.888878	1.1123539	0.033434153	2.0	1.760113	0.011913065	990000	1354.4491937160492
33	0.3894844	2.6400747	5.687064	-6.491271	29.833334	26.387604	84.0	0.0	1000.0	35513.0	0.03481666666666667	-0.03544217	0.6406068	1.4557545	-2.4875057	3.0450423	4.2087936	45.47281	-5.080607	-1.6763806e-08	-0.008997294	-1.8626451e-08	-0.019532155	0.31787437	-0.117325574	43.19039	-21.681786	1.1457881	0.032674193	10.0	1.7599798	0.01224046	1020000	1395.5446302890778
34	0.079208076	1.9916875	3.2552087	-4.269598	49.083332	96.277336	440.0	0.0	1000.0	36891.0	0.035134285714285715	-0.101224765	0.69911504	1.5134054	-2.0884986	3.3101525	4.604182	42.170204	-6.0973306	7.450581e-09	-0.0037302272	0.0	-0.008378891	0.2285668	-0.08489019	120.339134	-93.10922	1.1784623	0.032994628	2.0	1.7593362	0.0074682096	1050000	1436.372596025467
35	0.5921393	3.1847103	6.82686	-7.818571	39.458332	51.341164	209.0	0.0	1000.0	38107.0	0.03528425925925926	-0.094185285	0.6717594	1.6219004	-2.0164042	3.7202199	5.0618978	39.881927	-8.976373	-2.9802322e-08	-0.011561025	-2.9802322e-08	-0.026978053	0.27136183	-0.0799388	104.02316	-54.18866	1.2114569	0.03340566	8.0	1.7586954	0.012395796	1080000	1477.6063940525055
36	-0.13187337	3.276575	6.1396713	-7.1928854	36.958332	35.573257	137.0	0.0	1000.0	39407.0	0.035501801801801805	-0.08052775	0.7260006	1.7814717	-2.1181204	4.3926563	5.6951985	52.24904	-12.461187	-3.7252903e-09	-0.008287044	0.0	-0.024894983	0.30958498	-0.104219735	83.64189	-51.290474	1.2448626	0.032585263	4.0	1.7544472	0.017062534	1110000	1518.3636441230774
37	0.15671182	2.5202503	5.1206264	-5.6532197	35.416668	43.918407	197.0	0.0	1000.0	40449.0	0.03548157894736842	-0.051170908	0.68277574	1.8701317	-2.4997475	3.844367	4.9737163	42.99559	-6.9921336	-2.6077032e-08	-0.00496353	-7.0780516e-08	-0.011633033	0.2767399	-0.09281093	58.762638	-35.155766	1.2774478	0.03169465	2.0	1.7514195	0.00786556	1140000	1559.1644089221954
38	-0.11437243	2.4043138	7.4198227	-4.6950045	37.833332	45.893597	153.0	0.0	1000.0	41479.0	0.03545213675213675	-0.019939827	0.71994287	1.5154215	-2.064264	4.008747	6.5082345	66.88021	-6.1685777	1.3038516e-08	-0.0020445706	2.0489097e-08	-0.017464418	0.30890226	-0.098239414	54.671844	-30.79185	1.3091425	0.031345487	1.0	1.7501366	0.025623199	1170000	1599.7159655094147
39	-1.3332919	2.884815	3.5008903	-9.102182	25.791666	43.3253	205.0	0.0	1000.0	42343.0	0.035285833333333336	-0.122741826	0.70305824	1.4386585	-2.1382568	3.1904275	4.4475803	39.959373	-4.8769064	1.4901161e-08	-0.0041062683	2.2351742e-08	-0.009428808	0.34163314	-0.10162333	46.71718	-23.443317	1.340488	0.029116273	2.0	1.7493331	0.0077126957	1200000	1640.201383113861
40	-0.48356715	2.9873638	6.053816	-9.071318	32.25	35.41216	109.0	0.0	1000.0	43326.0	0.03522439024390244	-0.16585153	0.7577196	2.2688384	-2.5230172	3.2618032	4.8083196	42.595512	-5.3632965	-2.9802322e-08	-0.009606169	-4.4703484e-08	-0.028818019	0.34844097	-0.093105264	60.88179	-28.787952	1.3696042	0.028235435	3.0	1.748447	0.024725853	1230000	1681.048279285431
41	-2.6964247	2.8979905	4.4842496	-8.487105	26.666666	42.416256	175.0	0.0	1000.0	44151.0	0.03504047619047619	-0.1224546	0.7723709	1.9813492	-2.3796253	2.6906548	3.764313	29.182508	-6.9373856	1.1175871e-08	-0.006240749	1.4901161e-08	-0.01346672	0.44284993	-0.097173244	59.190334	-30.810495	1.3978397	0.026250362	3.0	1.7472913	0.013711961	1260000	1721.7877159118652
42	-1.0447216	2.5451105	3.9438062	-8.211824	23.375	29.039932	96.0	0.0	1000.0	44739.0	0.034681395348837206	-0.23729672	0.82313335	2.2466264	-2.7111921	2.7917511	4.673181	32.15883	-7.141734	-2.9802322e-08	-0.0032862388	-3.7252903e-08	-0.007495858	0.3142739	-0.11051984	32.531452	-14.746434	1.42409	0.023646116	2.0	1.7456533	0.010094809	1290000	1762.1019144058228
43	-1.0934495	2.2470489	5.7673965	-4.9384704	22.541666	27.306868	105.0	0.0	1000.0	45418.0	0.034407575757575755	-0.31805462	0.811443	2.258911	-2.2643254	2.3654392	3.5185921	24.322927	-8.588945	4.656613e-09	-0.0014563468	2.6077032e-08	-0.0037744802	0.29702356	-0.12681043	29.170742	-17.093258	1.4477361	0.02114892	2.0	1.743962	0.005422434	1320000	1802.6565136909485
44	-0.44163033	2.3597355	5.22273	-4.537017	46.833332	66.60497	232.0	0.0	1000.0	46962.0	0.03478666666666667	-0.114339456	0.7410921	1.4787351	-1.9586889	2.7214704	4.233243	33.346283	-8.043445	1.4901161e-08	-0.0032416414	2.9802322e-08	-0.008520644	0.22093445	-0.07505071	129.71452	-72.402794	1.4688851	0.023587465	2.0	1.7426102	0.012412245	1350000	1843.156048297882
45	-0.5002108	1.9986253	4.381662	-4.9249783	23.416666	32.580563	121.0	0.0	1000.0	47754.0	0.034604347826086956	-0.1686212	0.7358575	1.5109264	-2.1131892	4.6228275	6.267901	51.572533	-11.643289	0.0	-0.0067369714	7.450581e-09	-0.016143613	0.21728575	-0.090676256	65.983986	-43.84072	1.4924725	0.021411896	4.0	1.7418952	0.01573102	1380000	1884.6356506347656
46	-0.018510124	2.984712	7.1884546	-6.2406178	35.166668	25.437286	77.0	0.0	1000.0	48896.0	0.034678014184397164	-0.11433356	0.7031637	2.1581204	-2.1585596	2.8193073	4.3146644	35.743958	-13.818819	2.4214387e-08	-0.0057665706	4.8428774e-08	-0.013504815	0.21957442	-0.08873582	63.112167	-41.743244	1.5138844	0.021604776	2.0	1.7420957	0.010167751	1410000	1926.005651473999
47	-0.1869902	2.5779674	7.0994325	-5.4491887	59.708332	88.17241	324.0	0.0	1000.0	50504.0	0.03507222222222222	-0.018818367	0.6647474	2.1083863	-2.0046463	3.853587	5.423071	46.69517	-13.250886	8.381903e-08	-0.009950297	1.3038516e-07	-0.03982854	0.24461128	-0.10105112	125.870056	-87.85107	1.5354892	0.026403546	2.0	1.7426862	0.047640167	1440000	1966.7206435203552
48	-1.1490546	1.827562	1.6355226	-6.7827983	22.625	37.36176	168.0	0.0	1000.0	51325.0	0.034914965986394556	-0.026792087	0.75304425	1.8446114	-2.060098	3.452896	4.850397	39.52122	-6.12155	1.8626451e-08	-0.0033752087	1.4901161e-08	-0.011621552	0.45982927	-0.2315469	60.895756	-37.47593	1.5618927	0.023717165	2.0	1.7437329	0.020365015	1470000	2007.318603515625
49	-0.36295453	1.7481415	2.5702248	-4.147101	33.625	57.083138	248.0	0.0	1000.0	52246.0	0.03483066666666667	-0.23094739	0.7550442	1.483835	-2.2028005	2.2514603	4.5757422	48.774513	-11.547117	2.9802322e-08	-0.0028384663	7.450581e-09	-0.008218797	0.26175296	-0.09348981	78.74605	-54.50943	1.5856099	0.02347219	2.0	1.7446742	0.019533241	1500000	2047.6840376853943
50	-0.59182715	2.4922137	5.055328	-5.537156	25.291666	32.210865	113.0	0.0	1000.0	52959.0	0.034613725490196076	-0.19145004	0.78320247	1.5330341	-2.2968783	2.938719	5.3618517	49.71161	-11.364151	-8.8475645e-09	-0.008843414	-2.2351742e-08	-0.037510406	0.21096426	-0.07664487	32.57525	-19.29538	1.6090821	0.021579742	2.0	1.7451195	0.04402148	1530000	2089.1677560806274
51	-0.9073159	1.8502563	2.471608	-4.452567	20.5	43.56317	164.0	0.0	1000.0	53843.0	0.03451474358974359	-0.07746468	0.7404458	1.5521191	-2.0484033	2.3934026	3.4691257	34.77428	-16.477757	4.0978193e-08	-0.008651331	5.9604645e-08	-0.028263694	0.2846584	-0.10225755	114.6287	-79.881584	1.6306618	0.018820047	2.0	1.7451155	0.040263027	1560000	2129.8253223896027
52	-1.5170665	1.9183894	1.463446	-6.244051	14.208333	32.9178	156.0	0.0	1000.0	54272.0	0.034133333333333335	-0.17502816	0.75979185	1.769135	-2.2316875	1.6655838	3.6116428	40.487713	-15.841908	-1.4901161e-08	-0.0027040541	-2.2351742e-08	-0.01014287	0.23230168	-0.07888533	29.539238	-20.588648	1.6494819	0.014715552	2.0	1.7454813	0.022052538	1590000	2170.803711414337
53	-0.443449	2.412037	6.4508414	-3.6674345	29.458334	40.528774	158.0	0.0	1000.0	55016.0	0.033960493827160494	-0.27408445	0.69629395	1.676072	-2.1236012	2.0964944	3.7027714	38.43138	-5.0982556	-7.450581e-09	-0.0118846055	0.0	-0.02345126	0.2481305	-0.10195125	42.51899	-26.258427	1.6641974	0.015454769	12.0	1.7460206	0.014033802	1620000	2212.147630929947
54	-0.80279636	1.8760476	3.9895363	-4.799948	46.25	173.61769	873.0	0.0	1000.0	56224.0	0.03407515151515152	-0.10809465	0.70381224	1.7804594	-2.2770715	2.8841355	4.764318	38.498722	-6.8206463	1.4901161e-08	-0.0044654496	5.9604645e-08	-0.014262807	0.23798275	-0.094118774	223.20358	-200.24654	1.6796522	0.017826676	2.0	1.7452965	0.020170204	1650000	2253.1398861408234
55	-0.71961886	1.6040671	2.8975542	-4.5408134	31.5	44.013256	137.0	0.0	1000.0	57102.0	0.033989285714285715	-0.08509007	0.6919982	1.504533	-1.9903023	1.7477113	3.9023979	59.066998	-13.932003	-7.450581e-09	-0.0071735447	-4.4703484e-08	-0.023128089	0.21757695	-0.08934563	48.87272	-26.778938	1.6974789	0.017773867	2.0	1.7448819	0.024196059	1680000	2294.312263727188
56	-0.848964	1.6755683	2.2153215	-3.5262043	13.083333	18.133572	69.0	0.0	1000.0	57545.0	0.03365204678362573	-0.007389669	0.7545318	2.0332842	-1.9603455	2.5039334	4.3152795	52.16037	-4.0779085	-1.4901161e-08	-0.005856638	-2.9802322e-08	-0.014962982	0.2583838	-0.12324341	22.275082	-12.783203	1.7152528	0.013982654	7.0	1.7447965	0.014750614	1710000	2335.0182163715363
57	-1.0970258	1.5019693	3.0729094	-3.8146439	26.541666	37.944016	126.0	0.0	1000.0	58235.0	0.0334683908045977	-0.113107905	0.8513016	1.7938938	-2.037102	1.3482422	2.7200837	32.194553	-20.983246	9.313226e-09	-0.008743845	1.4901161e-08	-0.022956563	0.41610685	-0.17092589	40.910446	-18.737873	1.7292354	0.012777209	4.0	1.7439649	0.02253529	1740000	2375.6632883548737
58	-1.4206985	1.5129855	1.4188433	-6.1723804	5.5416665	13.38525	52.0	0.0	1000.0	58464.0	0.033030508474576274	-0.17592597	0.73664474	1.5886678	-2.2689126	1.3549796	2.6761303	23.427998	-10.156012	2.2351742e-08	-0.0015969176	2.9802322e-08	-0.007296658	0.27266717	-0.080362834	10.845484	-6.3551292	1.7420126	0.006764412	2.0	1.7429523	0.020490017	1770000	2416.2319083213806
59	-0.7511119	1.989615	5.21668	-3.6097648	15.75	24.97874	85.0	0.0	1000.0	58887.0	0.032715	-0.23786937	0.69124734	2.0191047	-2.0310838	1.577932	3.3828754	27.593466	-5.668619	-1.1175871e-08	-0.004014238	-2.2351742e-08	-0.008721231	0.2463925	-0.08814187	23.281872	-10.470741	1.748777	0.003937006	2.0	1.7426635	0.013990025	1800000	2456.8604521751404
60	-0.50811857	1.5549016	2.0429368	-3.0752861	8.875	17.079014	57.0	0.0	1000.0	59287.0	0.032397267759562844	-0.22136638	0.6448974	1.8129768	-2.03498	1.0454047	1.9126749	18.701027	-9.000429	7.450581e-09	-0.0121856	-7.450581e-09	-0.02189973	0.20412424	-0.069731824	23.963406	-11.124981	1.752714	0.0016833544	23.0	1.742962	0.013411696	1830000	2499.8968579769135
61	-1.1095352	1.9435667	3.3723178	-5.196693	22.0	22.96374	69.0	0.0	1000.0	59989.0	0.03225215053763441	-0.16698878	0.6957201	1.4923763	-1.9025645	1.5724523	2.8973603	38.574226	-5.0077667	-2.6077032e-08	-0.0035120645	-2.0489097e-08	-0.007084013	0.19876961	-0.07400896	25.565262	-11.160393	1.7543974	-0.0006828308	3.0	1.7450325	0.007039672	1860000	2540.629271030426
62	-0.7490008	1.6082292	2.2290852	-3.668548	8.708333	16.264685	57.0	0.0	1000.0	60306.0	0.03190793650793651	-0.14136155	0.6484805	1.6569672	-1.9859481	2.0255165	3.3836598	33.403236	-12.827181	0.0	-0.0016300413	0.0	-0.0034356695	0.17230016	-0.06519549	14.692013	-7.2132945	1.7537146	-0.0046197176	2.0	1.7452033	0.0032021166	1890000	2581.4612782001495
63	-1.0963168	2.2745304	3.9667652	-5.8172975	11.0	20.016659	80.0	0.0	1000.0	60613.0	0.031569270833333336	-0.13236026	0.68368244	1.4718277	-2.015412	1.1901791	1.9588199	24.595543	-6.402679	-7.450581e-09	-0.010686639	-2.9802322e-08	-0.019998057	0.21271709	-0.07235739	10.704255	-4.690437	1.7490948	-0.004971266	26.0	1.7451298	0.013218559	1920000	2624.1894443035126
64	-1.2506595	2.0609722	6.587798	-3.3283486	18.708334	25.531809	90.0	0.0	1000.0	61342.0	0.031457435897435895	-0.17664719	0.7066078	1.5339121	-2.1542034	1.2253151	2.937489	52.084724	-5.419922	-2.7939677e-08	-0.0036110166	-3.7252903e-08	-0.010023261	0.17626566	-0.054572843	29.678497	-17.05997	1.7441236	-0.008134127	2.0	1.7444468	0.014968472	1950000	2664.731835603714
65	-0.99614453	1.4815471	1.8495947	-3.7056913	35.458332	53.639988	249.0	0.0	1000.0	62584.0	0.03160808080808081	-0.19118829	0.6603755	1.606502	-1.9148122	2.145015	4.111516	52.195213	-5.299383	-8.195639e-08	-0.0077534867	-1.1920929e-07	-0.045987792	0.16992712	-0.070323095	102.30638	-79.22604	1.7359895	-0.0049158335	1.0	1.7441437	0.06930861	1980000	2705.8074617385864
66	-1.3305725	2.2619631	2.6591792	-6.5458994	27.0	49.275585	224.0	0.0	1000.0	63451.0	0.031567661691542286	-0.09701833	0.6149398	1.5274987	-1.7236727	7.53067	13.774464	66.364265	-3.260148	1.4901161e-08	-0.023433626	0.0	-0.07157992	0.22350201	-0.11198397	247.33165	-191.81497	1.7310736	-0.0039116144	1.0	1.743845	0.09435225	2010000	2746.3963894844055
67	-2.2802165	2.269618	1.8051798	-6.0849156	2.6666667	7.0808825	23.0	0.0	1000.0	63561.0	0.03115735294117647	-0.13182628	0.651593	2.4830067	-2.0514157	2.2589765	2.6453078	14.432922	-1.0455221	3.7252903e-09	0.0075417813	1.4901161e-08	-0.0044524297	0.47089761	-0.21099925	13.739915	-9.380393	1.727162	-0.00883913	1.0	1.7433763	0.03985417	2040000	2786.882215499878
68	-2.7878659	2.4551635	1.3467263	-9.353482	16.583334	36.220295	136.0	0.0	1000.0	64082.0	0.030957487922705314	-0.2426615	0.79384255	1.4227644	-2.2941961	0.4717938	0.5824705	5.776908	-2.4553761	7.450581e-09	-0.0032069853	0.0	-0.004781	0.40061873	-0.07665571	49.72447	-10.714369	1.7183229	-0.00988996	2.0	1.743047	0.006399174	2070000	2827.739417552948
69	-3.0533278	2.557693	1.3127193	-7.7356353	34.583332	71.246	272.0	0.0	1000.0	65022.0	0.030962857142857143	-0.34479874	0.70785713	1.2522755	-2.3440757	1.4623216	2.5811522	12.643512	0.3039052	7.450581e-09	-0.0063200505	0.0	-0.01423983	0.40107784	-0.10032703	95.38545	-34.554695	1.7084329	-0.0065182447	3.0	1.7425714	0.015475609	2100000	2868.2439336776733
70	-2.388898	2.034869	0.18603677	-7.364385	26.041666	41.628796	140.0	0.0	1000.0	65769.0	0.030877464788732396	-0.3534096	0.68282914	1.5839595	-2.3247998	2.4267619	4.8474617	29.634861	-1.0976083	7.450581e-09	-0.002376251	7.450581e-09	-0.007538919	0.36055374	-0.1132521	33.238453	-15.439752	1.7019147	-0.005748391	2.0	1.7423081	0.012933735	2130000	2909.3648076057434
71	-2.8506184	2.331262	1.3442338	-8.09328	21.791666	37.212208	117.0	0.0	1000.0	66492.0	0.030783333333333333	-0.26161602	0.70287395	1.0847914	-2.2035108	3.1056244	6.3558	34.287796	-2.4644616	-8.8475645e-09	-0.002653448	-1.3969839e-08	-0.0063395076	0.3304076	-0.094714366	51.077705	-28.014484	1.6961663	-0.0059999228	2.0	1.741672	0.010204257	2160000	2950.0992136001587
72	-1.9195501	2.48482	2.243437	-7.7886524	8.416667	18.86557	74.0	0.0	1000.0	66776.0	0.03049132420091324	-0.31489804	0.6557129	1.1442499	-1.9964011	1.6943823	3.9183156	37.300613	-2.1749759	2.2351742e-08	-0.003264013	2.2351742e-08	-0.008942652	0.33457738	-0.11060921	19.540764	-12.047914	1.6901664	-0.009442806	2.0	1.7407808	0.01788761	2190000	2990.320776939392
73	-2.019109	1.6104144	0.63097906	-6.9270697	12.458333	29.443419	131.0	0.0	1000.0	67142.0	0.030244144144144145	-0.24385156	0.6103384	1.2930257	-1.9489963	0.905207	2.5255568	24.49225	-4.2748594	1.3038516e-08	-0.012492134	1.8626451e-08	-0.022877658	0.20853661	-0.08464859	16.268515	-5.806124	1.6807235	-0.010396481	16.0	1.7400823	0.0149378665	2220000	3032.3441359996796
74	-1.1002177	1.7601736	2.58215	-5.1968474	18.541666	56.664207	277.0	0.0	1000.0	67587.0	0.03003866666666667	-0.32527038	0.5352697	1.0749308	-2.1728122	1.1937108	2.3780353	25.631462	-2.2247496	-3.3527613e-08	-0.0042552883	-5.9604645e-08	-0.010262353	0.20938486	-0.10590592	60.032043	-28.627804	1.6703271	-0.011888146	2.0	1.735064	0.011673354	2250000	3072.7150132656097
75	-2.3844988	1.7049315	-0.37287992	-7.964046	0.5	2.3979158	12.0	0.0	1000.0	67599.0	0.029648684210526317	-0.21105602	0.6030316	1.5679507	-1.8168997	0.8192375	1.1492809	17.919207	-7.1345444	1.1175871e-08	-0.006502725	1.6298145e-08	-0.010772606	0.1803366	-0.048842095	2.0402973	-1.746285	1.6584389	-0.014008164	60.0	1.7344892	0.012785165	2280000	3119.133995771408
76	-1.1349746	1.3155551	1.729543	-3.543283	4.9583335	15.360879	69.0	0.0	1000.0	67718.0	0.029315151515151516	-0.26528263	0.52512544	1.2047974	-1.8075975	0.1505083	0.4888172	13.021654	-3.9280958	-9.313226e-10	-0.0016205226	-4.656613e-09	-0.0015843879	0.13788307	-0.052470136	8.28282	-2.0998724	1.6444308	-0.019683242	2.0	1.733834	0.0027037284	2310000	3159.453054189682
77	-1.3635923	1.4195945	2.26484	-3.6613517	10.0	23.316662	99.0	0.0	1000.0	67958.0	0.029041880341880343	-0.23401093	0.47116596	1.0238605	-1.6217985	0.32196248	1.090419	18.595057	-5.5922813	-1.1175871e-08	-0.0021566655	-1.1175871e-08	-0.0032581256	0.13140157	-0.05849135	16.726627	-3.4354088	1.6247475	-0.021164894	4.0	1.7337995	0.0036612325	2340000	3200.16819691658
78	-1.2474264	1.1378844	0.3696038	-4.7022443	2.375	8.9200735	43.0	0.0	1000.0	68055.0	0.028715189873417722	-0.15949422	0.45420244	1.1976988	-1.5921365	0.8983759	1.2521471	11.065319	-3.5853496	-8.381903e-09	-0.0015174187	-7.450581e-09	-0.0031232282	0.14846866	-0.04547027	6.6322184	-2.7046885	1.6035826	-0.024237752	4.0	1.7335722	0.008952532	2370000	3241.2464468479156
79	-0.6673456	1.4539257	2.4801197	-3.2196834	12.541667	28.658884	97.0	0.0	1000.0	68356.0	0.028481666666666666	-0.19718662	0.4174418	1.1887375	-1.6099333	0.47769195	0.9404789	15.945556	-1.7073766	-1.1175871e-08	-0.002805753	-1.4901161e-08	-0.0070236805	0.08934729	-0.026600756	26.874163	-10.179747	1.5793449	-0.02476573	2.0	1.7332966	0.013409399	2400000	3281.927106142044
80	-1.2180245	1.2933363	2.7764266	-3.3509254	15.458333	38.691063	165.0	0.0	1000.0	68749.0	0.028291769547325103	-0.18383071	0.44505292	1.043784	-1.4371485	0.74468124	2.504324	31.119928	-1.5695922	-7.450581e-09	-0.0032824252	-7.450581e-09	-0.013658539	0.10652991	-0.03668499	36.695747	-18.891476	1.5545791	-0.024499297	1.0	1.7333014	0.01604288	2430000	3323.009025335312
81	-0.98226434	1.0141308	0.89737207	-2.9820604	1.1666666	4.038014	18.0	0.0	1000.0	68875.0	0.027997967479674795	-0.08006854	0.52475554	1.3798592	-1.3908794	0.8434144	2.422635	32.999977	-8.481527	3.7252903e-09	-0.0037811685	3.7252903e-09	-0.0076600527	0.12019275	-0.03750895	11.632837	-6.3390064	1.5300798	-0.027066946	5.0	1.7333344	0.009642875	2460000	3363.8209042549133
82	-1.0143539	1.4179912	2.5872009	-3.1010175	11.291667	33.145485	139.0	0.0	1000.0	69251.0	0.02781164658634538	-0.13467912	0.4944002	1.4709125	-1.7364676	0.4405972	1.3316071	21.194395	-5.09948	0.0	-0.0076585617	2.6077032e-08	-0.017864209	0.14616734	-0.058992315	32.27671	-9.489133	1.5030129	-0.027172804	6.0	1.733778	0.016539112	2490000	3404.7724442481995
83	-0.9291599	1.1012042	2.4183853	-2.8285432	8.666667	32.973053	164.0	0.0	1000.0	69639.0	0.02763452380952381	-0.16816764	0.4294505	1.943293	-1.5752718	1.5719802	2.8176298	35.450493	-5.524656	-2.6077032e-08	-0.0060142656	-4.8428774e-08	-0.019355614	0.07489018	-0.03166693	62.85442	-20.08112	1.4758401	-0.027869582	5.0	1.7343706	0.02642928	2520000	3445.3939294815063
84	-0.8358793	1.2945186	1.6698588	-4.3085704	3.2916667	12.15346	58.0	0.0	1000.0	69718.0	0.027340392156862747	-0.16033763	0.35724214	0.95592904	-1.4482994	1.5457631	2.8186207	17.680483	-8.147715	-9.313226e-09	-0.007568892	-1.3038516e-08	-0.014480472	0.05202824	-0.023201589	12.823326	-8.522457	1.4479705	-0.028740883	15.0	1.7353331	0.012075936	2550000	3486.649913549423
85	-0.6568562	1.4137509	3.1079018	-2.6053205	25.458334	56.97878	241.0	0.0	1000.0	70408.0	0.027289922480620156	-0.17599678	0.36625648	1.1456065	-1.5193288	0.25261196	0.7544611	5.4480877	-3.065913	-5.2154064e-08	-0.0042248312	-1.0430813e-07	-0.009185739	0.0824797	-0.031883664	89.89709	-21.652954	1.4192296	-0.026705742	2.0	1.7321491	0.009110802	2580000	3527.432131290436
86	-0.38823524	1.4752967	1.9194582	-3.180368	3.6666667	12.160957	44.0	0.0	1000.0	70496.0	0.027009961685823754	-0.13801198	0.4494404	1.6522834	-1.4789261	1.5800682	2.6767364	14.746484	-2.3281188	-1.7695129e-08	-0.0022908335	-4.0978193e-08	-0.0057059424	0.11546078	-0.043717094	14.15874	-9.091978	1.3925239	-0.028391957	3.0	1.7313056	0.011753643	2610000	3568.1801040172577
87	-1.1794425	1.3874474	0.8576732	-5.2514725	31.166666	71.66337	291.0	0.0	1000.0	71244.0	0.026986363636363635	-0.12990484	0.4325145	1.5643895	-1.5395122	0.4650851	0.6698553	7.115999	-5.2501984	3.7252903e-08	-0.0033985865	5.2154064e-08	-0.00816602	0.104502596	-0.056985058	116.32409	-44.55767	1.3641319	-0.024173379	2.0	1.7300819	0.009019541	2640000	3608.2083303928375
88	-0.7176671	0.964801	0.9959501	-3.2715387	4.4583335	17.209442	84.0	0.0	1000.0	71370.0	0.026730337078651686	-0.14311916	0.48031583	1.4729233	-1.669663	1.3967943	2.3890316	30.16486	-3.8127956	3.7252903e-09	-0.010588806	3.7252903e-09	-0.020297598	0.13664967	-0.06671522	14.620803	-5.809746	1.3399585	-0.024092078	23.0	1.7288874	0.012223421	2670000	3650.3786811828613
89	-0.049418073	1.5564034	3.235071	-3.5432992	5.125	24.578636	123.0	0.0	1000.0	71544.0	0.026497777777777776	-0.16298164	0.43139538	1.1351086	-2.1753664	1.004919	1.9835231	16.670591	-2.6331916	5.122274e-09	-0.010171907	2.6077032e-08	-0.019471945	0.12308927	-0.06217247	23.005226	-6.2309213	1.3158665	-0.02567935	16.0	1.7189952	0.014513977	2700000	3692.0652594566345
90	-0.5198793	1.4093974	4.1501193	-3.072068	23.416666	47.900867	173.0	0.0	1000.0	72171.0	0.026436263736263736	-0.11515801	0.4246603	0.9756422	-1.7376201	0.6783038	1.0192163	11.455477	-1.805898	-3.3527613e-08	-0.004263359	-6.146729e-08	-0.012129346	0.11506452	-0.047611415	65.88635	-20.460413	1.2901871	-0.024770379	2.0	1.714333	0.01235657	2730000	3732.7182965278625
91	-0.5347428	0.93832624	0.90781045	-2.4805992	9.5	20.12047	64.0	0.0	1000.0	72427.0	0.026241666666666667	-0.13292222	0.40543944	1.5646485	-1.5441161	2.2253256	2.8441553	22.729723	-3.2457325	-3.7252903e-09	-0.0013980172	-1.4901161e-08	-0.002713481	0.0850483	-0.049890403	24.223228	-8.474756	1.2654167	-0.02532363	3.0	1.7136414	0.0036455684	2760000	3773.1284976005554
92	-0.1776794	1.3986756	3.666616	-2.3491547	1.5833334	5.259251	20.0	0.0	1000.0	72651.0	0.026039784946236558	-0.1403295	0.41967815	1.2839522	-1.4547944	1.1046333	1.0144993	11.424224	-4.0820556	7.450581e-09	-0.0012031742	2.9802322e-08	-0.0034175552	0.10447432	-0.043313827	19.983156	-2.5770526	1.2400931	-0.02742374	3.0	1.7123265	0.011557316	2790000	3813.465644598007
93	-0.21628405	1.3421907	1.9935735	-2.8720891	2.5	6.9342146	28.0	0.0	1000.0	72711.0	0.02578404255319149	-0.13334693	0.43138936	1.971804	-1.5520018	0.7574653	0.8661602	6.3282204	-4.1383867	6.519258e-09	-0.006668021	5.5879354e-09	-0.011979975	0.0716715	-0.03096924	3.1192105	-1.577396	1.2126694	-0.024764657	55.0	1.7111518	0.01257865	2820000	3859.209349632263
94	-0.045760673	1.5840592	4.0541663	-4.184724	34.291668	100.47325	492.0	0.0	1000.0	73852.0	0.025912982456140352	-0.078219205	0.3952937	1.9011093	-1.3073163	0.31841457	0.4924496	6.77005	-1.3469176	-8.940697e-08	-0.005904409	-1.7881393e-07	-0.017092094	0.10254888	-0.06441529	218.56628	-70.2392	1.1879047	-0.023860335	2.0	1.7067986	0.015066339	2850000	3899.3955295085907
95	0.04481995	1.6734178	5.8197765	-2.656824	7.0833335	19.703884	81.0	0.0	1000.0	74060.0	0.025715277777777778	-0.08153252	0.39108184	1.2456356	-1.7306298	3.4031475	4.6654925	22.882904	0.64307046	-1.4901161e-08	-0.0028643874	0.0	-0.009980467	0.12943718	-0.07255149	39.422565	-21.673698	1.1640444	-0.02483797	2.0	1.7067261	0.017922666	2880000	3940.8080587387085
96	0.13130622	1.7017938	3.6814682	-2.4472685	34.375	80.53716	349.0	0.0	1000.0	75048.0	0.025789690721649484	-0.044549067	0.52559227	1.572012	-1.6055241	0.923509	0.6443372	6.243807	-1.3883109	-5.9604645e-08	-0.005541824	-1.1920929e-07	-0.018347602	0.12708265	-0.057303593	134.85394	-83.10777	1.1392064	-0.020242214	2.0	1.706502	0.018446565	2910000	3981.230252981186
97	0.4259317	2.050262	7.8676643	-2.611301	27.833334	70.88704	351.0	0.0	1000.0	75783.0	0.0257765306122449	0.015447343	0.48320872	1.3108984	-1.2774324	3.1448834	5.2299533	57.20625	0.20093566	1.4901161e-08	-0.0031728027	2.9802322e-08	-0.008581968	0.113106	-0.044831082	96.24887	-26.167234	1.1189642	-0.01766777	1.0	1.7060478	0.011604751	2940000	4021.825418949127
98	0.50793624	1.9811748	6.634745	-2.4296076	27.958334	36.209435	134.0	0.0	1000.0	76454.0	0.025742087542087542	-0.014423878	0.50632703	1.7359911	-1.4344636	2.8120158	3.877962	56.787273	-0.75021225	0.0	-0.0032617524	0.0	-0.00686346	0.13159294	-0.06394167	49.672226	-18.364594	1.1012964	-0.015132666	2.0	1.7056549	0.009180418	2970000	4062.3113923072815
99	0.535679	1.610764	4.38347	-3.1868706	65.291664	96.616714	388.0	0.0	1000.0	78098.0	0.026032666666666666	0.031135464	0.43177205	1.8809214	-1.535049	2.3590105	3.205236	36.174717	-1.062495	2.9802322e-08	-0.006317891	5.9604645e-08	-0.025370248	0.0823157	-0.044069905	204.43677	-126.45905	1.0861638	-0.005291939	2.0	1.7052908	0.02686412	3000000	4102.952497005463
100	1.0599159	1.7515655	5.8410788	-2.083816	26.166666	47.738583	211.0	0.0	1000.0	78987.0	0.026068316831683168	-0.005748122	0.4396062	1.6386578	-1.5596855	4.2168975	6.452556	55.80796	0.37746948	-7.450581e-09	-0.005247591	-1.4901161e-08	-0.021299751	0.09510086	-0.05228531	115.55026	-46.05591	1.0808718	-0.0043656826	3.0	1.7045883	0.022405013	3030000	4143.804284572601
101	1.0300888	1.7646235	5.336093	-1.841727	36.041668	41.278	118.0	0.0	1000.0	80115.0	0.02618137254901961	0.043417662	0.4155872	1.3556124	-1.4459366	2.8579714	3.1510642	42.343536	-1.4014045	0.0	-0.008481652	-7.450581e-09	-0.020480137	0.091737464	-0.046142016	110.30163	-75.11771	1.0765061	-0.0014668703	5.0	1.7031107	0.017783549	3060000	4184.403272867203
102	1.4286858	1.8320743	7.118722	-2.8263311	40.416668	81.30494	301.0	0.0	1000.0	81094.0	0.026244012944983817	0.052290935	0.41028604	1.631098	-1.622865	2.9770968	4.390733	49.656242	-0.75098324	-1.8626451e-08	-0.0048413295	-2.9802322e-08	-0.019863922	0.1032802	-0.06703724	135.14223	-94.88071	1.0750393	0.0016752481	4.0	1.6996183	0.023317657	3090000	4224.999609708786
103	-0.27266538	1.1900774	2.3471346	-2.1222136	50.541668	114.4443	420.0	0.0	1000.0	82564.0	0.026462820512820513	0.026434211	0.45631456	1.9716629	-1.6141052	4.1868525	7.7457266	53.261074	0.5486888	4.4703484e-08	-0.009000192	1.2665987e-07	-0.019789405	0.087246254	-0.053724833	243.63612	-180.76595	1.0767145	0.006335616	2.0	1.69589	0.011828579	3120000	4265.968792676926
104	0.4554645	1.7056935	3.4978783	-2.8476324	25.791666	56.817673	201.0	0.0	1000.0	83316.0	0.026449523809523808	0.01674181	0.37650144	1.5665959	-1.3434392	3.5546396	7.5481234	64.560326	0.5324827	-2.6077032e-08	-0.0021115192	-5.2154064e-08	-0.003324935	0.063536264	-0.03490728	106.984886	-62.21149	1.0830501	0.005816579	1.0	1.6945479	0.0033754054	3150000	4306.425274133682
105	0.29683056	1.5493418	4.082566	-2.9537947	80.75	125.81344	544.0	0.0	1000.0	85712.0	0.026953459119496856	-0.05187892	0.3586867	1.2966137	-1.5027279	4.9193516	8.39631	60.029083	0.25256646	1.4901161e-08	-0.009232736	2.9802322e-08	-0.03855507	0.06018161	-0.029159479	348.8511	-248.23117	1.0888667	0.015595317	1.0	1.6941773	0.04143824	3180000	4347.524530887604
106	0.6744661	2.5615258	8.928309	-4.4703174	38.416668	68.63364	288.0	0.0	1000.0	86900.0	0.02707165109034268	0.040502444	0.52334493	2.8770573	-1.5953144	7.806784	11.75545	71.242546	-3.645754	0.0	0.00082325004	4.4703484e-08	-0.03734944	0.22133055	-0.175972	211.24802	-148.87102	1.104462	0.016819	1.0	1.6939905	0.097889386	3210000	4387.692485570908
107	0.4646741	1.7871298	4.3006625	-2.227971	45.333332	80.04513	312.0	0.0	1000.0	88057.0	0.027178086419753087	0.06652127	0.40770873	1.3695806	-1.4519573	3.6290002	5.74799	47.516922	-0.43616068	-5.2154064e-08	-0.0012037877	-1.0430813e-07	-0.010693351	0.08522771	-0.04906433	120.075035	-64.946014	1.121281	0.019193172	1.0	1.6938632	0.024970593	3240000	4428.410218238831
108	0.7561137	1.1829594	2.8993473	-1.507614	26.875	59.578598	262.0	0.0	1000.0	88850.0	0.02717125382262997	0.03962477	0.3640404	1.5856658	-1.1877643	4.026947	6.33557	49.36235	-5.4672985	-6.0535967e-09	-0.002682319	-1.6763806e-08	-0.0060945796	0.07386915	-0.039841905	75.25386	-48.165108	1.1404742	0.018047333	2.0	1.6937635	0.0031179325	3270000	4469.060980796814
109	0.4996337	2.338476	5.5809016	-3.655093	17.666666	35.76389	143.0	0.0	1000.0	89445.0	0.027104545454545454	0.0052753403	0.44355285	1.1761205	-2.1197505	2.4882197	4.1199975	31.795849	-5.7004795	-1.4901161e-08	-0.0030499035	-2.2351742e-08	-0.007882541	0.11893644	-0.067030996	61.90113	-38.98252	1.1585215	0.014846921	1.0	1.6932466	0.010095473	3300000	4509.324128866196
110	0.9361165	1.6706489	4.786833	-2.4450562	15.125	34.749474	133.0	0.0	1000.0	89959.0	0.027014714714714713	0.018511703	0.41983664	1.696867	-1.0686709	2.7111151	4.4004855	31.278566	-5.1106906	-4.0978193e-08	-0.00070247427	-6.7055225e-08	-0.007205412	0.07617061	-0.053978674	48.308422	-25.42961	1.1733685	0.011530995	1.0	1.6927307	0.016527433	3330000	4550.04288649559
111	0.46486643	2.158363	4.1869287	-5.133533	48.916668	115.10753	530.0	0.0	1000.0	91190.0	0.027139880952380954	0.0077360757	0.50824094	1.5937365	-2.6922863	1.8995928	2.4451807	31.120705	-3.5530365	4.4703484e-08	-0.0061019734	8.940697e-08	-0.04198321	0.14654465	-0.10729927	165.91132	-89.48664	1.1848994	0.015215278	1.0	1.6923983	0.06605184	3360000	4590.227846860886
112	-0.27414164	1.5686549	3.301712	-2.4780698	21.333334	26.963966	102.0	0.0	1000.0	92033.0	0.027148377581120944	-0.03870241	0.42992595	1.2816801	-1.443778	3.147969	3.0716112	22.574766	-3.9754791	-7.450581e-09	-0.0031820713	0.0	-0.01526345	0.10658735	-0.05325093	80.85764	-54.344078	1.2001147	0.013360143	2.0	1.6922605	0.02210451	3390000	4630.442229747772
113	0.5038969	2.3376818	6.2416964	-3.0324752	29.458334	48.90891	194.0	0.0	1000.0	93095.0	0.027220760233918128	0.008610431	0.4445553	1.2773107	-1.2048366	3.2657583	6.3670993	41.85305	-6.717085	1.1175871e-08	-0.0075566433	1.4901161e-08	-0.021281358	0.1008351	-0.054369062	128.86324	-81.89897	1.2134749	0.013117313	2.0	1.6915324	0.018162211	3420000	4671.273204088211
114	0.99173254	2.0968537	6.6095843	-2.9760637	19.416666	42.270866	187.0	0.0	1000.0	93636.0	0.027140869565217392	0.045632783	0.50236404	1.369412	-1.1520336	3.3174918	4.857404	29.33074	-9.641812	1.1175871e-08	-0.0010304227	1.8626451e-08	-0.0070288787	0.09603119	-0.04632976	51.016502	-34.227203	1.2265922	0.010620236	1.0	1.6899135	0.013714618	3450000	4711.892780780792
115	0.29863402	2.1129827	6.9999647	-3.3833091	61.416668	184.34206	929.0	0.0	1000.0	95222.0	0.02736264367816092	0.020954961	0.4916938	1.6276046	-1.158713	1.7047724	3.2667456	31.062151	-5.039374	-1.3411045e-07	-0.007434668	-1.7881393e-07	-0.03794771	0.10606786	-0.051824104	295.97647	-253.55641	1.2372124	0.016904354	1.0	1.6888734	0.05336899	3480000	4752.874106645584
116	0.89886713	2.4886541	7.7517433	-4.5419035	34.25	69.11359	276.0	0.0	1000.0	96044.0	0.027362962962962964	0.04493142	0.4747362	1.5867203	-1.3889973	5.6684427	9.813773	85.843025	-19.167795	-5.9604645e-08	-0.002160696	-9.685755e-08	-0.015003439	0.07676741	-0.045436688	159.73962	-134.56482	1.2541168	0.0173105	1.0	1.6878669	0.028457046	3510000	4792.959342002869
117	0.71554464	1.907733	7.073432	-1.908934	34.291668	57.756298	212.0	0.0	1000.0	97146.0	0.027442372881355932	-0.007854824	0.39808023	1.536466	-1.2050871	2.8654819	5.8031783	48.73236	-8.2362585	0.0	-0.0115521	1.4901161e-08	-0.02842291	0.07358116	-0.04834068	98.15831	-68.66985	1.2714273	0.017910361	2.0	1.686751	0.019490868	3540000	4833.588320970535
118	1.7046996	1.7728852	5.6533985	-1.0261029	24.416666	64.305214	299.0	0.0	1000.0	97743.0	0.027378991596638657	0.072374724	0.38495454	1.3884785	-0.96475524	4.0364566	7.7994823	58.39938	-6.5376406	7.450581e-09	-0.0034039272	-7.450581e-09	-0.015984809	0.11249581	-0.06442593	81.64377	-66.506645	1.2893376	0.016047478	1.0	1.6849701	0.022486765	3570000	4874.254678964615
119	1.4743875	2.4470453	6.556689	-2.2090545	28.708334	55.951225	232.0	0.0	1000.0	98473.0	0.02735361111111111	0.04613693	0.47668484	2.5774043	-1.4659353	2.0158584	4.598468	48.097717	-12.611138	1.4901161e-08	-0.004782774	4.4703484e-08	-0.012629384	0.11011775	-0.07138514	102.87954	-68.919495	1.3053851	0.015559316	2.0	1.6839263	0.01264249	3600000	4914.75016784668
120	2.3452218	2.9017668	9.619486	-1.7194673	16.791666	31.575281	116.0	0.0	1000.0	98976.0	0.02726611570247934	0.19170733	0.52533895	1.9845655	-1.1575303	3.5257428	7.2183795	50.42466	-6.8884306	-2.0489097e-08	-0.006991584	-2.6077032e-08	-0.01951611	0.15735753	-0.10139458	60.528904	-42.04416	1.3209444	0.013021946	6.0	1.6825206	0.019204492	3630000	4955.861391544342
121	2.4837434	2.9230623	8.088062	-2.327523	20.708334	34.43651	136.0	0.0	1000.0	99829.0	0.02727568306010929	0.24209924	0.57601744	2.3760693	-1.1549872	1.5059915	3.2077713	33.52892	-6.0993977	-1.4901161e-08	-0.0035891244	-2.2351742e-08	-0.009735305	0.18039748	-0.10922939	70.00543	-38.520634	1.3339664	0.010308266	2.0	1.6795056	0.013191357	3660000	4996.471893072128
122	1.4302939	1.9719468	6.1286774	-2.6867452	34.875	69.09614	286.0	0.0	1000.0	100910.0	0.02734688346883469	0.14309055	0.5317919	2.3849902	-1.5441312	3.7338698	5.915974	43.24604	-3.8311627	9.313226e-09	-0.0095213	2.9802322e-08	-0.021300582	0.15809491	-0.102204226	103.27283	-65.78123	1.3442746	0.011767983	4.0	1.6788441	0.014171317	3690000	5036.8494436740875
123	2.2614896	2.872259	8.9593935	-2.435996	24.666666	46.069393	163.0	0.0	1000.0	101855.0	0.02738037634408602	0.1264652	0.49171492	1.6985369	-1.3740766	2.696874	4.5541716	47.920544	-8.167765	1.1175871e-08	-0.002767107	2.2351742e-08	-0.011414479	0.15292692	-0.09919841	108.79643	-72.72133	1.3560426	0.010252118	1.0	1.6780553	0.021795984	3720000	5077.327428817749
124	1.675384	2.2227063	6.938926	-1.5971167	45.666668	67.19912	216.0	0.0	1000.0	103003.0	0.027467466666666666	0.09753866	0.49474445	2.0660284	-1.1082892	3.958523	5.561503	33.011402	-9.859897	-3.7252903e-08	-0.0050109616	-3.3527613e-08	-0.010965574	0.08947587	-0.06132613	114.908676	-84.58067	1.3662947	0.013901353	2.0	1.677847	0.011508523	3750000	5118.099854707718
125	2.0486736	2.593151	7.889968	-1.4203597	28.208334	65.484085	318.0	0.0	1000.0	103780.0	0.027455026455026454	0.15451954	0.36385506	1.6173476	-1.1965543	3.9290466	5.70914	56.989944	-5.676063	1.4901161e-08	-0.00189504	0.0	-0.011243933	0.07300744	-0.04763674	97.06713	-47.28363	1.3801961	0.013350844	2.0	1.6772224	0.019685343	3780000	5159.238970279694
126	1.3113723	1.941501	6.9622984	-1.3952352	55.625	108.89323	378.0	0.0	1000.0	105385.0	0.02766010498687664	0.1408203	0.44496357	1.58968	-1.2580295	2.7557473	2.8274467	32.939922	-5.553892	1.4901161e-08	-0.008637058	7.4505806e-08	-0.037983473	0.08271502	-0.056669272	257.67746	-183.29935	1.3935469	0.018781304	2.0	1.6761682	0.05735405	3810000	5199.454579114914
127	0.4880278	1.754838	4.984592	-3.6380007	40.291668	108.854065	542.0	0.0	1000.0	106458.0	0.0277234375	0.10192714	0.43834275	1.7944417	-1.2326344	4.469111	6.5038457	40.25004	-3.8571248	-1.4901161e-08	-0.007016619	-7.450581e-09	-0.019975487	0.08131999	-0.047384493	140.16145	-100.50875	1.4123282	0.020526528	2.0	1.6750916	0.027429469	3840000	5239.753298521042
128	1.9612814	2.2859426	7.6533666	-0.7860166	47.0	80.62826	358.0	0.0	1000.0	107613.0	0.027806976744186047	0.13368767	0.4549374	1.7860259	-1.5593795	1.710985	4.097685	29.529566	-8.323971	6.7055225e-08	-0.007781744	1.1920929e-07	-0.023594432	0.10161521	-0.06464474	145.60803	-108.4672	1.4328548	0.023502588	2.0	1.6739347	0.028935807	3870000	5280.64254617691
129	2.3723004	2.7405312	7.196671	-2.6476202	26.416666	39.69878	190.0	0.0	1000.0	108514.0	0.027824102564102563	0.16907962	0.5572404	1.9299551	-1.3804673	5.285098	9.287537	66.85373	-7.57602	5.9604645e-08	-0.004461444	1.0430813e-07	-0.021405995	0.1627574	-0.09760578	127.03554	-89.03556	1.4563574	0.021571875	1.0	1.672843	0.037620656	3900000	5321.177131175995
130	2.440417	2.3215935	8.17325	-0.97886306	40.5	60.255707	224.0	0.0	1000.0	109693.0	0.0279117048346056	0.14023168	0.53373927	1.8798053	-1.1570154	2.7597353	3.6845908	32.43177	-5.0609183	-5.5879354e-08	-0.008690757	-7.8231096e-08	-0.04919911	0.10894177	-0.07402925	108.98509	-38.424995	1.4779292	0.023311496	2.0	1.672471	0.09913687	3930000	5362.74852347374
131	1.6021549	2.4576952	7.859288	-1.1233152	25.125	47.779278	180.0	0.0	1000.0	110315.0	0.027857323232323233	0.17782171	0.4676067	1.9034266	-0.96124595	4.057894	3.6021607	31.030388	-1.7366419	7.4505806e-08	-0.002345843	1.4901161e-07	-0.015302375	0.11062599	-0.08320543	60.154922	-23.295591	1.5012407	0.021514416	3.0	1.6729268	0.028378874	3960000	5402.929646015167
132	0.879124	1.996145	4.152805	-3.089857	23.0	64.89286	325.0	0.0	1000.0	111033.0	0.02782781954887218	0.12448131	0.485984	1.699123	-1.2258214	2.2791824	3.3052661	28.209879	-6.5453873	-7.450581e-09	-0.008480851	-1.4901161e-08	-0.019959137	0.08997202	-0.059849553	66.84443	-39.6818	1.5227551	0.019509554	6.0	1.6744555	0.018023446	3990000	5443.83299946785
133	1.0263137	2.2788138	6.738101	-2.4444196	35.666668	62.243248	263.0	0.0	1000.0	112172.0	0.027903482587064675	0.06991566	0.4383772	1.7441089	-0.995487	2.2572114	3.7888453	41.739227	-4.784673	-1.8626451e-08	-0.005767558	-3.7252903e-08	-0.013544872	0.07383007	-0.05420396	103.91632	-48.210655	1.5422647	0.019617796	2.0	1.6766721	0.016310476	4020000	5484.529517650604
134	1.5388476	2.7799492	6.8740306	-3.3935916	23.208334	44.051086	206.0	0.0	1000.0	112930.0	0.02788395061728395	0.13972679	0.4259005	1.8605326	-1.0883645	3.4748237	4.270604	27.365198	-10.116392	1.8626451e-08	-0.00024581503	2.9802322e-08	-0.019919913	0.08945672	-0.06603519	65.470314	-40.52574	1.5618825	0.017296314	1.0	1.6773753	0.04561593	4050000	5524.679976463318
135	1.5235263	2.7949085	7.286276	-2.8408484	15.916667	24.81417	89.0	0.0	1000.0	113312.0	0.027772549019607844	0.18074763	0.45472184	2.1425476	-0.7762323	3.5900047	5.205096	45.53026	-7.5188227	-1.4901161e-08	-0.0063260617	-7.450581e-09	-0.03332764	0.11686635	-0.07585462	30.884996	-21.295	1.5791788	0.013749123	2.0	1.6777148	0.06085288	4080000	5566.07017660141
136	0.6486946	1.7661262	6.332167	-1.6182187	13.375	31.93589	144.0	0.0	1000.0	113885.0	0.027709245742092457	0.10386315	0.4294304	2.0393567	-0.97493666	2.153227	4.4838166	38.2255	-7.7764025	0.0	-0.0015803613	-1.4901161e-08	-0.009761127	0.092265345	-0.06855272	50.477543	-33.31881	1.5929279	0.009570837	1.0	1.6782777	0.025646558	4110000	5606.281553268433
137	1.5794916	2.2120316	7.608396	-2.8731687	46.041668	84.41637	261.0	0.0	1000.0	115024.0	0.027783574879227054	0.05495527	0.3812046	1.5987368	-0.93011653	0.7202459	4.231014	45.827232	-5.6788282	0.0	-0.0073376987	-2.9802322e-08	-0.022082819	0.07060629	-0.05746751	171.44621	-102.59254	1.6024988	0.0138094425	2.0	1.6787179	0.026879443	4140000	5646.964669942856
138	1.1313518	1.3737485	5.631109	-0.63636595	53.166668	88.26366	319.0	0.0	1000.0	116300.0	0.02788968824940048	0.08843413	0.3049864	2.2995358	-0.8669249	3.4410844	4.975497	33.770195	-5.5359735	-1.4901161e-08	-0.007690099	-5.9604645e-08	-0.021879546	0.02984788	-0.024010584	188.40588	-140.37029	1.6163082	0.019141555	2.0	1.6792495	0.027580168	4170000	5687.535889625549
139	1.3029765	1.4800725	5.767869	-0.5902707	79.041664	141.71935	497.0	0.0	1000.0	118454.0	0.028203333333333334	0.0696971	0.254603	1.5247523	-0.61669457	6.3236933	10.044357	54.09406	-19.074114	0.0	-0.008242361	0.0	-0.034337334	0.028472023	-0.022405399	360.01102	-301.6192	1.6354498	0.029123068	1.0	1.6796888	0.061981335	4200000	5727.869587421417
140	0.9519921	1.5527127	4.0194507	-1.9716247	26.0	73.8371	359.0	0.0	1000.0	119157.0	0.02816950354609929	0.073217414	0.29026008	1.6229222	-0.50123703	4.979582	11.058032	65.787285	-4.2619095	-1.4901161e-08	-0.0014817556	0.0	-0.015210849	0.042442545	-0.035882913	191.10107	-137.0532	1.6645728	0.026733637	1.0	1.6800089	0.043557957	4230000	5769.4287259578705
