Epoch	AverageEpRet	StdEpRet	MaxEpRet	MinEpRet	AverageEpCost	StdEpCost	MaxEpCost	MinEpCost	EpLen	CumulativeCost	CostRate	AverageVVals	StdVVals	MaxVVals	MinVVals	AverageCostVVals	StdCostVVals	MaxCostVVals	MinCostVVals	LossPi	DeltaLossPi	SurrCost	DeltaSurrCost	LossV	DeltaLossV	LossVC	DeltaLossVC	Penalty	DeltaPenalty	StopIter	Entropy	KL	TotalEnvInteracts	Time
0	-0.21114452	1.1468623	2.3305612	-2.2766945	72.083336	59.834435	179.0	2.0	1000.0	2405.0	0.08016666666666666	0.7673458	0.53295445	2.0703483	-1.0060328	-0.289682	0.118246295	0.3031673	-0.87380314	1.5133992e-08	0.015459943	-5.9604645e-08	0.00020270888	0.9906473	-0.8990435	146.73018	-87.08876	0	0	1.0	1.837877	0.029132595	30000	28.95226550102234
1	0.08188924	0.81937665	1.569835	-1.5928543	74.666664	68.9841	281.0	0.0	1000.0	4728.0	0.0788	0.0223261	0.2815986	0.88904166	-0.8454926	7.3918667	4.108042	16.14642	-2.6640391	-4.656613e-09	0.044161	3.7252903e-08	-0.002078298	0.06112065	-0.010582121	60.92859	-9.809454	0	0	1.0	1.8379831	0.05652611	60000	56.325284004211426
2	0.36753365	0.8894317	2.401216	-1.0982937	64.958336	70.373695	209.0	0.0	1000.0	6803.0	0.07558888888888889	0.023710921	0.30455545	0.88943404	-0.8866483	6.6673	5.506617	22.031738	-3.3558664	4.1909516e-09	0.0018065942	8.940697e-08	-0.00057484256	0.05445037	-0.006325371	43.707367	-7.6350927	0	0	1.0	1.8385451	0.008438734	90000	83.77676010131836
3	0.36247587	0.72906214	2.0007799	-0.76515037	75.583336	58.87835	208.0	0.0	1000.0	8916.0	0.0743	-0.03091096	0.36982977	0.774365	-1.0649221	9.291104	6.9185534	28.051802	-3.2248979	-8.032657e-09	-0.009294976	1.1175871e-08	0.0040032296	0.048749015	-0.015459708	54.322403	-12.039528	0	0	79.0	1.8391192	0.0061329734	120000	118.52623629570007
4	-0.2547171	1.1046361	1.9616951	-2.3510537	75.958336	79.51388	279.0	0.0	1000.0	11199.0	0.07466	0.067621656	0.29339132	0.6530862	-0.771927	6.775272	6.7455134	32.2649	-4.1847625	-5.5879354e-09	-0.009016962	-8.195639e-08	0.0027824305	0.07795476	-0.017136345	45.76831	-12.912289	0	0	79.0	1.8400059	0.0062072063	150000	153.36336398124695
5	0.032018702	0.9941821	1.2610279	-2.756675	71.041664	60.47829	233.0	2.0	1000.0	13358.0	0.07421111111111112	0.064805366	0.32113495	0.8862979	-0.95206505	8.234109	7.0632644	34.90631	-1.7859563	1.8626451e-09	-0.009131577	0.0	0.0040318267	0.09423723	-0.020858264	44.281723	-12.181591	0	0	79.0	1.8162794	0.0056571215	180000	188.06257224082947
6	0.26966092	1.0688275	2.4535909	-1.6684382	106.583336	71.38447	252.0	6.0	1000.0	16242.0	0.07734285714285714	0.0011829106	0.27427515	0.6940407	-0.987798	8.546391	6.9003024	34.605164	-2.3715436	-2.4214387e-08	-0.008996341	-5.8673322e-08	0.0016844496	0.06900914	-0.013314848	67.81479	-17.940407	0	0	79.0	1.8086206	0.0047447155	210000	222.75731754302979
7	-0.09555503	1.0629961	2.4742281	-1.796442	96.583336	68.65549	241.0	0.0	1000.0	18995.0	0.07914583333333333	0.04640585	0.29443255	0.68487465	-0.96125245	9.378625	7.476457	35.28625	-3.1001658	1.3969839e-08	0.0070535676	-3.7252903e-08	-0.0051089656	0.09084818	-0.022504978	71.421135	-26.76395	0	0	52.0	1.8038149	0.020327179	240000	254.72174715995789
8	0.7682263	0.9787937	2.3873303	-1.829066	83.208336	65.95199	283.0	2.0	1000.0	21536.0	0.07976296296296297	-0.030436175	0.2868914	0.6826069	-0.8193767	8.025223	6.362938	34.263706	-4.089066	-1.8626451e-09	0.047889233	6.7055225e-08	0.017410245	0.079892725	-0.031790767	54.19405	-12.842979	0	0	1.0	1.7938523	0.06967938	270000	282.24574160575867
9	0.7993598	1.3274944	3.6626816	-1.4063054	91.833336	62.384335	271.0	5.0	1000.0	24286.0	0.08095333333333334	0.18404378	0.2574233	0.70482403	-0.6905504	10.61155	8.801243	41.4538	-3.1171966	-5.5879354e-09	0.003332737	-2.2351742e-08	0.00043224916	0.10596186	-0.031387024	60.088646	-22.736519	0	0	1.0	1.7939227	0.009860573	300000	309.6597549915314
10	0.3898776	1.0104612	2.6427143	-2.0451665	87.5	52.869335	242.0	3.0	1000.0	26911.0	0.08154848484848484	0.115812995	0.30749717	0.9562456	-0.9406376	9.2094145	6.2875414	36.870205	-1.6979805	1.4901161e-08	-0.00012720679	0.0	-0.0017560271	0.096735865	-0.023818158	70.12418	-17.788057	0	0	1.0	1.7941499	0.0011109987	330000	337.1178812980652
11	0.58101946	1.1417321	2.80987	-1.7073326	79.583336	45.803852	150.0	0.0	1000.0	29107.0	0.08085277777777777	0.07535099	0.32338172	1.0887799	-0.9116459	7.942118	6.577699	35.023163	-1.8403943	-7.450581e-09	-0.0003521964	1.8626451e-08	0.0011526346	0.11520269	-0.036304012	31.602812	-9.145744	0	0	1.0	1.7946763	0.0027471124	360000	364.5160028934479
12	0.7017537	1.6191367	3.5151427	-2.6419065	70.208336	42.358566	151.0	2.0	1000.0	31425.0	0.08057692307692307	0.047394462	0.3462324	1.1142982	-1.1005177	8.082108	5.589607	33.301517	-1.1601218	2.2351742e-08	-0.0003923555	-2.9802322e-08	0.00042218668	0.11671251	-0.04659187	46.49077	-13.236019	0	0	1.0	1.795351	0.00010656215	390000	391.83398628234863
13	-0.119704165	1.5369416	2.857197	-3.0218713	67.0	49.68484	184.0	0.0	1000.0	33454.0	0.07965238095238095	0.021424294	0.38534352	1.0398334	-1.2589718	7.6735168	6.1855493	32.844624	-2.122955	0.0	-0.00062848814	-2.2351742e-08	0.0003573883	0.09862349	-0.041178636	35.636787	-9.9516735	0	0	1.0	1.7961191	0.0014797705	420000	419.34033203125
14	0.63023347	1.2058496	3.434321	-0.98714083	98.375	47.424335	206.0	20.0	1000.0	36254.0	0.08056444444444444	0.012530605	0.40697208	1.0236012	-1.2417017	7.772899	5.8009553	32.200836	-1.8178093	-1.1175871e-08	-0.0014992626	0.0	-0.0025286023	0.0918653	-0.03702862	40.95332	-16.744246	0	0	1.0	1.7968972	0.0030224724	450000	446.7250199317932
15	0.46118906	1.4327537	3.9965758	-1.8857672	57.916668	42.92524	139.0	2.0	1000.0	38165.0	0.07951041666666667	0.1141716	0.37681007	1.0702504	-0.9700576	6.5303135	5.510408	31.79665	-5.0520444	-1.6763806e-08	-0.00095320353	2.6077032e-08	-0.000605413	0.08535753	-0.03550218	47.332443	-15.927437	0	0	1.0	1.7976573	0.00068340934	480000	474.36443877220154
16	0.62799245	1.3630961	3.0549097	-2.067035	74.083336	51.16714	195.0	2.0	1000.0	40107.0	0.07864117647058824	0.026532406	0.37237546	1.064029	-1.0412754	6.795244	6.4000177	35.918438	-3.7293427	0.0	-0.0011168746	1.1175871e-08	0.00035785232	0.062726066	-0.025861166	28.597076	-11.6773815	0	0	1.0	1.7981771	0.00073179475	510000	501.85739040374756
17	0.17241824	1.4136832	2.4453046	-4.077736	92.166664	42.265697	151.0	3.0	1000.0	42872.0	0.0793925925925926	0.10891468	0.38719326	1.1123617	-0.8646922	8.658401	6.6675167	35.68645	-2.8724408	1.8626451e-08	-0.000644451	2.6077032e-08	-0.0006404444	0.06844771	-0.030882703	43.25865	-15.600253	0	0	1.0	1.7985928	0.0007047452	540000	529.2727653980255
18	0.10120622	1.3120979	3.0398147	-2.5259202	66.583336	49.791164	157.0	0.0	1000.0	44722.0	0.07845964912280702	0.0027007163	0.39910093	0.9827906	-1.6245899	6.839052	6.013385	36.90717	-2.5991693	1.8626451e-08	-0.0008801018	-3.7252903e-09	0.0007952824	0.06542148	-0.024295334	22.720062	-7.4461756	0	0	1.0	1.7987478	0.00048858067	570000	556.5666432380676
19	0.34348473	1.2828169	3.0645847	-2.2215974	79.25	49.925987	223.0	2.0	1000.0	47211.0	0.078685	0.06207217	0.39502957	0.9500338	-1.4869063	8.00978	6.198833	34.46697	-1.8683021	6.0535967e-09	-0.0012022648	3.3527613e-08	-0.00019698264	0.058858104	-0.022596745	33.49942	-12.369227	0	0	3.0	1.7986828	0.0006018271	600000	584.2359507083893
20	0.5276279	1.189557	2.5842206	-1.9546885	70.0	39.627434	161.0	7.0	1000.0	49421.0	0.07844603174603175	0.01492561	0.36997572	1.1320713	-1.1203301	7.0045104	6.5864425	34.030376	-3.3678243	-3.7252903e-09	-0.010159439	0.0	0.0025751349	0.06481765	-0.023494698	36.25857	-13.569179	0	0	79.0	1.7985852	0.0063859904	630000	619.034261226654
21	0.626137	1.3374588	3.946477	-1.9141396	65.666664	38.28693	170.0	20.0	1000.0	51351.0	0.07780454545454546	0.026558818	0.37526765	1.0393869	-1.2464865	7.7285743	6.408171	38.97696	-3.1221852	2.6077032e-08	-0.010281921	-2.2351742e-08	-0.006482843	0.067896076	-0.024185924	35.07955	-16.374708	0	0	79.0	1.7650485	0.00639283	660000	653.7713027000427
22	0.8077292	1.2070234	3.1902514	-1.9718077	59.583332	53.076923	213.0	0.0	1000.0	53116.0	0.07697971014492754	0.036779493	0.3469183	1.1972394	-1.5505207	6.2572985	5.7926054	34.703766	-2.1409295	-3.7252903e-09	0.000325324	2.9802322e-08	0.00050748326	0.07886569	-0.034900315	34.7222	-17.78525	0	0	2.0	1.7397045	0.002931445	690000	681.2010943889618
23	1.380963	1.3736321	4.6878057	-0.9612618	51.833332	50.217583	211.0	0.0	1000.0	54633.0	0.07587916666666666	0.09353358	0.33167312	1.1342283	-1.5813999	5.788075	6.2246256	36.802727	-2.5608206	-9.313226e-09	0.00020538876	-2.4214387e-08	-0.0049789543	0.08746295	-0.034134686	27.63971	-12.533233	0	0	1.0	1.7391099	0.0055284454	720000	708.3408148288727
24	1.0656037	1.233705	3.8239856	-1.7848492	61.875	37.847626	130.0	0.0	1000.0	56450.0	0.07526666666666666	0.13978425	0.3774236	1.3056579	-1.0767257	6.4628863	6.1512837	35.482006	-3.3618407	0.0	0.0006333043	1.4901161e-08	-0.0021112412	0.07716704	-0.03318392	34.302094	-16.448185	0	0	1.0	1.7382901	0.004570677	750000	735.669162273407
25	0.9072512	1.1789229	3.688264	-2.4924989	94.333336	63.805477	236.0	0.0	1000.0	59199.0	0.07589615384615385	0.13462502	0.32173666	1.3548998	-0.94343424	7.080246	6.3519754	35.1244	-3.7216208	-2.0489097e-08	-0.0016482089	-3.7252903e-08	-0.00016854797	0.08132641	-0.03476715	57.47656	-31.311924	0	0	1.0	1.7374091	0.002583171	780000	763.0926830768585
26	1.1009814	1.2028029	3.6230385	-1.1409324	49.583332	37.907692	140.0	0.0	1000.0	60875.0	0.07515432098765432	0.0981478	0.37681934	1.4090436	-1.5854046	6.7746615	6.4862094	36.533775	-2.3475156	3.7252903e-09	-0.0011004475	-2.0489097e-08	-0.0010122014	0.07013397	-0.03315232	27.914356	-14.293834	0	0	1.0	1.7364898	0.0019068753	810000	790.4977107048035
27	1.1176827	1.0010623	2.8778932	-0.60440814	48.041668	34.796406	103.0	0.0	1000.0	62378.0	0.0742595238095238	0.074855275	0.36819512	1.0519395	-1.6478313	5.7828994	5.8361044	36.80506	-2.0198312	0.0	-0.0010616393	4.0978193e-08	-0.0012598059	0.041743375	-0.016549056	25.050554	-11.455911	0	0	1.0	1.7357416	0.0017900965	840000	817.7446682453156
28	1.3196994	1.2473502	4.550744	-0.52750117	55.916668	44.35549	135.0	0.0	1000.0	64119.0	0.0737	0.11536713	0.363049	1.3026811	-1.1364434	5.0367594	5.91978	36.585102	-3.1459663	-3.7252903e-09	-0.0007215515	-3.7252903e-09	0.00043031294	0.07632985	-0.024917997	27.908043	-12.16959	0	0	1.0	1.7351253	0.0004093857	870000	845.109411239624
29	1.0271733	1.3624375	3.8239934	-2.244258	70.708336	63.39458	283.0	0.0	1000.0	66155.0	0.07350555555555556	0.11358273	0.33338878	1.2885756	-1.8722292	5.830308	6.2409606	40.87204	-3.0535953	-9.313226e-09	-0.0005993133	1.4901161e-08	-0.00063703535	0.07530159	-0.029762316	49.78494	-28.114952	0	0	1.0	1.7346654	0.00047975557	900000	872.2745740413666
30	1.0331812	1.2293781	4.0279546	-2.2306814	66.166664	64.63401	323.0	2.0	1000.0	68305.0	0.07344623655913979	0.12067115	0.3658302	1.3913947	-1.7575053	7.406058	7.281639	42.62566	-5.2345777	-6.519258e-09	-0.00080810895	-1.0430813e-07	-0.00028875656	0.06573935	-0.029141506	68.89187	-41.16019	0	0	1.0	1.7342865	0.00049827923	930000	899.9064717292786
31	1.2148257	1.4780457	4.6001782	-2.6323195	78.083336	59.93324	259.0	0.0	1000.0	70675.0	0.07361979166666667	0.1239688	0.34862342	1.2520186	-1.7227442	7.2597833	6.9928684	41.60559	-3.2067401	-7.450581e-09	-0.0008993151	-2.9802322e-08	0.0019239988	0.06486287	-0.024826797	61.578426	-38.71814	0	0	1.0	1.733679	0.00084933155	960000	927.1278214454651
32	1.147689	1.044469	3.2775104	-1.1110969	66.583336	61.763607	191.0	0.0	1000.0	72744.0	0.07347878787878788	0.1164713	0.37227553	1.4531654	-1.021269	7.8351374	8.109234	45.381145	-2.0494432	1.8626451e-09	-0.0005032448	2.6077032e-08	0.00053010974	0.063918844	-0.01971747	88.22621	-66.74983	0	0	1.0	1.7331202	0.00034422742	990000	954.2874410152435
33	1.3270696	1.4356486	4.22221	-2.3837793	74.75	43.544277	143.0	0.0	1000.0	74888.0	0.07341960784313725	0.060256526	0.34709254	1.1822579	-1.4226882	7.1669917	6.95192	50.962784	-2.4026036	0.0	-0.009076092	-3.3527613e-08	-0.0035676388	0.073907614	-0.034189906	34.900658	-18.033459	0	0	79.0	1.7328494	0.005152634	1020000	988.6860363483429
34	1.2098244	1.3237783	4.0602	-2.771262	63.75	57.639866	233.0	0.0	1000.0	76779.0	0.07312285714285714	0.08226598	0.3474913	1.0575875	-1.5973084	6.951033	6.7111974	37.42236	-2.824329	-5.122274e-09	-0.008602544	5.9604645e-08	0.0007356773	0.07027455	-0.03058705	65.598434	-36.09403	0	0	79.0	1.7108979	0.005080277	1050000	1023.16233253479
35	0.9742355	1.7047652	3.4642987	-3.2237067	94.25	66.507675	241.0	2.0	1000.0	79587.0	0.07369166666666667	0.098820336	0.3675793	1.2023441	-1.7249093	7.8682237	7.072459	37.866245	-3.7491963	7.450581e-09	-0.00979332	-4.8428774e-08	0.003968569	0.07664525	-0.035511732	72.93456	-40.84573	0	0	79.0	1.7038714	0.0051105367	1080000	1057.9727110862732
36	1.5391159	1.5529629	5.903154	-1.8055787	70.625	45.806488	182.0	2.0	1000.0	81831.0	0.07372162162162162	0.09941185	0.3133526	1.1642557	-1.6312716	9.622919	8.151776	47.42473	-1.9488122	6.519258e-09	-0.0023047817	-1.6763806e-08	-0.00030746276	0.070335284	-0.032002248	49.270714	-29.394375	0	0	5.0	1.6864979	0.0027979752	1110000	1085.558501958847
37	0.8320894	1.4763695	4.760251	-2.7271583	71.0	46.487453	144.0	0.0	1000.0	83986.0	0.0736719298245614	0.12265885	0.3601805	1.3400224	-1.5426489	7.464788	6.606477	38.94909	-2.6641045	-1.1175871e-08	-0.0030347314	-1.4901161e-08	0.00037484802	0.08656211	-0.04299622	33.37669	-18.016613	0	0	20.0	1.6858289	0.0056825224	1140000	1114.5381824970245
38	2.302449	1.7628081	6.744428	-0.33918384	76.708336	52.633545	199.0	2.0	1000.0	86189.0	0.07366581196581197	0.09764928	0.33730784	1.3308058	-1.3721737	7.6362886	6.976789	43.86274	-3.6824813	-2.6077032e-08	-0.0005795873	-2.9802322e-08	0.0020627603	0.097785205	-0.04671006	41.358673	-19.317322	0	0	1.0	1.6666256	0.003086102	1170000	1141.7347223758698
39	1.478611	1.2302021	3.1883442	-0.5929116	81.625	60.600338	281.0	3.0	1000.0	88605.0	0.0738375	0.14233245	0.34836292	1.2617731	-1.2243536	7.5128427	6.6522713	38.42649	-3.4878423	3.7252903e-09	-0.00011341192	-7.450581e-09	-0.0013959552	0.07376026	-0.029177949	80.44061	-51.30368	0	0	1.0	1.6650271	0.0045061256	1200000	1168.908382177353
40	1.2182506	1.3625735	3.4394727	-2.0136456	84.583336	79.39611	374.0	0.0	1000.0	90952.0	0.07394471544715447	0.10259134	0.36670366	1.1914796	-1.2798895	6.911222	7.368989	58.097767	-2.5082927	1.4901161e-08	-0.00053668075	-1.4901161e-08	0.0010603778	0.09146193	-0.04786987	134.24268	-107.24624	0	0	1.0	1.6636767	0.0009529454	1230000	1196.153826713562
41	1.0908715	1.2564058	3.2862809	-1.457252	67.416664	47.00436	164.0	0.0	1000.0	92899.0	0.07372936507936508	0.11479031	0.35488743	1.4244292	-2.1434884	7.089246	8.201866	71.42603	-1.9375018	-5.5879354e-09	-0.00019039435	-7.450581e-09	-0.0004131617	0.062163144	-0.029452134	46.24295	-27.007158	0	0	1.0	1.6627191	0.0010644557	1260000	1223.2632727622986
42	0.7173605	1.498058	5.3101044	-1.518146	54.708332	57.42639	193.0	0.0	1000.0	94585.0	0.07332170542635659	0.08058923	0.36404943	1.2017725	-1.3785461	7.425224	9.173829	63.5745	-1.7459729	-1.8626451e-09	-0.0003389055	-4.4703484e-08	0.0020941969	0.07859276	-0.0393743	67.65942	-50.76808	0	0	1.0	1.6621077	0.0027579782	1290000	1250.0620594024658
43	1.2380239	1.2444756	3.3407469	-2.0868642	78.75	42.690018	175.0	2.0	1000.0	96881.0	0.07339469696969697	0.13277572	0.33729833	1.2543545	-1.3508949	7.7240415	6.865603	46.148712	-2.9536138	-4.656613e-09	0.00022448134	2.2351742e-08	0.0038000797	0.05102751	-0.023718687	48.492653	-25.356243	0	0	1.0	1.6616623	0.0045592026	1320000	1277.0451290607452
44	1.6941319	1.8056897	4.6310277	-3.3492298	49.25	35.76806	133.0	0.0	1000.0	98713.0	0.07312074074074074	0.11378017	0.3517691	1.1940511	-1.515222	6.818817	6.2501836	43.216835	-2.685809	9.313226e-09	-0.0005695331	-2.2351742e-08	-0.00060586364	0.08449598	-0.043936938	40.33741	-22.041534	0	0	1.0	1.6612298	0.0031829064	1350000	1304.2831554412842
45	1.7045622	1.3136195	4.543487	-1.510764	65.916664	53.858547	223.0	2.0	1000.0	100906.0	0.07312028985507246	0.16192952	0.35658523	1.2684287	-1.7485281	6.8782096	6.5839396	42.15322	-3.7647855	-9.313226e-09	-0.0005090192	-3.7252903e-09	-0.000577342	0.08236042	-0.045521714	71.79097	-51.62036	0	0	1.0	1.6608107	0.003881869	1380000	1331.3060040473938
46	1.8555037	1.3908254	4.8874536	-1.0917152	66.75	48.70853	213.0	2.0	1000.0	102984.0	0.07303829787234042	0.18604337	0.36225063	1.458595	-1.1899891	8.100461	7.5535264	68.30817	-1.8883585	2.6077032e-08	-0.0005559183	1.4901161e-08	0.0020190459	0.07474754	-0.0006547817	67.35834	-38.312584	0	0	1.0	1.6606371	0.0021938523	1410000	1358.4300417900085
47	1.1777047	2.3473463	5.6326632	-6.808711	60.666668	43.635487	153.0	0.0	1000.0	104970.0	0.07289583333333334	0.3083375	0.41896492	1.6501349	-1.8997484	6.542324	6.309422	36.667088	-2.5183518	1.0244548e-08	-0.00027348194	-1.4901161e-08	-0.00026002387	0.12228687	-0.06702532	31.813393	-14.641437	0	0	1.0	1.6606245	0.0009796197	1440000	1385.5252802371979
48	1.1830786	1.4707673	4.8062153	-1.9791119	76.041664	58.00537	278.0	15.0	1000.0	107334.0	0.07301632653061224	0.1935136	0.39407852	1.4645988	-2.1954272	7.646025	7.0803056	40.10608	-2.3852534	1.3038516e-08	-0.00045371117	-1.1175871e-08	0.00030323677	0.07408226	-0.040446855	65.867516	-40.822594	0	0	1.0	1.6609399	0.00036537112	1470000	1412.764811515808
49	1.5189894	2.1478121	5.2687445	-3.2798963	62.333332	51.352272	232.0	0.0	1000.0	109305.0	0.07287	0.1274856	0.38688833	1.4734682	-1.6310366	6.9772263	7.4828687	59.289093	-3.305077	1.8626451e-08	-0.0011453431	2.9802322e-08	0.002101766	0.10399905	-0.055966116	54.097454	-32.380787	0	0	1.0	1.661401	0.0018193005	1500000	1439.8847498893738
50	1.3556596	2.28703	4.7783575	-7.281529	63.791668	48.87056	208.0	0.0	1000.0	111245.0	0.07270915032679738	0.1398315	0.43866292	1.4706147	-1.927117	7.094158	8.235002	67.45819	-5.9095826	3.7252903e-09	-0.0006785377	4.4703484e-08	0.00066565524	0.115360014	-0.06842042	54.113876	-35.870438	0	0	1.0	1.6619031	0.002027059	1530000	1467.2366795539856
51	1.4103748	1.355857	4.1514792	-1.1526002	95.0	113.86249	484.0	0.0	1000.0	113979.0	0.07306346153846154	0.14796591	0.37121215	1.5977494	-1.5598844	6.3819513	6.7042623	54.31349	-2.12391	1.4901161e-08	-0.00077693554	-2.9802322e-08	-0.0023606531	0.06943442	-0.03911284	232.93976	-196.44652	0	0	1.0	1.6623433	0.0029233806	1560000	1494.3430149555206
52	2.0064158	1.6115106	5.8164744	-0.78651583	81.333336	42.72652	157.0	0.0	1000.0	116595.0	0.07333018867924529	0.19558683	0.37924254	1.4520687	-1.3588938	8.753852	7.189408	64.22865	-1.8892446	3.7252903e-09	-0.0013732499	0.0	-0.00023088977	0.08192666	-0.0466616	53.414112	-32.916344	0	0	1.0	1.6626964	0.0017340134	1590000	1521.702169418335
53	1.7664537	1.5625118	5.4523277	-2.463461	71.083336	56.460102	209.0	2.0	1000.0	118769.0	0.0733141975308642	0.17762984	0.37376145	1.7505289	-1.505681	7.8362956	6.8166056	56.361286	-1.952344	2.0489097e-08	-0.000602294	-5.9604645e-08	-0.0009101165	0.07870623	-0.037828486	59.07267	-41.192017	0	0	1.0	1.6630156	0.0006609589	1620000	1548.9042534828186
54	1.4234256	1.5291117	4.8241067	-1.6699314	86.583336	66.01194	252.0	0.0	1000.0	121336.0	0.0735369696969697	0.15931487	0.37821284	1.7915949	-1.7369915	7.341878	6.5323343	45.464394	-2.9750323	-5.5879354e-09	-0.0006752808	7.450581e-09	-0.00068127643	0.06491968	-0.03629648	60.215565	-37.257927	0	0	1.0	1.6633519	0.00077717355	1650000	1576.0643167495728
55	1.2319762	1.2719488	3.1086237	-2.6993208	58.333332	47.57859	205.0	2.0	1000.0	123518.0	0.07352261904761904	0.14061706	0.3806481	1.5176431	-1.930286	6.76434	6.4519157	42.024956	-1.8750324	-2.7939677e-09	-0.0006459474	2.9802322e-08	-0.0011260174	0.06844197	-0.034296177	73.81952	-42.76958	0	0	1.0	1.6636128	0.00076090975	1680000	1603.7025315761566
56	1.6640096	1.6662467	5.0206494	-2.4778352	63.083332	39.123646	136.0	5.0	1000.0	125354.0	0.07330643274853801	0.20125282	0.39491096	1.5618532	-1.4900165	7.167368	7.0776095	51.881416	-5.1054106	9.313226e-09	-0.00064819714	0.0	-0.00094669405	0.09914222	-0.055705696	39.881096	-22.305439	0	0	1.0	1.6637496	0.00039472652	1710000	1631.0233931541443
57	1.340284	1.8025069	5.5419097	-4.1962957	85.083336	47.57618	162.0	0.0	1000.0	127687.0	0.07338333333333333	0.17230111	0.384231	1.8327538	-1.9606096	7.176804	6.6024885	40.0139	-3.1768062	1.6763806e-08	-0.00025899382	2.6077032e-08	-2.6459806e-05	0.0639677	-0.033907164	37.00209	-16.720284	0	0	1.0	1.6636465	0.00058757875	1740000	1658.2774274349213
58	1.6751579	1.5904094	5.5912957	-1.9199985	68.75	52.26794	190.0	2.0	1000.0	129612.0	0.07322711864406779	0.17904347	0.36874947	1.420526	-1.8695682	7.190081	6.499386	44.97597	-2.9193404	1.3038516e-08	-0.0004212493	5.9604645e-08	-0.00029408047	0.08689511	-0.049001355	42.12032	-23.613945	0	0	1.0	1.6633394	0.0002869608	1770000	1685.2950961589813
59	1.4870545	1.5180302	4.242025	-1.4412694	73.583336	63.10039	241.0	0.0	1000.0	131943.0	0.07330166666666667	0.18496157	0.35012007	1.7257183	-1.3525366	6.834694	6.914521	42.424744	-2.5192356	1.8626451e-09	-0.000601423	-4.4703484e-08	-9.1886846e-05	0.07809634	-0.048535254	74.39799	-45.736042	0	0	1.0	1.6628126	0.0008313121	1800000	1712.280571937561
60	1.9936004	1.6723031	6.1139164	-0.9382192	96.208336	132.90598	654.0	0.0	1000.0	134536.0	0.07351693989071038	0.14058217	0.37188554	1.3782744	-1.4694761	7.480856	7.5942316	56.65959	-3.8118148	-1.8626451e-09	-0.0006149516	-1.0430813e-07	-0.0031117927	0.09006718	-0.053908676	196.54744	-166.46161	0	0	1.0	1.6622391	0.0010601797	1830000	1739.548995733261
61	1.3465189	1.6760575	3.862824	-2.957436	48.833332	41.18117	154.0	0.0	1000.0	136023.0	0.07313064516129032	0.19045131	0.41651145	1.3805475	-1.5688579	7.0575852	6.0396085	40.950336	-3.0275712	1.4901161e-08	-0.001048624	-3.1199306e-08	-0.00033086864	0.09901717	-0.059347797	39.935574	-21.893063	0	0	1.0	1.6616313	0.00073689007	1860000	1766.787343263626
62	1.7161623	2.1174068	5.480164	-4.6796837	58.625	50.51717	237.0	1.0	1000.0	137844.0	0.07293333333333334	0.14828864	0.33770353	1.2973262	-1.3883183	5.2619467	5.7330256	36.05675	-3.9077034	-1.3038516e-08	-0.0013831183	-1.4901161e-08	-0.00044858642	0.08587915	-0.053218357	43.664024	-21.345753	0	0	6.0	1.66102	0.00060596823	1890000	1794.3794531822205
63	1.2925092	1.9804206	5.616045	-2.702196	51.541668	53.087173	191.0	0.0	1000.0	139428.0	0.07261875	0.18526861	0.45516226	1.7850312	-2.3150163	5.253353	5.8764505	41.115177	-3.572839	1.816079e-08	-0.0007632115	2.6077032e-08	-0.0015900303	0.12511387	-0.08626487	35.77014	-20.619213	0	0	1.0	1.6588609	0.0037901718	1920000	1821.4695191383362
64	1.6642809	1.5346463	4.2914357	-2.0124907	74.833336	55.237873	226.0	0.0	1000.0	141608.0	0.07261948717948719	0.102561966	0.40335882	1.5446601	-2.1458936	6.669799	6.6123414	39.679634	-2.9904504	-2.7939677e-08	-0.009620544	0.0	0.0027577607	0.08928195	-0.050468374	62.5775	-38.638367	0	0	79.0	1.6580793	0.0053766593	1950000	1855.9735629558563
65	2.1835387	1.9828998	6.77832	-2.4665282	87.875	63.21413	246.0	0.0	1000.0	144153.0	0.07280454545454546	0.15045455	0.4218743	1.474061	-2.0952713	7.416845	7.0365796	41.046185	-4.6491017	-1.6763806e-08	-0.008865206	9.685755e-08	0.0064570806	0.082154535	-0.04862787	83.25435	-42.00626	0	0	79.0	1.6407232	0.004895541	1980000	1890.8611493110657
66	2.3195376	2.0010064	7.5397935	-2.9505906	53.416668	38.1542	148.0	0.0	1000.0	145742.0	0.07250845771144279	0.2240422	0.4052055	1.669196	-2.4679453	6.584591	7.3546863	44.452587	-4.7818813	1.8626451e-09	-0.008551851	-2.9802322e-08	-0.0022656308	0.11167734	-0.071397066	30.807861	-18.847506	0	0	79.0	1.6264675	0.0053188778	2010000	1925.2484538555145
67	2.187767	1.5459816	5.886223	-0.6406634	79.75	55.282043	217.0	0.0	1000.0	148267.0	0.07267990196078432	0.23557778	0.4193233	1.6607497	-1.8700309	6.3128686	6.782123	41.96916	-3.0439594	7.450581e-09	-0.00961048	4.0978193e-08	-0.00068030134	0.0948434	-0.060380988	67.15946	-43.063526	0	0	79.0	1.6006198	0.0056852624	2040000	1959.894497871399
68	1.2227436	3.5778496	8.322654	-13.116	67.583336	69.15135	313.0	2.0	1000.0	150228.0	0.07257391304347827	0.17669097	0.45802423	1.8311832	-1.8818349	8.17011	7.498144	46.672306	-2.4968839	0.0	-0.00059876917	-7.8231096e-08	0.0010444652	0.14996125	-0.111736104	58.27678	-35.497494	0	0	6.0	1.5620015	0.003208762	2070000	1987.4081766605377
69	1.4191672	2.6006155	5.806534	-5.3547244	72.125	56.96879	250.0	0.0	1000.0	152236.0	0.07249333333333334	0.11102103	0.6024765	2.2344332	-2.802498	6.479125	7.4162006	45.748264	-4.314215	2.3283064e-09	-0.00012678117	4.4703484e-08	-0.00021820073	0.13810968	-0.08748382	83.246544	-48.868908	0	0	1.0	1.5629665	0.0020721622	2100000	2014.5018193721771
70	1.3676586	2.0748646	7.0178647	-2.302342	68.791664	79.01423	347.0	0.0	1000.0	154188.0	0.0723887323943662	0.10370319	0.49875352	1.7614847	-2.2024777	6.669666	6.9349875	48.17162	-5.8561697	-7.450581e-09	-0.00070769293	-1.4901161e-08	0.00011589285	0.1813921	-0.1318183	69.84893	-54.56014	0	0	1.0	1.5630548	0.0028815346	2130000	2041.727830171585
71	1.9918636	1.9553587	5.4813986	-1.3985571	59.625	53.174877	187.0	0.0	1000.0	155996.0	0.07222037037037037	0.14219026	0.41988316	1.4973384	-1.8187606	5.9679356	7.1586676	57.362965	-3.1675942	7.450581e-09	0.001504246	-9.313226e-09	0.0008177534	0.14864549	-0.1033702	46.991325	-28.067936	0	0	1.0	1.5629041	0.006301955	2160000	2068.6326682567596
72	1.7200478	2.3979828	6.6636815	-3.4173424	72.583336	65.819145	231.0	3.0	1000.0	158015.0	0.07215296803652968	0.16163799	0.4648044	1.5937308	-2.1779044	6.8991265	7.217636	42.654198	-3.749545	1.8626451e-09	-0.00049649214	4.0978193e-08	0.0018846989	0.13139573	-0.077683404	46.960785	-26.650272	0	0	1.0	1.5627378	0.0029987758	2190000	2095.702068090439
73	2.1247635	1.7824723	6.107344	-1.7428709	74.625	70.867134	240.0	3.0	1000.0	160114.0	0.07212342342342343	0.21123937	0.4076186	1.5097933	-1.59884	7.2180676	7.289241	44.27518	-4.2118845	1.1175871e-08	0.00050713937	5.5879354e-08	9.9026714e-05	0.10909768	-0.070902355	56.86878	-36.7751	0	0	1.0	1.5627515	0.0057407655	2220000	2122.8792028427124
74	1.3981806	1.4817328	4.7074695	-0.65549123	77.75	78.782005	312.0	0.0	1000.0	162219.0	0.07209733333333333	0.13080573	0.42548355	1.4378185	-1.8683014	6.894467	7.86452	60.64938	-3.0216582	5.5879354e-09	-0.0014221556	2.9802322e-08	-0.0018312549	0.08551662	-0.049010675	136.05463	-111.40369	0	0	1.0	1.562844	0.0019691952	2250000	2150.0034358501434
75	1.7333279	2.3529782	6.9977417	-6.895046	69.25	58.6254	187.0	0.0	1000.0	164288.0	0.07205614035087719	0.14911747	0.404099	1.6341197	-1.7839139	8.176129	9.561794	78.43534	-3.4602451	-5.5879354e-09	-0.0006413222	5.9604645e-08	0.0007644892	0.11542867	-0.0772449	66.15805	-44.82286	0	0	1.0	1.5632216	0.0006293738	2280000	2177.370381832123
76	1.5410624	2.9000142	4.9906125	-10.647264	79.791664	49.417423	218.0	2.0	1000.0	166484.0	0.07207099567099567	0.2027287	0.47669432	1.8653024	-2.4055908	8.68259	8.19974	50.784286	-4.2867365	1.4901161e-08	-0.00023027696	3.3527613e-08	0.00019243476	0.1147728	-0.07724196	37.51579	-18.479761	0	0	1.0	1.563756	0.00079873606	2310000	2204.4845612049103
77	2.4930027	1.8159254	6.694426	-1.0995262	104.458336	105.26909	470.0	0.0	1000.0	169589.0	0.07247393162393162	0.22587396	0.4172878	1.611725	-2.8275151	7.6411457	7.19626	53.86037	-3.5111547	9.313226e-09	-0.00066512777	2.9802322e-08	-4.4655986e-05	0.08863706	-0.05664208	137.8751	-101.57433	0	0	1.0	1.5642087	0.00077869627	2340000	2231.545351743698
78	2.066655	1.6678904	4.637708	-1.5116951	77.25	57.745308	203.0	1.0	1000.0	171888.0	0.07252658227848101	0.17302975	0.41307366	1.5860729	-1.6896787	9.19231	8.434359	54.285034	-5.0685816	-4.656613e-09	-0.000354628	4.8428774e-08	-0.0016225167	0.096737005	-0.06126349	75.52227	-50.097466	0	0	1.0	1.564895	0.00027247652	2370000	2258.515649318695
79	1.5659815	2.5773277	5.710378	-5.128369	58.375	51.647694	222.0	3.0	1000.0	173567.0	0.07231958333333334	0.2023691	0.4107962	1.7875342	-1.6942632	7.3788266	6.2303634	49.92968	-4.14699	-5.5879354e-09	-0.00091247447	-2.9802322e-08	-0.0014573094	0.10626529	-0.07362749	39.480606	-22.124239	0	0	1.0	1.5655974	0.0010312523	2400000	2285.4208414554596
80	1.9864506	1.6876073	5.9837933	-1.0972754	68.25	64.69817	234.0	0.0	1000.0	175590.0	0.07225925925925926	0.1608026	0.38655034	1.7124346	-1.9560987	6.7608514	6.638017	46.38725	-4.769965	-2.7939677e-09	-0.00038844743	-1.4901161e-08	0.000113332586	0.10398242	-0.07121091	45.826424	-25.782974	0	0	1.0	1.5664417	0.0005231619	2430000	2312.5915579795837
81	2.2663124	1.1969764	5.142104	0.29776153	59.75	41.68658	154.0	0.0	1000.0	177649.0	0.0722150406504065	0.19662358	0.3539355	1.8704431	-1.8195759	6.998251	6.8715024	58.602192	-6.128359	-4.656613e-10	-0.0012944115	-1.4901161e-08	-0.00022304803	0.089251734	-0.059133638	47.085793	-26.820526	0	0	1.0	1.5673321	0.001374996	2460000	2339.8570640087128
82	2.0639784	2.1280885	5.9058733	-4.358779	61.125	58.808525	224.0	0.0	1000.0	179626.0	0.07213895582329317	0.21058978	0.3843015	1.6607106	-1.6297611	7.06832	7.103561	41.435646	-3.5848603	-3.7252903e-09	-0.0006102165	-2.2351742e-08	0.0021003326	0.107857004	-0.07830071	37.831192	-19.95042	0	0	1.0	1.5681293	0.0016581271	2490000	2366.9839503765106
83	1.5090393	2.530802	6.0506854	-6.4135113	87.375	102.02361	421.0	0.0	1000.0	182147.0	0.07228055555555556	0.18287274	0.5330036	2.0847044	-2.344222	5.3733125	6.073531	38.34289	-4.057425	-1.3969839e-09	-0.0009855782	4.4703484e-08	-9.037368e-05	0.12667209	-0.09156719	200.50769	-145.59695	0	0	1.0	1.5687838	0.0023856903	2520000	2394.1921825408936
84	1.7391702	2.7816336	6.8722844	-8.423193	81.041664	89.05218	406.0	0.0	1000.0	184552.0	0.07237333333333333	0.1671163	0.4753725	2.131783	-2.191607	7.51894	9.061204	80.64215	-7.114355	6.519258e-09	-0.00013917957	-3.7252903e-09	0.00035994966	0.13113065	-0.08731609	81.87869	-57.07959	0	0	1.0	1.5692296	0.00052681944	2550000	2421.2147359848022
85	2.2682679	1.5279356	4.577518	-2.276051	77.208336	51.070198	201.0	0.0	1000.0	186816.0	0.07240930232558139	0.1826794	0.42905563	1.4897095	-1.6171658	8.991772	8.951891	68.46785	-2.3013158	7.916242e-09	-0.00043274497	4.4703484e-08	0.00090460945	0.101352826	-0.070801646	66.58836	-41.737473	0	0	1.0	1.5694933	0.0008099753	2580000	2448.774519920349
86	1.6640006	1.9659231	5.4077153	-5.1843224	73.458336	37.45551	129.0	0.0	1000.0	188771.0	0.07232605363984675	0.1675542	0.43514353	1.5735888	-2.053077	7.5140553	7.934832	62.297752	-5.7977138	6.519258e-09	-0.0003182534	0.0	-0.00096300896	0.088513404	-0.059351865	41.93726	-22.467888	0	0	1.0	1.5695502	0.0011262378	2610000	2475.7950134277344
87	1.913134	1.8329207	6.9435263	-0.7661666	66.125	51.416042	241.0	0.0	1000.0	191023.0	0.07235719696969697	0.20125541	0.40986913	1.8759798	-1.4291469	7.4401073	6.453347	41.30302	-3.0638556	-9.313226e-09	-0.00021311175	4.4703484e-08	0.0005232543	0.08588849	-0.05623108	61.562973	-38.283897	0	0	1.0	1.5694468	0.0004872108	2640000	2502.85907125473
88	1.2841449	2.9336371	6.4313893	-8.34562	79.958336	70.42163	281.0	0.0	1000.0	193357.0	0.0724183520599251	0.15212043	0.47659755	1.4794891	-2.460954	7.2108116	7.6718445	49.93463	-4.286419	-3.7252903e-09	-0.00092424103	-7.4505806e-08	-0.0015887544	0.12344628	-0.088143386	89.90543	-64.88126	0	0	1.0	1.5693285	0.0015687337	2670000	2529.8081986904144
89	1.680513	1.7000034	6.9928	-0.41265076	45.916668	43.741585	199.0	0.0	1000.0	194837.0	0.07216185185185185	0.15953428	0.4379983	1.5080106	-1.8876625	6.191559	7.3452716	69.84957	-6.098743	-1.8626451e-09	-0.0007869828	7.450581e-09	0.0006175337	0.09257904	-0.0654615	37.543053	-22.035309	0	0	1.0	1.5688723	0.0015374145	2700000	2556.780645608902
90	1.6172671	1.9567308	7.88828	-3.4999678	61.083332	54.07473	216.0	0.0	1000.0	196687.0	0.07204652014652015	0.15279374	0.42789614	1.4071683	-1.6394074	5.9615774	6.631911	48.399242	-3.2563353	7.450581e-09	-0.0005229399	2.2351742e-08	-0.0001354171	0.10979297	-0.07476454	51.479797	-31.146984	0	0	1.0	1.5685254	0.0011272398	2730000	2584.1972665786743
91	1.8111326	2.0870447	6.5814533	-3.233433	42.875	35.62339	122.0	0.0	1000.0	198082.0	0.07176884057971014	0.13544975	0.4465655	1.6101496	-1.9237851	5.8807616	7.427147	58.286777	-4.140682	-6.9849193e-10	-0.008639707	-2.9802322e-08	0.0011621555	0.14813393	-0.09996106	39.764828	-27.359737	0	0	79.0	1.568202	0.0059197373	2760000	2618.462606906891
92	2.908538	1.520008	6.1978254	0.7588509	69.958336	53.06794	194.0	2.0	1000.0	199982.0	0.07167813620071685	0.16317946	0.40447485	1.8009034	-2.559261	5.8172703	6.292421	45.52116	-4.6773853	4.656613e-09	-0.009103427	2.9802322e-08	-0.0018745335	0.08713986	-0.05699248	49.33618	-29.839733	0	0	79.0	1.5646976	0.0053105233	2790000	2652.8752722740173
93	2.7098663	1.6720903	7.8368654	-1.858484	58.25	41.21817	172.0	0.0	1000.0	201811.0	0.07156418439716312	0.26204857	0.37277642	1.4927013	-1.5797122	5.7174993	6.014619	46.87369	-4.290653	-8.381903e-09	-0.009125908	2.9802322e-08	-0.00050482585	0.08446226	-0.054264523	71.473366	-39.370705	0	0	79.0	1.5345943	0.0058707846	2820000	2687.5831427574158
94	2.1986077	1.9027823	6.2415776	-3.014438	62.166668	44.231083	160.0	0.0	1000.0	203730.0	0.07148421052631579	0.24449922	0.42408007	1.7951922	-1.9783529	6.583572	5.7466908	40.004833	-2.2376666	7.450581e-09	-0.0101402905	1.4901161e-08	0.0019672345	0.09409506	-0.06551243	60.669724	-34.317062	0	0	79.0	1.5108361	0.006084436	2850000	2722.067038536072
95	2.5469964	1.3011622	5.2421675	0.30596814	85.291664	65.93398	288.0	6.0	1000.0	206292.0	0.07162916666666666	0.2662782	0.35767415	1.6492825	-1.6942925	7.183043	6.6989527	51.765118	-3.5620978	-2.142042e-08	0.0022301832	-2.9802322e-08	0.0018765964	0.08119628	-0.051770847	70.47971	-47.31247	0	0	11.0	1.5099133	0.009617633	2880000	2750.3619134426117
96	1.718614	2.6759346	6.718165	-4.7161	47.875	35.050335	114.0	0.0	1000.0	207814.0	0.07141374570446736	0.28458083	0.40793675	2.2771628	-1.7792058	7.666649	6.809669	48.682083	-0.9857951	-1.1175871e-08	-0.00045424677	-8.195639e-08	0.00069750845	0.17798743	-0.14211564	48.548378	-33.445213	0	0	1.0	1.5056924	0.0039796997	2910000	2777.4210636615753
97	2.378876	2.2452815	5.714378	-3.7045271	59.25	55.541466	163.0	0.0	1000.0	209693.0	0.07132414965986394	0.20637214	0.4122632	1.5726501	-1.7523911	5.9596715	6.803998	50.92522	-4.188563	1.8626451e-09	-0.0005151646	-2.6077032e-08	0.0009140372	0.11882597	-0.088700324	38.646004	-19.586811	0	0	1.0	1.5047634	0.0011712301	2940000	2804.5443665981293
98	1.5150405	2.2857552	4.637499	-4.4633417	89.583336	77.781166	328.0	0.0	1000.0	212192.0	0.07144511784511784	0.19034456	0.3801669	1.4499626	-1.4452772	7.080672	7.1931868	58.301105	-4.53382	1.8626451e-09	-0.000263331	4.4703484e-08	0.0013019061	0.10705978	-0.08062968	84.22618	-56.928284	0	0	1.0	1.5041144	0.005081993	2970000	2831.786850452423
99	1.7206949	1.8849125	4.810409	-2.315378	55.875	44.34177	159.0	0.0	1000.0	213954.0	0.071318	0.18119808	0.38679293	1.4731706	-1.5771458	6.4855022	7.381891	54.160458	-4.5691404	0.0	-0.00046972977	-1.3038516e-08	0.0016507532	0.14837368	-0.11197284	39.1978	-21.801939	0	0	1.0	1.5037761	0.0031374553	3000000	2858.8394305706024
100	2.5743673	1.6432416	5.3047523	-0.6914786	60.958332	43.839176	147.0	0.0	1000.0	216108.0	0.07132277227722772	0.25302252	0.42061645	1.5393178	-2.150867	7.267719	8.796053	74.88549	-5.370054	-5.5879354e-09	-0.00025068285	-1.8626451e-09	-0.0021134785	0.1080471	-0.0751407	52.13098	-29.812426	0	0	1.0	1.5036027	0.0059398254	3030000	2886.4447691440582
101	2.1382205	1.8840609	5.6412687	-3.235415	95.625	78.168526	308.0	0.0	1000.0	218810.0	0.07150653594771242	0.22991954	0.39933458	1.8771938	-2.183939	8.377243	8.202649	61.870018	-1.5652337	1.3969839e-09	-0.0008524596	-6.3329935e-08	-0.0046683233	0.100369096	-0.06953756	147.87749	-103.87537	0	0	1.0	1.5036862	0.0023496123	3060000	2913.5241408348083
102	2.5198498	1.5942658	7.745141	-0.6852477	83.833336	53.16771	211.0	3.0	1000.0	221093.0	0.07155113268608414	0.18750302	0.4142755	2.2729998	-1.7156701	10.619393	11.665533	86.76542	-5.704385	0.0	-0.0007791901	6.7055225e-08	-0.0026183315	0.11172162	-0.07735577	97.720406	-71.64604	0	0	1.0	1.503845	0.0022398618	3090000	2940.7236754894257
103	2.2048776	3.0947108	7.237964	-7.639489	63.291668	54.01348	215.0	0.0	1000.0	223049.0	0.0714900641025641	0.24901079	0.44585505	1.834114	-2.3534217	7.333142	8.172301	69.61425	-3.836548	0.0	-0.0011756369	5.9604645e-08	0.0013891859	0.13728134	-0.099158466	63.680313	-40.185066	0	0	1.0	1.5040021	0.0021372526	3120000	2967.724672317505
104	2.9549627	1.7817245	6.3523536	0.12342937	56.583332	61.485714	245.0	0.0	1000.0	224884.0	0.07139174603174603	0.24068375	0.39952773	1.9164302	-1.7275665	5.694742	6.529391	60.66604	-3.084346	7.450581e-09	-0.0006353364	1.4901161e-08	-0.00026639528	0.11145009	-0.078930706	43.835396	-20.864431	0	0	1.0	1.5042228	0.0006926646	3150000	2994.862452030182
105	2.7714882	1.1890919	5.2932568	0.51034456	77.625	57.49769	182.0	0.0	1000.0	227330.0	0.0714874213836478	0.2857613	0.3929482	1.933767	-1.7555681	8.383825	7.7775583	70.408585	-2.9342875	-2.6077032e-08	-0.0003781803	-7.450581e-09	-6.5379776e-05	0.07298431	-0.049338132	51.21631	-25.931446	0	0	1.0	1.5045364	0.002333982	3180000	3022.2443013191223
106	2.7573001	2.2428713	6.856922	-3.0481427	59.333332	49.955536	156.0	0.0	1000.0	229124.0	0.07137819314641744	0.30253568	0.33879495	2.1750891	-0.9542283	8.335036	7.0126657	50.971382	-1.7016451	-3.7252903e-09	-0.0015413817	8.195639e-08	-0.0034162682	0.109463066	-0.082031295	42.346745	-23.857868	0	0	1.0	1.5049353	0.0035774559	3210000	3049.4459862709045
107	2.3167775	1.2065938	4.32129	-1.277557	58.541668	60.526154	218.0	0.0	1000.0	230836.0	0.07124567901234567	0.24204004	0.34637854	1.6039389	-1.285323	5.4272604	6.151459	54.47551	-4.120386	-7.450581e-09	-0.0007592249	3.7252903e-08	0.001477783	0.07974102	-0.062258095	61.873585	-40.221672	0	0	1.0	1.5053339	0.0011693002	3240000	3076.42782998085
108	3.1568253	2.033012	7.852932	0.23984559	67.166664	42.85894	167.0	2.0	1000.0	232923.0	0.07123027522935779	0.24266562	0.36363402	1.630588	-1.6152974	6.855146	7.6653132	62.796783	-3.41601	3.7252903e-09	-0.0007491021	-1.8626451e-08	0.0008079782	0.07081021	-0.048603304	51.007683	-32.388134	0	0	1.0	1.5057328	0.0010185472	3270000	3103.7014060020447
109	3.3282852	1.8507462	10.643589	1.0070401	78.833336	55.64595	248.0	2.0	1000.0	235455.0	0.07135	0.27792892	0.3681424	1.621926	-1.2031715	8.648725	7.099375	44.579025	-3.432191	-9.313226e-10	-0.00056447653	-2.6077032e-08	0.0005786717	0.07033758	-0.046080925	53.243168	-26.79057	0	0	1.0	1.506332	0.00092367106	3300000	3130.6772553920746
110	2.0261068	2.489886	6.0472746	-3.65314	64.166664	39.68697	136.0	0.0	1000.0	237405.0	0.0712927927927928	0.38515535	0.4650669	2.2312393	-1.132568	7.029549	6.9269967	56.499874	-3.6894903	2.9802322e-08	-0.0007801666	-1.6763806e-08	-0.000486169	0.26984093	-0.21921924	52.69062	-26.38213	0	0	1.0	1.50681	0.0017864101	3330000	3158.1286351680756
111	2.7586234	1.5408615	5.378051	-0.031141566	74.208336	60.190655	238.0	3.0	1000.0	239586.0	0.07130535714285714	0.24611902	0.44930267	2.3246846	-2.674652	7.1523285	7.127939	58.047436	-3.699082	-3.7252903e-09	-0.0018169273	1.4901161e-08	0.00015590247	0.10459475	-0.07363187	66.53746	-26.864054	0	0	1.0	1.5070295	0.0024109655	3360000	3185.363681793213
112	2.6968715	1.8454332	6.3082957	-1.5557235	71.75	54.527706	261.0	0.0	1000.0	241963.0	0.07137551622418879	0.26865828	0.39176625	2.1950488	-1.5120673	7.9182606	6.6332154	40.243137	-3.7069235	-1.8626451e-09	-0.0007403975	-5.9604645e-08	-0.0001303386	0.109059185	-0.07933233	110.68619	-77.91113	0	0	1.0	1.5072663	0.00054545666	3390000	3212.513881444931
113	3.1385765	2.4690442	9.044754	-0.93517965	62.916668	46.78133	197.0	0.0	1000.0	244105.0	0.07137573099415205	0.22261168	0.37562293	1.6412586	-1.0700445	7.2657027	6.9833465	76.88289	-4.4959264	1.4901161e-08	-0.00094255235	0.0	-9.274855e-05	0.120034784	-0.08558893	49.551018	-25.277416	0	0	1.0	1.507482	0.0007258024	3420000	3239.6302740573883
114	2.1270273	1.6683584	4.851995	-2.2367105	60.25	59.51838	188.0	0.0	1000.0	246570.0	0.0714695652173913	0.29931828	0.40178463	1.9760514	-1.5304669	7.503856	6.8434944	42.45539	-3.424158	-1.6763806e-08	-0.00097058783	0.0	-0.001756534	0.09290485	-0.06719306	110.34663	-83.13823	0	0	1.0	1.5078017	0.0014004805	3450000	3266.655153989792
115	2.6922028	1.8499966	7.031424	-0.77052563	67.416664	55.01736	203.0	1.0	1000.0	248740.0	0.07147701149425287	0.24067739	0.38832766	1.887053	-0.74157286	7.275551	7.5741415	50.291603	-2.531847	-7.450581e-09	-0.0002778112	-1.6763806e-08	0.00042024604	0.087508336	-0.061523844	63.84932	-31.871187	0	0	1.0	1.5078163	0.0004376966	3480000	3294.179545402527
116	2.822986	1.2046295	6.2234473	1.1058079	64.0	66.173386	346.0	0.0	1000.0	250845.0	0.07146581196581196	0.23722771	0.3884348	1.9735997	-0.936538	7.4468594	8.151184	65.294304	-3.3974698	-1.3969839e-09	-0.00032737193	0.0	0.00044611644	0.071790785	-0.049415853	45.59066	-27.898254	0	0	1.0	1.5074723	0.00023215638	3510000	3321.37055683136
117	2.8094509	2.227896	6.101225	-4.100667	68.0	59.014828	229.0	0.0	1000.0	252917.0	0.0714454802259887	0.28046653	0.3617405	1.6710047	-1.1575162	7.39292	7.43325	67.63673	-3.2563581	-1.8626451e-09	-0.0004879306	7.450581e-09	0.00020224601	0.09521194	-0.07151016	70.14686	-40.377502	0	0	1.0	1.5071883	0.0005396792	3540000	3348.4804413318634
118	2.8559468	1.8403056	7.7329044	-0.11128339	80.041664	52.547188	176.0	5.0	1000.0	255498.0	0.07156806722689076	0.2721301	0.39966485	1.9178712	-1.1260519	8.780599	8.071946	49.55938	-2.9850283	-3.7252903e-09	-0.0007579952	4.0978193e-08	-0.00038913346	0.09401271	-0.06913203	94.358665	-46.32372	0	0	1.0	1.5068126	0.0009664359	3570000	3375.5829377174377
119	2.450447	1.2468709	4.9571514	-0.6868639	92.541664	113.17022	568.0	0.0	1000.0	258115.0	0.07169861111111112	0.29155228	0.40510067	1.8601072	-1.8113234	7.989945	8.363313	56.55357	-1.7381332	1.8626451e-09	-0.00053442176	-9.685755e-08	0.00014842488	0.0887707	-0.067592084	89.80022	-63.415874	0	0	1.0	1.5063188	0.00096269196	3600000	3402.9201266765594
120	3.020385	1.4734042	7.649041	0.5513923	65.791664	66.73516	291.0	0.0	1000.0	260161.0	0.07166969696969697	0.23721486	0.338818	1.5876371	-1.0999181	7.6634192	7.791334	81.47357	-3.1511807	7.450581e-09	-0.009596247	-4.4703484e-08	0.00501123	0.07542458	-0.052362546	84.26424	-37.992912	0	0	79.0	1.505801	0.0057209907	3630000	3437.8409583568573
121	2.675378	1.8228544	6.130625	-2.0684927	78.916664	72.59529	294.0	0.0	1000.0	262301.0	0.07166693989071038	0.25342318	0.3824992	1.9181956	-1.0444745	7.3834457	8.016668	58.00837	-2.1481886	1.8626451e-09	-0.009655247	8.195639e-08	-0.0027906862	0.08047128	-0.061332643	66.59344	-44.861244	0	0	79.0	1.4872866	0.0047807796	3660000	3472.473202943802
122	2.6354692	2.5062144	7.454391	-4.3037047	85.208336	77.26469	324.0	0.0	1000.0	264797.0	0.07176070460704607	0.2613232	0.39824495	1.6695892	-1.8394644	7.566474	7.787499	42.617283	-3.4523761	3.7252903e-09	-0.009263151	-3.7252903e-08	0.0041431803	0.16102849	-0.123052344	70.823	-48.147057	0	0	79.0	1.4645383	0.00649668	3690000	3507.0186216831207
123	2.6352208	1.5412003	6.113388	0.39702156	105.583336	71.804665	331.0	2.0	1000.0	267752.0	0.07197634408602151	0.24927035	0.38924032	1.904959	-1.31593	9.356273	8.338587	48.781902	-3.4134367	-1.3969839e-09	-0.0018608856	-7.450581e-09	3.22829e-05	0.09639816	-0.07478291	118.19065	-81.51779	0	0	6.0	1.4324342	0.0012561353	3720000	3534.517266511917
124	2.966177	1.6310266	5.8635736	0.6290148	80.5	60.538555	244.0	2.0	1000.0	269975.0	0.07199333333333334	0.29902077	0.3921026	1.7041638	-1.3757504	8.902804	7.0800962	59.808125	-2.501791	-4.656613e-09	-0.009639596	-2.9802322e-08	-0.00049092434	0.08127426	-0.05625134	56.784164	-36.161743	0	0	79.0	1.4309573	0.005792658	3750000	3569.1997244358063
125	2.7795942	2.0071094	6.305735	-2.9790876	82.208336	71.66239	324.0	0.0	1000.0	272384.0	0.07205925925925925	0.30717343	0.4019612	1.7569401	-1.1524239	7.89136	7.885243	67.79746	-2.4808702	-1.8626451e-09	-0.002269404	1.4901161e-08	-0.0038406737	0.09805651	-0.07436026	96.96776	-62.563644	0	0	10.0	1.4097456	0.0043282416	3780000	3597.807845592499
126	2.8061287	2.278674	6.7245255	-2.3909829	88.541664	79.65341	296.0	0.0	1000.0	274918.0	0.07215695538057743	0.2732244	0.4111067	1.840988	-1.2518017	7.447907	7.657898	82.95913	-1.8731897	-2.9802322e-08	0.0006993188	1.4901161e-08	-0.0008302812	0.10569349	-0.081701785	106.023674	-65.76279	0	0	8.0	1.4069151	0.0073904786	3810000	3625.837803840637
127	2.6127346	1.8698449	5.944311	-1.9242978	90.958336	129.4683	672.0	0.0	1000.0	277475.0	0.07225911458333334	0.2623521	0.41080382	2.390363	-0.91370815	8.995984	8.316513	86.11105	-4.768913	-6.519258e-09	-3.2773707e-05	0.0	0.003551661	0.08362262	-0.061674982	169.61739	-131.79349	0	0	1.0	1.4034803	0.0024967124	3840000	3653.0651376247406
128	2.0874972	1.9905964	6.8487444	-3.338254	62.75	50.18321	179.0	0.0	1000.0	279409.0	0.07219870801033591	0.2103295	0.40639478	1.5107789	-1.197539	7.171155	7.681316	74.626915	-4.6921625	-1.8626451e-08	1.0441523e-05	-3.7252903e-08	0.00096650864	0.094948724	-0.0754423	77.51281	-44.13634	0	0	1.0	1.4029217	0.005682065	3870000	3680.247245788574
129	3.6412475	2.3852715	10.636317	-0.89016354	82.5	62.21669	230.0	10.0	1000.0	281932.0	0.07229025641025641	0.26096353	0.41115612	1.7048877	-1.2724458	8.003345	8.296611	70.07065	-2.2436876	9.313226e-10	-0.00011908356	7.450581e-09	-0.0005807779	0.110890105	-0.08072296	73.12082	-43.073128	0	0	1.0	1.4024957	0.002520632	3900000	3707.2317678928375
130	2.3926706	1.5475705	5.762489	-0.111913264	91.666664	96.99084	458.0	2.0	1000.0	284989.0	0.07251628498727736	0.26475793	0.43187937	1.7032042	-1.8630753	9.436067	9.469681	68.713524	-2.4055777	-1.3038516e-08	-0.00089384784	-8.940697e-08	-0.001278398	0.105642274	-0.08244816	171.52618	-125.51727	0	0	1.0	1.4021409	0.0019393144	3930000	3734.732548236847
131	2.941747	1.9025031	6.377752	-1.1588669	82.208336	82.05789	403.0	0.0	1000.0	287291.0	0.07254823232323232	0.3091512	0.35939124	1.704976	-1.351274	11.092875	13.011302	94.40899	-5.0952497	-1.2572855e-08	-0.0006610891	-7.450581e-09	-0.0018997719	0.09136773	-0.06958778	105.82921	-77.022385	0	0	1.0	1.4019822	0.0015404421	3960000	3761.930015563965
132	3.1853302	2.0046322	10.513666	0.065785885	114.125	107.28362	435.0	0.0	1000.0	290770.0	0.07287468671679198	0.29225835	0.37327382	1.7348616	-1.2726252	7.3216414	6.4333096	47.866463	-2.8125098	9.313226e-09	-0.0011394036	1.4901161e-07	-0.00061223656	0.078251645	-0.057402	182.51588	-139.3032	0	0	1.0	1.4018934	0.0008451418	3990000	3789.1185343265533
133	3.1421826	2.1729262	10.245638	0.15021034	80.541664	64.619385	293.0	0.0	1000.0	292972.0	0.07287860696517413	0.26090926	0.3812106	1.9180859	-1.151688	9.958535	9.444782	74.189644	-3.2835112	-7.450581e-09	0.0003133602	-2.9802322e-08	0.0025286619	0.08025122	-0.05776398	91.7873	-57.19505	0	0	1.0	1.401751	0.0072903633	4020000	3816.2020630836487
134	2.9300144	2.3032274	7.739421	-1.0472138	88.083336	123.25918	516.0	0.0	1000.0	295494.0	0.07296148148148149	0.35885715	0.4631372	2.1799114	-1.1207274	7.1161547	6.6303697	69.06347	-3.0948033	1.4901161e-08	-0.0007435214	1.4156103e-07	6.3236803e-06	0.16072589	-0.12613499	198.01074	-144.33575	0	0	1.0	1.4015421	0.0008147672	4050000	3843.5151975154877
135	2.3255413	1.1200852	4.4736743	-0.6013113	88.458336	60.86801	236.0	0.0	1000.0	298046.0	0.07305049019607843	0.22207451	0.4199758	2.9335897	-1.4586315	8.397954	8.727618	82.28453	-6.621805	-1.1175871e-08	-0.00028082432	-3.7252903e-08	-0.0017339619	0.080871716	-0.06290131	89.080574	-62.272083	0	0	1.0	1.4017012	0.0013310472	4080000	3871.136310338974
136	2.581793	1.9126176	5.539093	-4.499976	43.583332	38.42733	135.0	0.0	1000.0	299824.0	0.07294987834549878	0.2663123	0.42093673	1.9734721	-0.96064997	7.504696	6.999074	63.579803	-5.0921593	8.381903e-09	-0.000669681	-5.5879354e-08	-0.003560328	0.13084552	-0.10447721	65.6969	-38.821014	0	0	1.0	1.4021599	0.002593675	4110000	3898.0459983348846
137	3.5080109	2.2687144	10.737988	0.28932312	81.083336	60.031876	265.0	0.0	1000.0	302109.0	0.0729731884057971	0.2522037	0.38792342	1.7760785	-1.264057	7.7398834	8.405877	56.362743	-8.339575	-2.7939677e-09	-0.0010819866	1.4901161e-08	0.0016247882	0.1305686	-0.106227085	88.5327	-52.839706	0	0	1.0	1.4027247	0.0017043607	4140000	3925.2405982017517
138	2.6760807	2.2503417	6.9027233	-2.437747	80.083336	61.548702	235.0	0.0	1000.0	304455.0	0.07301079136690647	0.30947775	0.42598394	2.3324008	-0.9925882	7.36712	7.477084	65.08062	-4.407072	2.7939677e-09	-0.0004995485	7.450581e-09	-0.000822383	0.13276608	-0.10739464	66.61009	-39.825123	0	0	1.0	1.4033569	0.0004983905	4170000	3952.424141407013
139	2.906951	1.5647663	6.55326	-0.18660803	55.791668	50.635113	172.0	0.0	1000.0	306286.0	0.0729252380952381	0.26945883	0.3980004	1.7683591	-1.6480396	7.362826	6.541759	60.656357	-3.4357817	2.0023435e-08	-9.169534e-05	7.450581e-09	0.00086340867	0.11404929	-0.0887641	62.33847	-39.98687	0	0	1.0	1.4041035	0.0011574228	4200000	3979.8196892738342
