Epoch	AverageEpRet	StdEpRet	MaxEpRet	MinEpRet	AverageEpCost	StdEpCost	MaxEpCost	MinEpCost	EpLen	CumulativeCost	CostRate	AverageVVals	StdVVals	MaxVVals	MinVVals	AverageCostVVals	StdCostVVals	MaxCostVVals	MinCostVVals	LossPi	DeltaLossPi	SurrCost	DeltaSurrCost	LossV	DeltaLossV	LossVC	DeltaLossVC	Penalty	DeltaPenalty	StopIter	Entropy	KL	TotalEnvInteracts	Time
0	1.2813739	2.1158488	6.9338055	-1.3550925	174.08333	114.85242	382.0	0.0	1000.0	5741.0	0.19136666666666666	0.52432084	0.53018695	1.9907062	-1.1355754	-0.37360227	0.12032461	0.111783355	-0.7818786	-2.2351742e-08	0.030182984	-4.4703484e-08	-0.12773745	0.6811049	-0.5765213	592.85565	-331.62775	0.99999994	0.032035768	1.0	1.837877	0.4248784	30000	42.32179355621338
1	0.34075943	1.3547984	4.6304965	-1.4738958	173.95833	105.418015	351.0	0.0	1000.0	11095.0	0.18491666666666667	0.11717772	0.3359222	1.1965474	-1.1526908	16.978756	1.3207046	18.954865	8.881653	0.0	0.015981663	0.0	-0.03966468	0.07402606	-0.014397509	242.33345	-50.180145	1.0320357	0.032720685	1.0	1.8382671	0.1206464	60000	82.68853306770325
2	0.29404706	0.9335576	2.6119301	-1.1132038	109.875	75.70079	265.0	0.0	1000.0	14434.0	0.16037777777777779	0.05268022	0.30464515	1.2377911	-0.7255792	17.631813	6.2096143	27.83249	-0.103824794	3.7252903e-08	-0.00059328973	6.7055225e-08	-0.0074697174	0.042354718	-0.0128118945	172.14215	-41.98908	1.0647564	0.031790614	1.0	1.8384856	0.009671433	90000	123.10444951057434
3	0.6641728	1.7271099	5.8466125	-1.8093828	103.125	79.37165	273.0	0.0	1000.0	17851.0	0.14875833333333333	0.04320085	0.24453892	0.75602907	-0.5675868	11.359644	4.737637	24.323547	-2.958107	-3.7252903e-08	0.001140194	-5.9604645e-08	-0.01756126	0.049655035	-0.0061703054	149.84413	-13.399285	1.096547	0.031374574	1.0	1.838476	0.036379974	120000	164.32318139076233
4	0.8924744	1.1311234	3.054357	-1.4376748	137.16667	79.41277	262.0	0.0	1000.0	21917.0	0.14611333333333335	0.08774922	0.2876998	0.86289674	-0.57651764	13.822504	5.3995104	28.170696	0.80139315	3.4458935e-08	-0.012946392	6.3329935e-08	-0.035868846	0.042936414	-0.013612694	189.6623	-16.246368	1.1279216	0.03236246	2.0	1.8386465	0.024738204	150000	204.87967658042908
5	0.47276106	0.8149046	2.8830347	-0.66676736	155.41667	101.22661	354.0	0.0	1000.0	26482.0	0.1471222222222222	0.061816927	0.1687148	0.6108464	-0.37562475	13.691923	2.7566211	27.975529	7.3878546	-5.2154064e-08	-0.0037034582	-8.940697e-08	-0.03026798	0.028117456	-0.0041820216	226.0576	-33.652203	1.160284	0.03341055	2.0	1.8392775	0.040886093	180000	245.82861256599426
6	0.42768988	0.97156376	2.4919724	-1.3708348	111.583336	104.71027	377.0	0.0	1000.0	29724.0	0.14154285714285714	0.039662298	0.18101925	0.5473596	-0.44005337	13.38525	5.599798	34.319786	-1.5440651	7.450581e-09	-0.006238964	-1.4901161e-08	-0.02664714	0.023862379	-0.00295975	256.5166	-29.600113	1.1936946	0.03344345	2.0	1.8397386	0.027249541	210000	286.37894225120544
7	0.429059	0.83604586	2.7529242	-1.5751084	95.291664	99.40133	317.0	0.0	1000.0	32535.0	0.1355625	0.032619856	0.13234374	0.45753688	-0.30674565	11.934245	6.9215198	40.69603	-0.7546711	1.4901161e-08	-0.0045336615	0.0	-0.022017468	0.020896025	-0.002167414	258.90668	-33.416122	1.227138	0.033096075	2.0	1.8397946	0.022990823	240000	326.89113664627075
8	0.57787615	1.0498078	2.185455	-1.9634105	76.958336	103.31645	452.0	0.0	1000.0	34683.0	0.12845555555555555	0.032749504	0.111627646	0.40703616	-0.2820126	8.551274	5.757387	41.019222	-6.49897	2.9802322e-08	-0.0028581424	5.9604645e-08	-0.028492976	0.029700793	-0.004181672	226.24565	-23.354052	1.2602341	0.032255173	2.0	1.8396177	0.04081385	270000	367.8470048904419
9	0.24602318	1.439587	3.4971938	-1.9363663	41.583332	75.85398	247.0	0.0	1000.0	35998.0	0.11999333333333333	0.025112085	0.07010199	0.3195876	-0.16823986	7.606932	3.9724987	18.106718	-4.07129	1.4901161e-08	-0.002549114	2.9802322e-08	-0.008597432	0.037546515	-0.006543001	158.04024	-27.965137	1.2924893	0.030078053	3.0	1.8392189	0.011045421	300000	408.5610866546631
10	0.24899149	1.2209738	2.3563514	-1.7395585	51.791668	91.333176	391.0	0.0	1000.0	37619.0	0.1139969696969697	0.03308458	0.112971105	0.39633128	-0.21009082	4.558624	3.9470072	13.294442	-6.7307434	6.7055225e-08	-0.005551612	1.2665987e-07	-0.0341347	0.026797323	-0.0022038557	193.25104	-14.620293	1.3225673	0.02858007	2.0	1.8387418	0.050203696	330000	450.31359362602234
11	-0.48448575	1.0582665	2.5179422	-1.8598009	42.375	68.76398	243.0	0.0	1000.0	38842.0	0.10789444444444445	-0.03406101	0.085271	0.33726388	-0.21597032	4.428899	2.3846812	10.829002	-1.6172363	-2.2351742e-08	-0.0038187532	-3.7252903e-08	-0.019072179	0.02564615	-0.005323214	114.66913	-17.623486	1.3511474	0.027000785	4.0	1.8385115	0.025426857	360000	491.6904819011688
12	0.28992856	1.377627	2.8671782	-2.1156895	54.291668	105.35949	435.0	0.0	1000.0	40161.0	0.10297692307692308	0.00069138134	0.11802556	0.5174578	-0.20450427	5.04114	3.472129	16.86742	-2.379181	-2.9802322e-08	-0.0034765173	-5.9604645e-08	-0.024020795	0.03046709	-0.0055841403	168.55501	-13.188286	1.3781482	0.026018143	2.0	1.8382626	0.044566035	390000	533.1059641838074
13	-0.06910217	1.5986915	3.7296264	-1.9733857	25.333334	44.71173	169.0	0.0	1000.0	41116.0	0.09789523809523809	-0.0023241292	0.14538261	0.6013427	-0.23281868	4.2244186	4.3211627	11.951892	-3.5729456	7.450581e-09	-0.0011273059	2.2351742e-08	-0.007549174	0.03465254	-0.006825665	74.32331	-9.354381	1.4041663	0.023730755	2.0	1.8384207	0.016753366	420000	574.3679158687592
14	-0.22304118	1.4284608	2.3755913	-2.6303775	18.416666	39.962395	158.0	0.0	1000.0	41628.0	0.09250666666666667	0.0053848694	0.19918966	1.0356612	-0.33721015	2.6772423	2.648283	11.670384	-1.9915706	1.071021e-08	-0.0018204909	2.0489097e-08	-0.006982382	0.029144147	-0.004188938	31.79595	-7.647156	1.4278971	0.021281838	3.0	1.8386573	0.013368261	450000	616.6811077594757
15	-0.060170133	1.2534664	3.610779	-2.3327222	40.791668	64.43147	235.0	0.0	1000.0	42773.0	0.08911041666666666	-0.014979822	0.18544891	0.85046756	-0.35342744	2.8246624	3.6757312	19.383776	-2.033281	2.9802322e-08	-0.0029673083	0.0	-0.008920172	0.031091426	-0.00482808	77.564026	-10.50795	1.4491789	0.020294428	3.0	1.8388731	0.012009345	480000	659.3476598262787
16	0.54351974	1.6494606	3.6459215	-2.1611214	56.916668	53.23526	148.0	0.0	1000.0	44204.0	0.08667450980392157	0.022952683	0.1938467	0.86586833	-0.40138233	3.7680855	3.0347369	21.31573	-3.7985475	-7.450581e-09	-0.013778829	1.4901161e-08	-0.02646784	0.03938723	-0.006614372	77.500046	-8.711273	1.4694734	0.021070123	19.0	1.8389049	0.013542685	510000	702.1869871616364
17	0.6177216	1.3615357	3.2296953	-2.0657325	57.416668	67.38071	194.0	0.0	1000.0	45665.0	0.08456481481481481	0.0488699	0.2385012	1.0302467	-0.4043716	4.490908	2.7870252	16.816906	-1.7863027	2.9802322e-08	-0.00441231	5.9604645e-08	-0.010125715	0.02700648	-0.0014287855	102.49405	-17.029886	1.4905435	0.02060461	4.0	1.8389952	0.009376353	540000	743.8703198432922
18	0.7996028	1.4498899	3.9102128	-1.9907783	71.208336	62.57061	187.0	0.0	1000.0	47755.0	0.08378070175438597	0.110406496	0.23889396	1.209865	-0.34215856	5.312823	4.425448	26.55808	-2.222291	-6.519258e-08	-0.0039264425	-1.1175871e-07	-0.014199899	0.034584746	-0.0058496427	127.721344	-22.957771	1.5111481	0.021296382	2.0	1.8391416	0.021117307	570000	785.0221168994904
19	0.01083158	1.8685893	4.471621	-2.625015	27.291666	33.204517	118.0	0.0	1000.0	48704.0	0.08117333333333333	0.024339097	0.21864836	1.1758356	-0.45063466	5.24424	4.7195773	29.619623	-3.4506714	1.4901161e-08	-0.0016800715	7.450581e-09	-0.0053925477	0.031943273	-0.0057697473	57.703243	-16.087536	1.5324445	0.01962781	2.0	1.8391893	0.009568779	600000	826.2515709400177
20	0.5749258	1.6619323	5.038536	-1.6536721	36.083332	45.21515	147.0	0.0	1000.0	49733.0	0.07894126984126984	0.04733698	0.25749543	1.2270352	-0.5998232	3.183885	3.861141	28.002607	-1.486188	1.8626451e-08	-0.012846487	2.2351742e-08	-0.023762155	0.033275064	-0.004329337	60.433258	-8.175285	1.5520723	0.019754171	21.0	1.8392777	0.013711965	630000	869.801171541214
21	0.08740512	1.9554403	4.0805535	-2.656907	16.0	44.933285	220.0	0.0	1000.0	50303.0	0.07621666666666667	-0.058500152	0.23345831	1.0967623	-0.58039546	2.3078249	2.5771604	19.01916	-1.6718692	3.7252903e-09	-0.0035251232	-1.3038516e-08	-0.010705842	0.034417704	-0.007522461	44.684433	-11.855211	1.5718265	0.016644835	3.0	1.8396008	0.018101811	660000	911.6880428791046
22	0.3983781	1.4799987	3.4709947	-1.9814565	43.708332	62.90965	228.0	0.0	1000.0	51430.0	0.07453623188405797	0.024001502	0.27635518	1.2579241	-0.4966785	2.6554525	3.489201	24.36528	-2.5822337	2.2351742e-08	-0.0023514223	5.2154064e-08	-0.0063939346	0.03152809	-0.0070754746	92.86909	-21.143255	1.5884713	0.016297817	2.0	1.8399973	0.009597633	690000	953.1080229282379
23	1.0630003	1.6689153	4.7035365	-1.94807	67.375	89.656204	319.0	0.0	1000.0	53387.0	0.07414861111111111	0.0701094	0.25548688	1.2599648	-0.44942746	3.8411527	3.5287588	23.529566	-1.7331859	5.9604645e-08	-0.003672544	1.0430813e-07	-0.012326729	0.031029522	-0.004667728	169.00877	-44.33211	1.6047691	0.0176363	4.0	1.8401552	0.01773338	720000	994.6974189281464
24	1.0022918	1.8591936	4.5878334	-1.5551369	57.375	63.90345	174.0	0.0	1000.0	54912.0	0.073216	0.098926425	0.25102064	1.2110184	-0.42376038	6.7818985	6.815097	36.31774	-2.1297069	2.9802322e-08	-0.008343756	4.4703484e-08	-0.018120596	0.030189268	-0.0002152106	121.46199	-28.360659	1.6224054	0.018225193	5.0	1.8399856	0.017667977	750000	1036.7321908473969
25	1.4052881	1.918212	4.4521375	-1.6768036	71.916664	84.586205	257.0	0.0	1000.0	56871.0	0.07291153846153846	0.17147416	0.28378582	1.4832934	-0.37951607	4.347979	5.1703963	39.512436	-2.1527534	1.1175871e-08	-0.005904086	2.9802322e-08	-0.01785702	0.03516776	-0.007262382	155.05136	-51.678074	1.6406306	0.019429088	2.0	1.8397934	0.025474712	780000	1078.590698480606
26	1.6577677	1.6749226	4.238977	-2.4825861	92.875	90.823235	331.0	0.0	1000.0	59185.0	0.0730679012345679	0.16050619	0.32305264	1.4783949	-0.53217924	8.185666	6.6039176	37.5554	-4.858138	2.9802322e-08	-0.012782049	5.9604645e-08	-0.02653269	0.04121124	-0.006065899	135.46231	-48.72232	1.6600597	0.022082448	5.0	1.8397018	0.019638717	810000	1120.3887209892273
27	0.6201473	1.7382437	4.3273325	-1.778243	43.666668	60.428787	230.0	0.0	1000.0	60485.0	0.07200595238095238	0.057406392	0.29305798	1.4066839	-0.47071818	5.3986506	5.5859723	38.353786	-3.0300634	2.2351742e-08	-0.004641239	2.2351742e-08	-0.015972389	0.025863335	-0.004466464	109.75326	-32.011353	1.6821421	0.021283627	2.0	1.8386928	0.025957279	840000	1162.9711694717407
28	0.8789957	1.9972969	4.1700735	-1.7628461	50.25	83.32729	328.0	0.0	1000.0	61866.0	0.07111034482758621	0.06083147	0.28243697	1.3241695	-0.43059158	3.7055192	5.1201987	38.916252	-4.499196	2.9802322e-08	-0.002478498	2.9802322e-08	-0.014055987	0.027758526	-0.0050081406	124.57243	-32.177948	1.7034258	0.021149158	2.0	1.8382615	0.025906276	870000	1204.8325316905975
29	1.2817454	2.0406115	4.738175	-2.4457128	57.666668	94.967834	374.0	0.0	1000.0	63529.0	0.07058777777777778	0.13351767	0.28611925	1.151358	-0.47576183	5.6750665	5.3205266	43.646553	-4.9466276	0.0	-0.00438462	0.0	-0.01170234	0.026646206	0.010267303	166.86713	-55.020287	1.7245749	0.021500587	2.0	1.8380191	0.01776655	900000	1246.7355260849
30	1.485232	2.6221917	7.702988	-1.7764882	48.291668	68.831604	265.0	0.0	1000.0	64871.0	0.06975376344086022	0.009852018	0.27924898	1.1196495	-0.5766718	4.662927	5.173557	34.69651	-5.499249	-4.4703484e-08	-0.0061551705	-7.4505806e-08	-0.012252189	0.04824613	-0.025214992	129.64075	-47.731167	1.7460755	0.02123928	2.0	1.8379098	0.012078871	930000	1288.5409684181213
31	2.4932954	2.1501458	6.897951	-0.7032802	52.541668	73.43363	214.0	0.0	1000.0	66536.0	0.06930833333333333	0.1669984	0.33782268	1.3128422	-0.50115716	4.813069	5.507447	36.39622	-6.3841467	-2.2351742e-08	-0.0048298286	-5.9604645e-08	-0.040094282	0.039150033	-0.010249058	182.56618	-79.87559	1.7673148	0.021262884	1.0	1.8378968	0.08992463	960000	1330.527860879898
32	1.7963457	2.0013223	5.1727166	-1.7908694	68.208336	81.78323	244.0	0.0	1000.0	68524.0	0.06921616161616162	0.20683534	0.29588845	1.3087437	-0.36822945	6.3952217	8.201078	42.19572	-8.835991	1.4901161e-08	0.002047781	2.9802322e-08	-0.021549333	0.026199896	-0.007263923	175.26192	-83.12768	1.7885777	0.022384882	1.0	1.8381047	0.0683832	990000	1372.2522206306458
33	1.4539686	2.0658233	6.1573524	-2.7893772	81.5	89.75615	305.0	0.0	1000.0	70830.0	0.06944117647058823	0.19296472	0.25147647	1.119963	-0.30726445	7.4202332	8.344011	47.77243	-4.867071	-4.4703484e-08	-0.0049159527	-8.940697e-08	-0.01122693	0.0311	-0.009294149	211.53989	-91.05259	1.8109626	0.024310231	2.0	1.8384708	0.01156123	1020000	1413.6552457809448
34	1.8980365	1.4303334	4.6427093	-0.8065146	91.333336	78.114586	262.0	0.0	1000.0	73799.0	0.0702847619047619	0.18650039	0.25695288	1.0785458	-0.28562248	8.531801	6.954171	42.94499	-4.476101	-1.0430813e-07	-0.014826141	-1.0430813e-07	-0.043328285	0.023008311	-0.004628471	247.2466	-95.473236	1.8352728	0.026596308	2.0	1.8387287	0.05298145	1050000	1455.3216700553894
35	1.5407842	1.8790795	5.340712	-2.2981584	87.416664	109.04048	367.0	0.0	1000.0	76104.0	0.07046666666666666	0.18657349	0.25527698	1.1857909	-0.27693975	9.552031	8.664462	47.412853	-4.632571	0.0	-0.0041231075	1.4901161e-08	-0.027100336	0.029905492	-0.006514435	148.41714	-69.57115	1.8618691	0.028468609	2.0	1.8389547	0.059047192	1080000	1497.0622909069061
36	1.1976337	2.4142754	5.3094406	-3.151092	20.541666	40.466015	138.0	0.0	1000.0	77254.0	0.0695981981981982	0.16309914	0.2634623	1.1723009	-0.35669193	7.564556	8.340379	48.20733	-5.011207	-1.4901161e-08	-0.0013035052	-7.450581e-09	-0.014032053	0.036971986	-0.0133839715	131.49673	-68.55475	1.8903377	0.025645733	1.0	1.8399003	0.033388466	1110000	1538.8431556224823
37	0.41852903	2.2717278	5.892421	-2.1904104	43.125	66.59912	213.0	0.0	1000.0	78289.0	0.06867456140350878	0.040386412	0.27843782	1.1339967	-0.4698223	1.9451822	4.197646	38.131706	-8.357956	2.9802322e-08	-0.0018187715	0.0	-0.017530276	0.02374028	-0.0048123617	113.668045	-46.463917	1.9159834	0.024748445	1.0	1.8404617	0.03912333	1140000	1580.11638879776
38	-0.16128762	2.5986705	7.4721828	-2.936044	21.666666	53.791782	195.0	0.0	1000.0	79032.0	0.06754871794871795	-0.008151408	0.29797772	1.306166	-0.5396572	1.630029	3.7256854	45.13121	-10.557406	0.0	-0.0015443931	-1.1175871e-08	-0.031086002	0.028865803	-0.0063935407	93.53566	-49.34256	1.9407319	0.02238965	1.0	1.8408577	0.07474989	1170000	1621.5189657211304
39	0.3297659	2.6626687	5.6481776	-3.4449544	31.833334	41.58091	120.0	0.0	1000.0	79796.0	0.06649666666666666	0.08611323	0.37862992	1.5301226	-0.61847734	3.535126	5.660179	40.054718	-9.331656	5.2154064e-08	-0.0036112643	7.8231096e-08	-0.014177258	0.033182412	-0.008899731	72.90062	-32.064583	1.9631215	0.020974278	1.0	1.8411565	0.026372388	1200000	1662.6206798553467
40	1.0308638	2.944633	7.6294794	-2.8060775	64.833336	94.57257	307.0	0.0	1000.0	81770.0	0.06647967479674796	0.09194313	0.3722168	1.5023988	-0.6969249	2.8409398	3.7679021	24.532574	-6.949882	-4.4703484e-08	-0.0077196276	-8.940697e-08	-0.015965478	0.037095815	-0.011430715	193.18413	-88.726364	1.9840958	0.022291422	4.0	1.8412797	0.020024616	1230000	1704.6443371772766
41	1.3254598	3.3205998	6.6829267	-3.706811	36.416668	54.483112	174.0	0.0	1000.0	82756.0	0.06567936507936507	0.11004372	0.34454423	1.2972163	-0.5511535	6.1766415	8.082083	41.983692	-4.2179136	9.313226e-09	-0.0024638763	2.6077032e-08	-0.013075562	0.034509756	-0.006954438	92.008934	-48.500153	2.0063872	0.020998001	1.0	1.8404429	0.028542612	1260000	1745.940702676773
42	0.20511824	2.720091	6.1797357	-2.9894557	29.458334	77.261986	279.0	0.0	1000.0	83679.0	0.06486744186046511	-0.033992868	0.3732142	1.2403224	-0.66385317	2.4156797	5.159769	37.18464	-8.117117	-4.4703484e-08	-0.002978852	-8.940697e-08	-0.009914256	0.030744025	-0.0066773905	77.79623	-38.623062	2.0273852	0.01957035	2.0	1.8400638	0.018649511	1290000	1787.7578101158142
43	0.7098257	2.8391964	6.3289022	-3.1706986	23.875	41.664646	168.0	0.0	1000.0	84289.0	0.06385530303030303	0.023200156	0.37747154	1.3288711	-0.6510712	3.4055462	6.693583	35.60114	-7.5810833	-3.7252903e-09	-0.004839547	3.7252903e-09	-0.013440007	0.03246928	-0.007899286	70.93521	-39.610184	2.0469556	0.01781416	3.0	1.8393986	0.019609552	1320000	1829.2051401138306
44	0.23757243	2.4063523	8.003112	-2.8820932	24.833334	36.61815	133.0	0.0	1000.0	85088.0	0.06302814814814815	0.04288373	0.34597346	1.2400855	-0.62332845	2.6537547	4.2826304	29.778288	-4.580595	-3.3527613e-08	-0.004152259	-4.8428774e-08	-0.009884139	0.028447855	-0.0062451023	50.140297	-17.834217	2.0647697	0.016385794	6.0	1.838932	0.012481697	1350000	1870.8558764457703
45	1.0693837	3.3563495	7.8803067	-3.8629096	45.125	66.53528	249.0	0.0	1000.0	86171.0	0.06244275362318841	0.08660488	0.38786688	1.3342553	-0.69315577	2.9591234	3.9336379	22.776989	-5.206906	-5.9604645e-08	-0.005396086	-7.4505806e-08	-0.012163166	0.026549654	-0.0026031635	115.70446	-40.155487	2.0811555	0.016377687	2.0	1.8380857	0.014308833	1380000	1912.6603598594666
46	-0.2503216	2.7483742	7.647145	-3.1265197	19.416666	35.100945	127.0	0.0	1000.0	86637.0	0.06144468085106383	-0.022247937	0.33275843	1.4294474	-0.57200354	2.2480423	4.174037	27.220924	-6.1992016	2.7008355e-08	-0.002814076	5.2154064e-08	-0.005260162	0.027319144	-0.0058501395	44.60467	-20.703876	2.0975332	0.014487028	2.0	1.8372171	0.007964454	1410000	1953.6717007160187
47	-0.108037554	2.4892414	6.490387	-2.9027283	12.583333	32.181667	146.0	0.0	1000.0	87447.0	0.060727083333333334	-0.017099353	0.33902696	1.3437275	-0.6643267	1.4974601	3.1498241	21.369402	-5.9610176	-2.2351742e-08	-0.0059921555	-2.9802322e-08	-0.0146965105	0.025740346	-0.0057275873	88.49797	-31.337746	2.1120203	0.012210846	3.0	1.8364756	0.025384534	1440000	1994.7736613750458
48	0.3260283	2.5528412	5.9836836	-2.8588967	33.541668	65.068535	256.0	0.0	1000.0	88472.0	0.06018503401360544	0.005678362	0.35028714	1.3125896	-0.7073884	3.2891026	5.64707	26.990494	-5.076669	1.1175871e-08	-0.002848573	2.6077032e-08	-0.0110875415	0.02844993	-0.0075267754	102.02133	-49.29854	2.124231	0.011785269	2.0	1.8359567	0.025535163	1470000	2035.9925870895386
49	1.2534688	3.8335044	9.4357605	-3.2335167	17.541666	39.07896	173.0	0.0	1000.0	89044.0	0.05936266666666667	0.11075453	0.41346547	1.4625605	-0.6867208	3.8021731	5.646413	28.780107	-8.910861	3.7252903e-08	-0.0013991962	3.7252903e-08	-0.006015329	0.03490373	-0.008003873	54.58737	-28.41366	2.1360164	0.010095358	2.0	1.8355926	0.016824922	1500000	2077.229385614395
50	-0.067075215	2.6329887	6.6927857	-2.9689882	12.791667	40.699078	151.0	0.0	1000.0	89455.0	0.05846732026143791	3.6621095e-05	0.3714047	1.4581823	-0.67129016	1.449239	2.9635563	26.165466	-6.3025885	-7.450581e-09	-0.0016338321	-3.7252903e-09	-0.006118615	0.022983745	-0.00621729	36.990482	-14.191348	2.1461117	0.008140802	2.0	1.8353214	0.016853996	1530000	2118.7659137248993
51	0.16786218	3.099904	7.601973	-2.7919602	11.666667	23.529533	94.0	0.0	1000.0	89898.0	0.057626923076923076	0.022405347	0.41194698	1.4533826	-0.6662612	1.19053	2.7626312	23.325678	-9.516005	-1.6763806e-08	-0.0010349079	-1.8626451e-08	-0.009282352	0.022082709	-0.004977817	32.57383	-19.164686	2.1542525	0.006216049	1.0	1.834922	0.027709467	1560000	2159.9280898571014
52	2.173485	3.2200406	7.6736903	-2.2228394	46.625	60.527412	192.0	0.0	1000.0	91292.0	0.05741635220125786	0.19627252	0.450383	1.4577544	-0.5662537	2.3468575	4.6085386	43.60634	-11.674326	2.9802322e-08	-0.0027469127	2.9802322e-08	-0.01705254	0.031456783	-0.0076810243	111.53117	-51.23288	2.1604686	0.0075438023	1.0	1.8346541	0.040032096	1590000	2201.1027171611786
53	1.6467448	3.145786	7.9887333	-2.4974546	27.541666	41.251244	163.0	0.0	1000.0	91953.0	0.05676111111111111	0.16438732	0.43401772	1.6000831	-0.56791013	3.807829	5.315463	31.736872	-9.074493	3.7252903e-08	-0.0024742158	7.4505806e-08	-0.00352534	0.027716614	-0.0101389745	49.88085	-26.412327	2.1680124	0.007139683	2.0	1.8342228	0.0036047637	1620000	2242.5496180057526
54	1.8752432	2.9362686	10.285042	-1.8206646	41.458332	54.44032	154.0	0.0	1000.0	93162.0	0.05646181818181818	0.14685018	0.3814971	1.3438569	-0.63645464	2.3181443	3.7783108	24.47268	-10.517601	4.4703484e-08	-0.0020914355	6.7055225e-08	-0.0029484187	0.03430603	-0.012002471	73.8029	-38.81044	2.175152	0.007951736	2.0	1.8337092	0.0030146246	1650000	2283.8879914283752
55	2.0674102	3.0940986	8.026535	-2.4834743	47.25	63.45093	197.0	0.0	1000.0	94296.0	0.05612857142857143	0.1867933	0.40887788	1.5127419	-0.516395	4.352155	5.6489563	32.000633	-5.770565	-4.8428774e-08	-0.0025241205	-5.9604645e-08	-0.004132758	0.026395876	-0.005769877	76.8879	-36.57196	2.1831038	0.009217024	2.0	1.833383	0.005080123	1680000	2325.7251381874084
56	3.2779953	3.0952744	8.052507	-2.0344377	47.166668	55.857456	217.0	0.0	1000.0	95639.0	0.05592923976608187	0.27036893	0.4298695	1.4536653	-0.46086007	4.7285833	5.9300795	36.86558	-7.449177	-1.8626451e-08	-0.00095042866	-2.9802322e-08	-0.009648853	0.033610664	-0.006428711	92.63611	-47.59532	2.1923208	0.010338068	1.0	1.8331177	0.02906936	1710000	2367.1558470726013
57	1.6852585	2.9200122	6.7267194	-2.6429875	37.125	57.86645	237.0	0.0	1000.0	96732.0	0.05559310344827586	0.18592972	0.37971902	1.600432	-0.4675473	3.607414	5.5635347	37.702972	-6.6705503	1.4901161e-08	-0.0030135252	0.0	-0.018108785	0.023162272	-0.006261947	95.826485	-44.364697	2.202659	0.010513306	1.0	1.833143	0.039886165	1740000	2408.569008588791
58	1.9716638	2.8498428	6.5089965	-1.7852633	40.583332	58.70684	195.0	0.0	1000.0	97942.0	0.05533446327683616	0.19798346	0.40663514	1.4549934	-0.46230784	3.5466073	4.179546	38.320232	-5.7287073	-2.6077032e-08	-0.0029743072	-3.7252903e-08	-0.019561542	0.025007715	-0.0039756233	84.289925	-43.98539	2.2131722	0.011009693	1.0	1.8328981	0.047077473	1770000	2449.8037939071655
59	1.9277023	3.2292116	7.7561474	-2.185844	35.583332	50.2236	176.0	0.0	1000.0	99085.0	0.05504722222222222	0.16589618	0.42264864	1.5232933	-0.46457025	4.528399	7.883832	56.184647	-5.820559	2.6077032e-08	-0.0029253913	3.3527613e-08	-0.0048589073	0.025184235	-0.005707185	109.18724	-54.080643	2.224182	0.011101961	3.0	1.832663	0.009067997	1800000	2491.0448639392853
60	2.5432215	2.9500484	7.5880823	-1.9447536	51.708332	71.65222	259.0	0.0	1000.0	100500.0	0.05491803278688524	0.2585026	0.43410203	1.5043765	-0.44500816	4.3083897	5.2142644	34.76088	-9.353314	0.0	-0.005797012	-1.4901161e-08	-0.016387442	0.030340437	-0.0077232607	105.387695	-53.643143	2.2352839	0.012513161	2.0	1.8324132	0.026260719	1830000	2532.7036736011505
61	2.4927015	3.2163627	8.335371	-2.6066005	56.666668	52.702522	176.0	0.0	1000.0	101991.0	0.054833870967741935	0.25308463	0.39857665	1.4553596	-0.4318188	5.1402807	5.4056225	39.826687	-4.658104	3.4458935e-08	-0.005143895	5.029142e-08	-0.019048002	0.023596555	-0.0060198833	123.0483	-59.64299	2.247797	0.014286518	1.0	1.8327851	0.03457485	1860000	2573.701858520508
62	3.9216728	3.1800044	10.664952	-2.0050027	58.375	76.07114	318.0	0.0	1000.0	103639.0	0.05483544973544974	0.32235962	0.4266153	1.3475118	-0.48071265	5.563208	6.452073	43.787064	-9.3561735	0.0	-0.005444877	5.9604645e-08	-0.025166094	0.033671696	-0.008650652	178.65025	-73.54483	2.2620835	0.016173601	2.0	1.8332448	0.05984696	1890000	2614.700974225998
63	3.0695293	2.333527	7.1494336	-0.78757834	54.583332	62.640457	210.0	0.0	1000.0	105065.0	0.054721354166666666	0.2539715	0.41079342	1.581287	-0.4317395	4.9470353	4.9705753	34.546764	-6.6508036	0.0	-0.001869435	-1.4901161e-08	-0.017346267	0.02378012	-0.0066144234	115.183426	-60.91826	2.2782571	0.017457485	1.0	1.8335919	0.053912517	1920000	2655.978083372116
64	2.508699	3.026489	7.4498134	-1.9421536	45.208332	61.477623	196.0	0.0	1000.0	106661.0	0.05469794871794872	0.26188776	0.38128552	1.4475993	-0.37896776	5.9927306	7.442439	39.190845	-7.758218	-4.4703484e-08	-0.007459024	-2.9802322e-08	-0.017804567	0.020076646	-0.004656627	132.90276	-65.79068	2.2957146	0.017873764	2.0	1.8336709	0.025309514	1950000	2697.1857652664185
65	4.01064	2.6244197	8.118472	-1.61115	56.125	71.11043	212.0	0.0	1000.0	108261.0	0.05467727272727273	0.36344898	0.40264586	1.5277973	-0.3901778	6.4956083	6.9052773	36.683807	-11.454461	4.0978193e-08	-0.010984681	4.8428774e-08	-0.054526936	0.025595233	-0.0045137256	146.22572	-76.9969	2.3135884	0.019177914	1.0	1.8335793	0.15347138	1980000	2738.694393634796
66	3.0353804	2.1864033	6.0611167	-1.5672691	53.375	75.021	268.0	0.0	1000.0	109743.0	0.05459850746268657	0.34359398	0.3992435	1.4779016	-0.3577249	4.283249	6.558379	46.93063	-12.48921	1.4901161e-08	0.000180264	0.0	-0.015601693	0.019236982	-0.007560426	153.88663	-91.05571	2.3327663	0.020183325	1.0	1.83364	0.05289177	2010000	2779.665893793106
67	1.4170054	2.8091836	7.1869435	-2.0840788	14.791667	29.891441	93.0	0.0	1000.0	110356.0	0.05409607843137255	0.16610679	0.37480953	1.3990648	-0.39649448	4.5135126	7.598274	45.606594	-13.364434	-1.4901161e-08	-0.0006476166	-7.450581e-09	-0.018317249	0.01870268	-0.004441619	77.90013	-56.52061	2.3529496	0.017347813	1.0	1.8338246	0.06528159	2040000	2821.065232038498
68	2.7210405	2.6157815	7.7670903	-2.2260559	56.416668	68.51941	255.0	0.0	1000.0	111917.0	0.054066183574879224	0.24904098	0.38933223	1.6431917	-0.4864256	2.2671502	4.1172915	23.522268	-12.179966	3.7252903e-09	-3.5028672e-05	0.0	-0.004440039	0.025118139	-0.008684715	148.4487	-78.1403	2.3702974	0.018819094	1.0	1.8341343	0.019938944	2070000	2862.3699431419373
69	2.4846258	2.6647608	8.033479	-1.9148817	50.875	67.55079	181.0	0.0	1000.0	113272.0	0.053939047619047616	0.22884972	0.36734933	1.5210557	-0.39591447	4.273756	5.910143	42.935165	-8.891674	-4.4703484e-08	-0.0030437992	-5.9604645e-08	-0.011890709	0.020204242	-0.0037663304	109.30954	-68.54312	2.3891165	0.019716978	2.0	1.8344595	0.028432738	2100000	2903.4519381523132
70	1.5806884	2.776297	6.5193567	-2.015115	22.041666	45.00785	186.0	0.0	1000.0	114160.0	0.053596244131455396	0.14477842	0.36941406	1.4704175	-0.38627827	2.9657085	5.426683	43.942356	-9.806717	0.0	-0.004190216	0.0	-0.0074878503	0.016977409	-0.004110658	77.601135	-36.571983	2.4088335	0.017629862	2.0	1.835139	0.010560419	2130000	2944.9483730793
71	2.0669773	2.7627962	6.2353683	-1.661688	49.333332	75.14412	311.0	0.0	1000.0	115581.0	0.05350972222222222	0.22548649	0.38666472	1.4187737	-0.44661152	4.336431	5.8536086	40.636436	-11.175275	3.7252903e-09	-0.013010961	0.0	-0.02619262	0.017881699	-0.004790442	134.68933	-60.991516	2.4264634	0.018467665	2.0	1.8355519	0.029257677	2160000	2986.1681356430054
72	1.9420986	3.0324447	8.505107	-1.8308935	28.916666	64.304565	290.0	0.0	1000.0	116385.0	0.05314383561643836	0.21432285	0.39724964	1.5329915	-0.37287688	3.6585135	6.4928017	50.033543	-9.084217	-3.7252903e-09	0.002936842	0.0	-0.0031466484	0.015240149	-0.0034461862	61.037663	-36.905426	2.444931	0.017183065	2.0	1.8354802	0.02573825	2190000	3027.4891538619995
73	2.5040941	2.5504742	7.750829	-1.4558514	21.583334	39.899788	152.0	0.0	1000.0	116917.0	0.05266531531531531	0.2752606	0.37478563	1.4447447	-0.3750823	2.3063464	4.678586	54.576733	-8.540501	-2.9802322e-08	-0.0012900755	-1.4901161e-08	-0.0056840386	0.016211826	-0.0026372154	57.799175	-30.89051	2.462114	0.015171051	1.0	1.8350949	0.017987791	2220000	3068.8082695007324
74	3.1962261	3.0011287	8.5437565	-1.3359039	30.333334	48.72685	141.0	0.0	1000.0	117691.0	0.05230711111111111	0.24938013	0.37991425	1.5240233	-0.56376386	2.2095957	3.738364	25.893248	-5.528901	2.6077032e-08	-0.0065933294	2.9802322e-08	-0.014915805	0.01879919	-0.0036825868	62.807846	-34.50524	2.4772851	0.014400244	2.0	1.8347099	0.026638765	2250000	3110.79030418396
75	2.4775276	2.3981428	7.3292217	-1.6059189	74.958336	80.21298	246.0	0.0	1000.0	119982.0	0.052623684210526316	0.27443415	0.34720835	1.5142878	-0.34521592	5.398752	6.2168064	42.088158	-9.284108	-7.450581e-09	-0.0033808332	-7.450581e-09	-0.021674344	0.011635819	-0.0026521499	211.25972	-90.82948	2.4916854	0.01810193	1.0	1.8341863	0.06602888	2280000	3153.18044090271
76	3.0768852	2.995461	9.259782	-1.5944558	58.708332	76.090126	270.0	0.0	1000.0	121481.0	0.05258917748917749	0.23986615	0.3707938	1.56135	-0.37422132	6.14118	8.180225	45.873978	-8.241588	-4.4703484e-08	-0.0043112934	-5.9604645e-08	-0.020047998	0.027982479	-0.0072446996	107.54758	-53.873363	2.5097873	0.019975662	2.0	1.8338223	0.057108972	2310000	3194.8255009651184
77	3.6221492	2.7303035	7.807848	-1.4836855	28.083334	52.38871	192.0	0.0	1000.0	122840.0	0.052495726495726494	0.35779187	0.40039682	1.4860464	-0.34492403	4.4872503	6.5412073	47.159996	-9.830026	2.9802322e-08	-0.004890101	2.2351742e-08	-0.04421267	0.021008898	-0.004116369	114.743805	-59.202717	2.529763	0.018434286	1.0	1.8340573	0.15911746	2340000	3236.0776302814484
78	2.2078419	2.5581434	7.2282557	-1.2481167	34.416668	55.20939	171.0	0.0	1000.0	124204.0	0.05240675105485232	0.25909403	0.39650556	1.5629781	-0.3259037	3.7778723	6.6722665	40.65166	-12.421245	0.0	0.002799307	0.0	-0.012745283	0.02102656	-0.009727253	132.71765	-78.21346	2.5481973	0.017763376	1.0	1.8343091	0.053875096	2370000	3277.386905193329
79	3.1186445	1.9177909	7.354811	-0.9201363	107.333336	117.76377	402.0	0.0	1000.0	127314.0	0.0530475	0.3246291	0.32414463	1.3272166	-0.2247269	10.3059845	12.171671	59.514862	-9.760205	-6.7055225e-08	-0.008563059	-4.4703484e-08	-0.032621734	0.0121728275	-0.004274812	334.71753	-182.31755	2.5659606	0.024370193	1.0	1.8345448	0.07568745	2400000	3321.0599689483643
80	2.3129804	2.662362	7.724754	-1.3196987	29.583334	61.040913	252.0	0.0	1000.0	128050.0	0.05269547325102881	0.2351514	0.3253992	1.434598	-0.3030643	7.640403	10.330996	55.82884	-13.843864	6.7055225e-08	-0.0016711368	7.4505806e-08	-0.008447475	0.014211537	-0.0053725294	174.71812	-104.21275	2.5903308	0.022597075	1.0	1.8347437	0.028839432	2430000	3362.594324827194
81	1.7815245	2.514175	6.506411	-1.3745984	63.791668	105.95518	380.0	0.0	1000.0	130031.0	0.052858130081300816	0.22887175	0.3295871	1.4670154	-0.30978692	3.3807437	4.4819446	24.465208	-4.340767	8.195639e-08	-0.0040848553	1.3411045e-07	-0.014780663	0.012136113	-0.003101558	228.3449	-105.24138	2.612928	0.024571419	2.0	1.8347924	0.04031817	2460000	3404.1206753253937
82	1.9567761	2.6303463	9.24319	-1.5154858	32.375	55.98944	229.0	0.0	1000.0	130936.0	0.052584738955823294	0.20612806	0.34325218	1.5527279	-0.30732003	5.979824	6.412863	45.018166	-7.369381	1.4901161e-08	-0.0020609656	2.2351742e-08	-0.0040581855	0.01528798	-0.0043015354	82.235214	-50.47244	2.6374993	0.023061514	2.0	1.8346659	0.011036487	2490000	3445.509536743164
83	2.3342133	2.7230706	7.5405035	-1.8627753	28.0	55.38276	207.0	0.0	1000.0	131907.0	0.052344047619047616	0.25914747	0.36202946	1.8247114	-0.340676	3.9482305	6.529608	50.205353	-8.5939665	-2.9802322e-08	-0.008633941	-3.7252903e-08	-0.018448204	0.021278426	-0.007736406	97.062805	-42.430428	2.6605608	0.0213418	4.0	1.8344216	0.025732469	2520000	3486.94922542572
84	3.699033	1.7899826	7.07813	-0.24205035	82.583336	97.62338	345.0	0.0	1000.0	134302.0	0.052667450980392154	0.41509432	0.37781563	1.6638225	-0.2563057	3.5177834	4.9676647	46.054504	-9.020462	5.2154064e-08	-0.0029797591	4.4703484e-08	-0.009143157	0.023473209	-0.011947014	251.24509	-129.77148	2.6819026	0.02521491	2.0	1.833256	0.02624736	2550000	3528.2090384960175
85	3.2590764	2.2845857	6.4973555	-0.3665054	35.333332	60.734856	248.0	0.0	1000.0	135577.0	0.05254922480620155	0.35519966	0.32891902	1.5562855	-0.34340554	5.644574	6.752004	56.819096	-6.628265	-3.7252903e-08	-0.009834417	-5.2154064e-08	-0.016075172	0.015688822	-0.002791983	135.04208	-54.327244	2.7071176	0.023977995	2.0	1.8326021	0.021768756	2580000	3570.432368040085
86	2.5556805	2.4998345	6.595393	-1.6457483	39.458332	52.428505	186.0	0.0	1000.0	136824.0	0.05242298850574713	0.26436642	0.36883998	1.5693213	-0.31686217	3.623608	6.482328	44.158222	-10.299309	1.4901161e-08	-0.004841229	2.9802322e-08	-0.021773456	0.026572416	-0.0077362885	82.06549	-40.606377	2.7310956	0.023331404	2.0	1.8321211	0.07010207	2610000	3611.7011942863464
87	5.185281	3.1461968	10.301059	-1.3891444	64.458336	61.50744	186.0	0.0	1000.0	138457.0	0.05244583333333333	0.41985494	0.3995524	1.7070699	-0.36069068	5.795537	8.124664	59.01512	-7.9546604	-2.2351742e-08	-0.0035952553	-2.9802322e-08	-0.025262522	0.034297056	-0.013535375	123.16386	-54.295406	2.754427	0.025335312	1.0	1.831456	0.07471791	2640000	3652.997927427292
88	2.5580947	3.4247873	7.601825	-2.0962079	55.916668	74.93103	282.0	0.0	1000.0	140256.0	0.052530337078651686	0.3076422	0.44074756	1.7075223	-0.44838983	4.305727	5.109864	37.42569	-10.927465	-4.4703484e-08	-0.004740741	-2.9802322e-08	-0.023452986	0.03134703	-0.012176702	109.40585	-53.946606	2.7797623	0.026316166	1.0	1.831007	0.061182614	2670000	3694.1292567253113
89	3.2154891	3.2110572	9.097951	-1.5852076	64.791664	57.633167	214.0	0.0	1000.0	142233.0	0.052678888888888886	0.35729405	0.43675843	1.6380994	-0.49852043	5.6523275	6.97672	47.297028	-8.636305	0.0	-0.009828742	1.4901161e-08	-0.032406393	0.028583512	-0.009496806	92.69774	-39.427673	2.8060784	0.02813363	1.0	1.8307108	0.0788773	2700000	3735.1699180603027
90	2.3823345	2.5660243	8.20312	-1.6242154	50.458332	60.629326	174.0	0.0	1000.0	143710.0	0.05264102564102564	0.29159024	0.41056156	1.8375363	-0.48199168	5.5299425	6.405821	40.302387	-5.411766	-5.2154064e-08	-0.00015482679	-8.195639e-08	-0.005943482	0.03284859	-0.018515877	69.05922	-25.357433	2.834212	0.028410196	3.0	1.8305625	0.028422303	2730000	3776.671329021454
91	1.4752241	2.4230983	5.792532	-1.6358285	58.875	70.87801	274.0	0.0	1000.0	145328.0	0.05265507246376812	0.15068945	0.3452045	1.6548016	-0.4623842	5.1225896	6.5255823	45.585815	-1.8911614	-1.8626451e-08	-0.0057147695	-1.4901161e-08	-0.011019504	0.016935337	-0.006218522	64.65448	-31.728035	2.8626223	0.029475212	5.0	1.8303757	0.013601432	2760000	3817.9910881519318
92	1.3790647	2.1324663	6.7944093	-1.7152532	36.583332	41.186485	122.0	0.0	1000.0	146426.0	0.052482437275985665	0.19443715	0.3841747	1.7635652	-0.5131516	4.373051	6.2306404	61.425213	-5.3707914	1.4901161e-08	-0.00068717403	1.4901161e-08	-0.010811985	0.02830725	-0.011746112	39.595604	-17.83054	2.8920975	0.02781272	1.0	1.830472	0.044901032	2790000	3859.144551038742
93	1.3324032	2.1924937	6.65232	-1.0729457	42.708332	58.945934	261.0	0.0	1000.0	147833.0	0.052423049645390074	0.17056066	0.3998905	1.9789964	-0.5715277	3.789963	5.2315836	39.05236	-5.4527206	-2.2351742e-08	-0.0042106546	-1.4901161e-08	-0.010533886	0.023176214	-0.011920372	78.5125	-37.82287	2.9199102	0.027229786	2.0	1.8307393	0.026141662	2820000	3900.2167115211487
94	2.5501266	2.8374982	8.363333	-1.429887	55.583332	72.607346	275.0	0.0	1000.0	149169.0	0.05234	0.20149517	0.3844955	1.6069434	-0.51661575	4.216859	6.0566835	53.369823	-6.6873207	3.7252903e-08	0.00023245066	4.4703484e-08	-0.0074324645	0.02881745	-0.011427196	70.163185	-36.110104	2.94714	0.028018713	1.0	1.8313497	0.03428229	2850000	3941.4482769966125
95	1.6458513	3.0383809	9.334108	-2.5486052	45.333332	63.27695	232.0	0.0	1000.0	150560.0	0.05227777777777778	0.1853611	0.37744004	1.6759605	-0.45963737	5.871495	8.013513	41.720978	-2.748056	2.9802322e-08	-0.0028489535	4.0978193e-08	-0.014292455	0.021813031	-0.006777304	67.7045	-39.431713	2.9751587	0.02767229	1.0	1.8317004	0.04120932	2880000	3982.712533712387
96	0.9881757	2.2832649	5.075821	-2.289368	42.458332	56.424713	195.0	0.0	1000.0	151721.0	0.05213780068728523	0.1722762	0.39102802	1.7073351	-0.48385307	3.8687513	6.0725	45.35146	-2.0857763	1.4901161e-08	-0.0028783032	2.2351742e-08	-0.012516147	0.023533149	-0.011249129	48.950287	-23.938263	3.002831	0.027090788	2.0	1.8319494	0.038991768	2910000	4024.142115354538
97	2.4052317	3.1756797	7.427353	-2.1176255	26.375	35.305584	130.0	0.0	1000.0	152548.0	0.051887074829931976	0.19216657	0.3921557	1.747778	-0.5339596	3.0299456	4.2990203	38.341747	-3.8296552	-3.7252903e-08	0.00073962985	-4.8428774e-08	-0.011519987	0.03378636	-0.014081073	36.631233	-15.936903	3.0299218	0.024672031	1.0	1.8321319	0.05279772	2940000	4065.459797859192
98	0.5085493	2.646267	6.094307	-2.4408906	35.333332	47.99971	152.0	0.0	1000.0	153753.0	0.05176868686868687	0.09179806	0.35883045	1.6160551	-0.61305344	2.7126725	4.2481575	33.094696	-3.2636008	-5.029142e-08	-0.0018020165	-6.3329935e-08	-0.014451641	0.025569795	-0.0112893265	65.53093	-34.480106	3.0545938	0.023548841	1.0	1.832129	0.046827264	2970000	4106.515714168549
99	1.7656746	3.05775	8.13423	-2.2967553	18.875	28.419935	104.0	0.0	1000.0	154466.0	0.05148866666666667	0.12909815	0.42016652	1.6023772	-0.58675075	4.2190313	7.3807597	55.872173	-4.97303	4.0978193e-08	-0.004278603	8.195639e-08	-0.010309909	0.02623785	-0.007918531	65.70334	-43.437904	3.0781426	0.020682812	2.0	1.8321921	0.020907162	3000000	4147.939352750778
100	0.975938	3.039706	9.047195	-2.6823175	32.958332	50.412865	168.0	0.0	1000.0	155408.0	0.05128976897689769	0.12822725	0.40444666	1.904433	-0.5737425	2.687737	5.5818424	53.602524	-5.1707654	-1.4901161e-08	-0.005304179	-1.4901161e-08	-0.023120195	0.027470186	-0.010965116	86.409134	-47.16767	3.0988255	0.019699097	2.0	1.8323053	0.071384	3030000	4189.966417789459
101	-0.28331575	2.3454757	5.5388694	-2.8474963	29.208334	47.951347	174.0	0.0	1000.0	156441.0	0.05112450980392157	0.046838164	0.39638785	1.7356706	-0.67970306	3.72197	7.329214	51.1082	-4.356966	-7.450581e-09	-0.0074130986	-3.7252903e-09	-0.020055586	0.03001994	-0.015853899	78.54872	-47.203274	3.1185246	0.018368006	2.0	1.8318994	0.0463939	3060000	4231.131568908691
102	0.3478833	3.4259253	9.077299	-3.0430348	15.958333	38.889244	180.0	0.0	1000.0	157012.0	0.05081294498381877	0.0525548	0.4083561	1.5350155	-0.664946	2.292525	4.202856	32.301197	-5.45081	7.450581e-09	-0.002790228	1.4901161e-08	-0.00712402	0.025025811	-0.011043705	40.866974	-19.818481	3.1368926	0.015655756	4.0	1.8316118	0.019224279	3090000	4272.710631608963
103	0.4840215	2.5493767	4.381062	-2.9258826	11.458333	28.811134	102.0	0.0	1000.0	157439.0	0.05046121794871795	0.049540877	0.41245374	1.7286593	-0.6877839	2.1134822	5.519727	50.176445	-6.323085	2.9802322e-08	-0.0052290997	2.9802322e-08	-0.01000129	0.020361317	-0.0072057475	48.787666	-26.188898	3.1525483	0.01244235	2.0	1.8312702	0.019179866	3120000	4314.334775924683
104	1.6274294	3.531518	9.083461	-2.201913	33.708332	68.779526	297.0	0.0	1000.0	158367.0	0.050275238095238095	0.08952677	0.4251422	1.5705609	-0.7242304	1.9468453	3.1754422	23.03108	-9.593566	-1.4901161e-08	-0.0037503373	-2.2351742e-08	-0.021816906	0.033533882	-0.013340821	73.590836	-35.263332	3.1649907	0.0122663975	1.0	1.8308626	0.08244559	3150000	4355.603045225143
105	2.1362422	3.1782417	7.016544	-3.140638	39.125	49.390713	177.0	0.0	1000.0	159322.0	0.05010125786163522	0.14809208	0.44803905	1.7468467	-0.7518523	2.6065228	5.7545433	53.884148	-6.3101296	-7.450581e-09	0.00045483024	0.0	-0.010112809	0.03659288	-0.017710712	52.34107	-22.324266	3.177257	0.01281023	1.0	1.8305372	0.047667302	3180000	4397.2286467552185
106	2.0056257	3.6882741	9.21319	-2.4744496	45.208332	54.826225	212.0	0.0	1000.0	160492.0	0.04999750778816199	0.22379327	0.49881718	2.3404856	-0.68274593	3.1430595	4.9514666	43.1279	-4.0301886	0.0	-0.005933007	1.4901161e-08	-0.012111038	0.034489162	-0.014165438	48.091957	-23.517235	3.1900673	0.014078379	2.0	1.8301032	0.019668777	3210000	4438.6772792339325
107	1.2390565	2.774418	6.195279	-2.7416782	34.875	40.912827	124.0	0.0	1000.0	161672.0	0.049898765432098764	0.10489332	0.43398464	1.9243271	-0.6710705	2.686691	4.5782347	43.537113	-5.1829014	7.450581e-09	-0.0047584632	7.450581e-09	-0.019856153	0.02148812	-0.008955918	54.948814	-22.712086	3.2041457	0.013890982	1.0	1.82965	0.061058566	3240000	4479.769423723221
108	0.281459	2.6103423	5.326526	-2.715403	7.375	14.4850855	48.0	0.0	1000.0	161961.0	0.049529357798165134	0.060443267	0.38142365	1.7350448	-0.65503323	2.266949	4.105042	33.82864	-6.398103	0.0	-0.0004204621	7.450581e-09	-0.008039676	0.028502254	-0.013974301	19.400162	-11.359922	3.2180367	0.010420084	1.0	1.829495	0.0337283	3270000	4520.998868703842
109	0.7065435	3.1998222	10.00119	-3.2990274	14.416667	28.276781	127.0	0.0	1000.0	162327.0	0.04919	0.0297251	0.39676377	1.6526821	-0.7162909	1.2249731	2.40235	28.200075	-4.099193	-2.2351742e-08	0.0009657983	-2.9802322e-08	-0.005560672	0.03496375	-0.012811702	16.09719	-7.0479574	3.2284567	0.008132935	1.0	1.8293108	0.03507763	3300000	4561.773917198181
110	0.7587609	2.7864242	6.8539863	-2.801023	22.416666	43.719673	173.0	0.0	1000.0	162966.0	0.04893873873873874	0.11581451	0.50997347	2.0245817	-0.72833675	1.2664227	2.8501985	29.7344	-5.715864	-1.3969839e-08	-0.0007457426	-1.1175871e-08	-0.009646159	0.038000833	-0.017149124	46.410885	-19.850498	3.2365897	0.007044077	1.0	1.8291372	0.037931617	3330000	4603.174763679504
111	0.69795007	2.7639725	5.9563565	-2.878891	15.0	36.574123	175.0	0.0	1000.0	163434.0	0.04864107142857143	0.037339922	0.40932745	1.7841908	-0.7330595	1.8640244	4.8741817	48.30317	-5.8819447	2.7939677e-08	-0.0018546656	4.0978193e-08	-0.003785267	0.03513994	-0.012991205	22.66643	-10.995443	3.2436337	0.0051841736	2.0	1.8290231	0.010558147	3360000	4644.597601890564
112	0.51492083	2.6476111	8.504631	-2.7161856	9.666667	18.689718	60.0	0.0	1000.0	163984.0	0.048372861356932154	0.04718695	0.4329273	1.6333247	-0.7672109	1.4891732	3.624672	30.626461	-7.0401783	-7.450581e-09	-0.003816091	0.0	-0.008453937	0.027171	-0.010413066	54.76544	-22.064018	3.248818	0.0028603077	4.0	1.8289802	0.018597	3390000	4686.31932926178
113	0.22854768	3.0147846	6.8333054	-3.0534837	17.666666	47.885857	237.0	0.0	1000.0	164412.0	0.04807368421052632	0.009793484	0.40776074	1.5942951	-0.7842112	1.4870162	4.494462	41.334393	-6.871784	-7.450581e-09	-0.0028268148	-7.450581e-09	-0.0054556085	0.03638669	-0.014461808	39.033585	-27.949696	3.2516782	0.0016314983	3.0	1.8295605	0.013174558	3420000	4727.708786725998
114	0.64005524	3.325128	9.788988	-2.7614107	15.5	34.43472	118.0	0.0	1000.0	164860.0	0.04778550724637681	0.07469839	0.49036974	2.0866144	-0.79240924	1.3316512	3.7443058	48.76514	-4.5665655	1.4901161e-08	-0.012691641	1.4901161e-08	-0.021535361	0.032046	-0.015597016	48.837265	-18.242685	3.2533097	0.00032258034	4.0	1.8299674	0.030320846	3450000	4769.179887056351
115	0.77030677	2.9957478	7.9018464	-2.9295635	15.291667	34.59706	146.0	0.0	1000.0	165305.0	0.047501436781609195	0.03396864	0.4505728	2.0429149	-0.7467723	1.3023542	1.848759	11.765119	-3.48071	3.7252903e-09	0.000916091	1.1175871e-08	-0.0023159035	0.023179557	-0.009367308	36.955833	-8.7436	3.2536323	-0.00096821785	2.0	1.829335	0.023580134	3480000	4810.905769824982
116	0.39363703	2.9012415	7.781026	-3.0662656	10.208333	20.426657	78.0	0.0	1000.0	165554.0	0.047166381766381764	0.010947534	0.36837035	1.5780054	-0.7599008	0.91612893	1.5484812	11.68108	-2.3756032	-1.8626451e-09	-0.0008855192	-3.7252903e-09	-0.0030071484	0.02848313	-0.012171614	13.539859	-4.3194213	3.252664	-0.002719164	3.0	1.8286419	0.014061147	3510000	4852.054805755615
117	2.2325356	3.0624487	7.577729	-2.5168266	22.5	33.042904	118.0	0.0	1000.0	166401.0	0.04700593220338983	0.22087878	0.47868085	1.9171242	-0.6537848	2.028309	2.933372	12.315093	-2.3863642	-5.9604645e-08	-0.0015945642	-7.4505806e-08	-0.0035131318	0.033819336	-0.011484405	49.667507	-12.387781	3.249945	-0.002797842	2.0	1.8278985	0.011678741	3540000	4893.006713628769
118	0.24561708	3.3314228	9.421184	-2.6725953	16.541666	36.858944	127.0	0.0	1000.0	166924.0	0.046757422969187674	-0.0051118773	0.4500602	1.6622847	-0.6865354	1.5471578	2.5293355	27.47458	-0.67736554	-9.313226e-10	-0.0033928882	5.122274e-09	-0.01150538	0.025718365	-0.011322624	39.43239	-21.63001	3.247147	-0.003576994	2.0	1.8277228	0.036540933	3570000	4934.7390303611755
119	1.3749498	3.7839835	11.181479	-2.895882	20.125	28.325949	88.0	0.0	1000.0	167497.0	0.04652694444444445	0.10750152	0.49021623	1.7588222	-0.68583626	2.1600235	4.44024	46.500034	-4.26967	1.8626451e-08	-0.0018727074	2.3283064e-08	-0.012939205	0.02489922	-0.009996121	27.506046	-13.338831	3.24357	-0.0038080215	2.0	1.8276007	0.047933795	3600000	4976.240801811218
120	0.7239087	2.9796388	9.040411	-2.6271682	18.833334	41.262035	182.0	0.0	1000.0	168267.0	0.046354545454545454	0.05739909	0.46728274	2.336382	-0.75790673	1.9303235	4.4083056	46.348568	-3.8686595	-2.9802322e-08	-0.0067840656	-4.4703484e-08	-0.013804624	0.03219019	-0.015776215	51.762	-29.939236	3.239762	-0.004194498	2.0	1.8273735	0.024348747	3630000	5018.154329061508
121	2.5526803	3.4138856	11.493605	-2.8342211	29.375	43.461487	136.0	0.0	1000.0	169153.0	0.04621666666666667	0.17016558	0.4552544	2.2006662	-0.59944457	3.1745708	6.0602593	38.57145	-6.154119	4.4703484e-08	-0.004575721	4.4703484e-08	-0.011002136	0.04132466	-0.02349051	56.406334	-35.126724	3.2355676	-0.0031962395	2.0	1.8269641	0.024031173	3660000	5059.497259378433
122	1.2272663	2.9701388	8.089721	-2.4250004	27.916666	52.65842	241.0	0.0	1000.0	170040.0	0.04608130081300813	0.1593413	0.44920865	2.2065454	-0.6731012	2.4866884	4.145953	35.958946	-5.5666943	-1.4901161e-08	-0.004327405	-1.4901161e-08	-0.008594341	0.028665068	-0.0147339795	72.93492	-40.377792	3.2323713	-0.0024967194	2.0	1.8264275	0.014854806	3690000	5100.5664649009705
123	1.5105141	3.177403	8.831591	-2.3982217	17.333334	39.04022	135.0	0.0	1000.0	170582.0	0.04585537634408602	0.13903688	0.406812	1.5004109	-0.6645039	3.4785051	5.575471	41.33177	-7.4775023	4.4703484e-08	-0.0044990415	5.9604645e-08	-0.017587375	0.022794276	-0.009100321	51.00255	-33.20189	3.2298746	-0.0032286644	2.0	1.8257617	0.05355165	3720000	5141.435110807419
124	3.0290773	3.2780704	8.032712	-2.5383892	27.916666	45.450443	199.0	0.0	1000.0	171635.0	0.045769333333333335	0.28586054	0.42103893	1.7113506	-0.6711067	3.8093317	6.3332753	50.335728	-4.60848	3.7252903e-08	-0.0042290594	5.9604645e-08	-0.008037533	0.042195365	-0.02076293	79.5894	-36.760582	3.226646	-0.0025076866	2.0	1.8249556	0.014392471	3750000	5184.533047199249
125	0.8875966	2.630119	7.192339	-3.0720415	22.541666	41.049744	165.0	0.0	1000.0	172191.0	0.0455531746031746	0.09536641	0.43828022	1.845616	-0.6518096	2.1107197	3.1805189	33.345417	-3.5178251	1.4901161e-08	-0.0028375157	1.4901161e-08	-0.004686595	0.02384644	-0.011104189	28.824856	-12.245696	3.2241383	-0.0025475025	3.0	1.8241138	0.006554999	3780000	5226.777731657028
126	-0.059054375	2.6020925	7.3558145	-2.1832573	20.708334	34.300724	115.0	0.0	1000.0	172712.0	0.045331233595800526	-0.007968149	0.32309148	1.7221422	-0.56146556	1.0363905	2.2547376	33.6084	-3.5759883	0.0	-0.0018484223	1.1175871e-08	-0.004081705	0.018750625	-0.009103114	19.907185	-8.472029	3.2215908	-0.002915144	2.0	1.8232383	0.009385722	3810000	5268.400110006332
127	0.5186036	2.9654162	9.588367	-2.325794	17.083334	32.44215	109.0	0.0	1000.0	173289.0	0.04512734375	0.06595377	0.39946908	1.7093953	-0.63080555	2.1781743	4.6355495	48.217026	-2.5215492	-9.313226e-09	-0.0015820973	0.0	-0.010806551	0.034291334	-0.020102043	34.439217	-18.484058	3.2186756	-0.003713131	1.0	1.8228757	0.04424022	3840000	5310.7605521678925
128	0.9383447	3.2126362	7.560953	-3.2198334	34.333332	49.080433	160.0	0.0	1000.0	174152.0	0.045000516795865635	0.13224159	0.4271702	2.193689	-0.6066517	2.2861552	3.7810764	46.680195	-2.733564	-2.2351742e-08	-0.0026395475	-1.4901161e-08	-0.006595348	0.032035507	-0.012550354	51.705364	-24.658985	3.2149625	-0.0020689964	2.0	1.8226037	0.016861124	3870000	5353.10352396965
129	0.19934869	2.4515934	5.5627604	-2.9334283	23.708334	28.764095	88.0	0.0	1000.0	174890.0	0.04484358974358974	0.090572484	0.42577556	1.8622658	-0.68280613	1.5966479	4.226535	46.820198	-5.1483912	3.7252903e-09	-0.0026875199	1.4901161e-08	-0.0050082244	0.03273449	-0.017513765	39.243633	-20.63425	3.2128935	-0.002024889	2.0	1.8223056	0.011349704	3900000	5397.060356616974
130	0.011472344	2.8087604	6.889369	-3.0632453	8.166667	18.309074	64.0	0.0	1000.0	175153.0	0.044568193384223916	0.012653847	0.39649135	1.9288728	-0.7008049	2.1408534	3.930995	31.13711	-5.062394	3.7252903e-09	-0.0010393972	0.0	-0.0073805125	0.01964167	-0.007969113	22.750181	-12.230773	3.2108686	-0.004058838	2.0	1.8220966	0.026548002	3930000	5439.000406503677
131	0.4069587	3.2082062	10.230194	-2.8954968	20.208334	42.63213	185.0	0.0	1000.0	175752.0	0.04438181818181818	0.030251501	0.42000997	1.7042332	-0.70052564	0.9605479	1.2010093	8.466711	-4.202989	-2.2351742e-08	-7.035548e-05	-3.7252903e-08	-0.0055853482	0.022122059	-0.009418596	30.97439	-11.946662	3.2068098	-0.004343748	1.0	1.822185	0.026338508	3960000	5480.042608499527
132	1.2906572	2.7812347	6.151391	-2.7739646	36.041668	51.610302	168.0	0.0	1000.0	177044.0	0.0443719298245614	0.09877751	0.44212	1.8838928	-0.714003	1.0147097	2.366341	42.7096	-6.674693	0.0	-0.002539998	0.0	-0.0129246265	0.0323086	-0.016408913	114.76013	-75.10523	3.202466	-0.0023927689	2.0	1.822342	0.048734277	3990000	5521.979014158249
133	0.48827398	2.5141811	5.3290906	-3.0987635	11.791667	20.678045	73.0	0.0	1000.0	177510.0	0.04415671641791045	0.0487316	0.372352	1.8791066	-0.6284291	2.924959	5.8746686	54.309124	-8.961034	-1.8626451e-08	-0.009508846	-2.0489097e-08	-0.016708545	0.024031663	-0.0123108	37.9092	-22.445904	3.2000732	-0.0038833618	3.0	1.8229015	0.023898292	4020000	5564.869907617569
134	0.6964431	3.0971067	9.348163	-2.425261	17.833334	50.23832	209.0	0.0	1000.0	178026.0	0.04395703703703704	0.029076489	0.4156158	1.6526966	-0.6308135	1.3507727	2.1075983	27.151424	-1.9229014	1.8626451e-08	-0.00019417517	2.2351742e-08	-0.0024861172	0.029998131	-0.0101909265	42.64525	-25.082396	3.1961899	-0.0044794083	3.0	1.8238499	0.01600846	4050000	5607.91993355751
135	0.68648666	3.330938	8.009428	-3.3182058	20.041666	47.53462	227.0	0.0	1000.0	178905.0	0.04384926470588235	0.101691425	0.43883365	1.7767777	-0.6352594	1.8403769	4.417621	44.83857	-5.5676694	0.0	-0.0045683067	0.0	-0.009681629	0.035828188	-0.017186703	67.73022	-37.64465	3.1917105	-0.0047547817	2.0	1.8246319	0.023068447	4080000	5650.428544521332
136	0.39448223	2.8248396	6.4931774	-2.6790056	20.708334	36.036415	136.0	0.0	1000.0	179557.0	0.043687834549878346	0.049135223	0.41146022	1.856792	-0.68282104	1.7938362	4.504903	37.398113	-2.6709294	1.1175871e-08	-0.0014256526	1.1175871e-08	-0.0030410283	0.026993124	-0.012067414	32.918533	-18.885056	3.1869557	-0.0048410892	3.0	1.8250121	0.008652942	4110000	5692.0624713897705
137	0.46905908	2.9465241	6.3785143	-2.7350576	12.708333	24.511015	94.0	0.0	1000.0	180020.0	0.043483091787439615	0.06536413	0.4483325	1.9205911	-0.67489403	1.5967823	3.2066426	39.29071	-1.756977	7.450581e-09	-0.0021634693	2.9802322e-08	-0.0039895875	0.031917077	-0.016837249	23.489107	-11.383132	3.1821146	-0.0060782433	2.0	1.8252676	0.010081381	4140000	5734.259239435196
138	1.2307173	3.188374	9.098502	-2.5453541	25.708334	39.11679	161.0	0.0	1000.0	180658.0	0.04332326139088729	0.101071976	0.40846285	1.7233992	-0.7897843	2.1883304	3.7670524	33.364517	-2.8143852	0.0	-0.0026009115	-7.450581e-09	-0.00516205	0.021302937	-0.008545061	38.3553	-14.11833	3.1760364	-0.005378008	2.0	1.8254576	0.011758236	4170000	5775.394645929337
139	0.7972737	2.3967865	6.6571617	-2.7174866	34.125	40.76591	146.0	0.0	1000.0	181615.0	0.043241666666666664	0.05249744	0.36577284	1.6364446	-0.66383123	2.0232544	3.624908	35.42682	-2.705621	5.5879354e-09	-0.004279838	1.3038516e-08	-0.02535135	0.02597095	-0.011307433	51.239822	-22.491404	3.1706583	-0.0035526752	2.0	1.8254751	0.08864412	4200000	5818.436601638794
140	0.8364115	3.1949098	7.584787	-2.8194726	18.708334	36.990402	124.0	0.0	1000.0	182356.0	0.04311016548463357	0.089249186	0.39149588	1.6883835	-0.63515294	3.165926	5.1836014	40.56586	-4.127968	-5.5879354e-09	-0.005399174	-1.3038516e-08	-0.013064817	0.046362408	-0.025477985	55.996418	-32.13438	3.1671057	-0.004021406	2.0	1.8256806	0.031452395	4230000	5862.182976484299
141	0.8788595	3.367422	8.189473	-3.7646692	16.625	30.284502	96.0	0.0	1000.0	182806.0	0.04291220657276995	0.07096947	0.42393184	1.847352	-0.83913606	1.80385	4.1325994	41.730026	-6.831904	-6.519258e-09	-0.0007779136	-7.450581e-09	-0.0028301228	0.04292424	-0.02173341	28.596458	-12.439149	3.1630843	-0.0047831535	2.0	1.8257325	0.012359462	4260000	5905.283226013184
142	0.061347257	2.3663292	6.259944	-2.9629974	15.958333	22.65958	68.0	0.0	1000.0	183353.0	0.04273962703962704	0.060546357	0.3997445	1.8157616	-0.81721807	1.613929	3.5558898	36.874508	-4.6658545	-1.1175871e-08	-0.0056363223	-1.1175871e-08	-0.015348358	0.042791113	-0.021562262	26.152498	-12.307911	3.158301	-0.0055599213	2.0	1.8259187	0.03542894	4290000	5947.360392570496
143	0.38587758	3.1378753	8.232795	-3.2742214	10.5	21.00595	90.0	0.0	1000.0	183736.0	0.04253148148148148	0.0031380698	0.4001051	1.6352297	-0.74389744	1.6516107	3.1989717	28.14351	-4.903383	1.4901161e-08	-0.0007976573	7.450581e-09	-0.0047449777	0.038980886	-0.018325511	19.519115	-6.922781	3.1527412	-0.0070176125	2.0	1.8259237	0.0178837	4320000	5989.241426944733
