Epoch	AverageEpRet	StdEpRet	MaxEpRet	MinEpRet	AverageEpCost	StdEpCost	MaxEpCost	MinEpCost	EpLen	CumulativeCost	CostRate	AverageVVals	StdVVals	MaxVVals	MinVVals	AverageCostVVals	StdCostVVals	MaxCostVVals	MinCostVVals	LossPi	DeltaLossPi	SurrCost	DeltaSurrCost	LossV	DeltaLossV	LossVC	DeltaLossVC	Penalty	DeltaPenalty	StopIter	Entropy	KL	TotalEnvInteracts	Time
0	-0.20246816	0.6952319	0.94432014	-1.630864	73.0	65.60233	203.0	0.0	1000.0	2169.0	0.0723	0.7611189	0.5401908	2.0892546	-1.0463864	-0.32011127	0.11883854	0.23552173	-0.8916313	-2.142042e-08	0.03165639	-2.9802322e-08	-0.0037758201	0.9657225	-0.89360225	128.70076	-71.468956	0	0	1.0	1.837877	0.03203298	30000	27.474355220794678
1	-0.00045181313	0.65016085	1.3153917	-1.0774696	77.458336	69.33973	192.0	0.0	1000.0	4123.0	0.06871666666666666	0.038278703	0.317093	0.8303479	-0.87799823	6.2591553	3.6450531	16.193434	-2.7849913	1.8626451e-09	0.04587084	-7.450581e-09	0.007482661	0.042372927	-0.010905378	71.11187	-26.075718	0	0	1.0	1.8377125	0.061766572	60000	53.32113265991211
2	-0.027256655	0.6709397	1.3710542	-1.7111144	57.125	67.82595	259.0	0.0	1000.0	5802.0	0.06446666666666667	0.0040967735	0.31114814	0.6085566	-0.8379698	4.6642733	6.376856	24.819103	-7.584995	-1.4901161e-08	0.0051500765	-3.7252903e-08	0.0020466498	0.036899198	-0.0064182812	41.87901	-8.699458	0	0	1.0	1.8384194	0.011641767	90000	78.92207622528076
3	-0.06868097	0.813617	1.0380337	-2.0114372	75.666664	66.30464	209.0	0.0	1000.0	8141.0	0.06784166666666666	0.0016164009	0.26377928	0.5003484	-0.7556284	10.088215	7.9012527	30.847202	-2.2897887	3.7252903e-09	-0.00024759793	6.7055225e-08	-0.0015440858	0.026953846	-0.007839529	56.68896	-16.257397	0	0	1.0	1.8389041	0.00280996	120000	104.89581871032715
4	-0.06604654	0.73886514	1.3908204	-1.5589745	96.875	87.58344	328.0	0.0	1000.0	10692.0	0.07128	0.013480214	0.2923037	0.5151221	-0.85047436	7.794851	7.4558434	35.5721	-4.303091	4.656613e-09	0.0004788458	-3.7252903e-08	-0.0027052904	0.022862285	-0.004729439	57.90162	-16.977669	0	0	1.0	1.8391924	0.0039577396	150000	130.9538185596466
5	-0.058618296	0.70429945	0.9963436	-1.6376765	50.208332	54.8794	174.0	0.0	1000.0	12228.0	0.06793333333333333	0.021422079	0.28456017	0.4917326	-0.73533386	7.074056	8.302713	39.747196	-2.8521857	-1.3038516e-08	-0.008236864	1.4901161e-08	0.0028775195	0.025795015	-0.0018021497	41.397842	-12.802972	0	0	79.0	1.8394058	0.005625422	180000	164.2919144630432
6	0.20629351	0.95656854	2.6466105	-1.1981237	70.5	58.804054	211.0	0.0	1000.0	14219.0	0.0677095238095238	0.006274489	0.3004646	0.52923185	-0.7883538	6.7302494	7.3692107	39.574345	-4.0955076	7.450581e-09	-0.009394931	-7.450581e-09	0.0025070822	0.04255166	-0.0066645574	36.81993	-9.902643	0	0	79.0	1.8303686	0.0054702573	210000	197.30724620819092
7	0.017291402	0.92522573	1.7025356	-1.8134935	66.125	61.26399	218.0	0.0	1000.0	16485.0	0.0686875	0.014509064	0.2890887	0.56267995	-0.71700734	6.8892894	8.2728	39.050686	-1.9234416	-9.313226e-09	-0.0012095291	-5.9604645e-08	-0.0013726011	0.051194735	-0.019751456	45.240234	-9.259329	0	0	12.0	1.8159604	0.0070994757	240000	224.08709478378296
8	-0.30774117	0.9026312	1.7468568	-2.330276	50.125	55.0222	209.0	0.0	1000.0	18171.0	0.0673	0.010254897	0.29740354	0.7515674	-0.7161774	7.1217856	7.851978	38.453648	-2.3371036	-1.4901161e-08	0.0023740241	5.2154064e-08	-0.0036306018	0.04160389	-0.0065319487	38.514313	-13.709625	0	0	1.0	1.8100786	0.008338349	270000	249.88459873199463
9	-0.30927408	1.0965862	1.1042163	-2.5954328	59.833332	65.2908	233.0	0.0	1000.0	19965.0	0.06655	0.021183195	0.29256254	0.62570703	-0.742617	6.6352773	8.088397	38.096912	-0.99297273	-6.519258e-09	-0.0013077317	0.0	-0.0009479325	0.057130095	-0.011885983	29.963348	-8.38968	0	0	1.0	1.8089268	0.0014410815	300000	275.56421279907227
10	-0.010214676	1.0107021	2.010306	-1.5626158	53.458332	49.07221	138.0	0.0	1000.0	21897.0	0.06635454545454546	-0.044738885	0.27498055	0.5869116	-0.82716745	5.8443627	6.7499433	35.468998	-1.9953071	7.450581e-09	-0.001262482	4.0978193e-08	0.003952284	0.03818597	-0.013507435	41.961098	-15.114761	0	0	1.0	1.8081126	0.0026613479	330000	301.38250374794006
11	0.7478021	1.547178	5.200239	-1.38962	53.083332	56.405464	189.0	0.0	1000.0	23505.0	0.06529166666666666	0.054896947	0.32854417	0.9175018	-0.69945586	6.260786	7.5869527	38.23888	-6.309751	2.3283064e-09	-0.00039908697	7.450581e-09	0.0006675812	0.11752793	-0.051875122	33.54418	-12.348303	0	0	1.0	1.8076862	0.0033248218	360000	327.02093267440796
12	0.628816	1.0853916	3.650551	-0.8458173	61.25	54.449707	171.0	0.0	1000.0	25183.0	0.06457179487179487	0.10080238	0.30626288	1.0998095	-0.825332	5.89957	6.1371326	37.27246	-1.9449637	-7.450581e-09	-0.000478646	7.450581e-09	-0.0007071174	0.06695338	-0.025512597	27.7882	-9.662203	0	0	1.0	1.8075447	0.0003298989	390000	352.6632218360901
13	0.016168177	1.1209037	2.0762613	-2.3622391	68.208336	55.566013	187.0	0.0	1000.0	27112.0	0.06455238095238096	0.052968055	0.29077283	0.77917385	-0.8708969	6.196522	7.3972554	35.795223	-2.7592986	5.122274e-09	-0.008053459	7.450581e-09	0.0010884013	0.052138582	-0.015334382	26.043583	-8.525818	0	0	79.0	1.8076019	0.0052288612	420000	385.61580634117126
14	0.33773783	1.2160966	3.3138871	-1.4885811	43.458332	46.50267	159.0	0.0	1000.0	28710.0	0.0638	0.013552117	0.299631	0.72387034	-0.8504333	6.328102	7.55573	37.09705	-2.5185266	-1.8626451e-09	-0.00085405447	0.0	-0.0003968901	0.058836274	-0.015367437	28.17826	-9.154299	0	0	6.0	1.8008608	0.0016549233	450000	411.50035071372986
15	0.6312351	1.3257444	4.0365205	-1.7304639	49.541668	48.935314	159.0	0.0	1000.0	30361.0	0.06325208333333333	0.040925168	0.31811818	0.84589034	-1.1433395	4.950921	6.558626	40.961388	-1.3268532	3.7252903e-09	-0.0004438284	-1.3038516e-08	-0.001830738	0.05435661	-0.015650133	31.54546	-11.68171	0	0	1.0	1.8001406	0.0026289835	480000	437.0980796813965
16	0.46910083	1.5495219	4.449303	-1.6887814	58.375	54.19395	194.0	0.0	1000.0	31941.0	0.06262941176470588	0.062433846	0.30829936	0.86496705	-1.0024095	5.99952	7.095023	38.57327	-2.7776024	4.656613e-10	-0.00047991925	2.7008355e-08	0.0006316205	0.08832526	-0.023426283	23.90717	-10.017722	0	0	1.0	1.7997421	0.0005219412	510000	462.56323289871216
17	0.24658686	1.311062	4.1206164	-2.3768232	46.791668	49.61181	183.0	0.0	1000.0	33217.0	0.061512962962962964	0.02757688	0.34387326	1.3019016	-1.2642864	4.5125666	6.0239234	37.849487	-2.8653104	-9.313226e-09	-0.0009912006	-1.1175871e-08	-0.0013755737	0.053413227	-0.014137266	28.433622	-10.768972	0	0	1.0	1.7996376	0.0015256194	540000	488.083952665329
18	0.09337384	1.1182349	2.4837642	-2.5641532	62.041668	51.771515	175.0	0.0	1000.0	35080.0	0.06154385964912281	0.004488301	0.30781755	1.0689536	-0.96431345	5.5552554	6.8341856	36.52187	-3.4727538	7.450581e-09	-0.0007353709	-3.7252903e-08	0.0013342081	0.05912775	-0.014019191	29.945463	-13.39529	0	0	1.0	1.7994931	0.0008143669	570000	513.5317013263702
19	0.55591726	1.6127082	3.646404	-3.1084857	60.125	59.10183	185.0	0.0	1000.0	36758.0	0.061263333333333336	-0.04434624	0.33273074	0.84001136	-1.2071314	5.3827467	6.875976	38.959656	-3.3036315	4.656613e-09	-0.00092133257	1.4901161e-08	-0.00032894872	0.0697888	-0.021222543	24.457653	-11.536964	0	0	1.0	1.7991976	0.00054374355	600000	539.1548132896423
20	0.73470134	1.6477331	5.1532016	-3.2676535	61.166668	52.666927	192.0	0.0	1000.0	38440.0	0.061015873015873016	0.061802294	0.35043475	0.94472367	-1.32276	5.394699	7.581735	44.45682	-4.842208	1.8626451e-09	-0.0009910013	3.3527613e-08	-0.00016356725	0.0653597	-0.024100766	24.725319	-11.309191	0	0	1.0	1.7989933	0.0009088968	630000	564.6384320259094
21	0.29052064	1.7932212	4.4657555	-3.027966	52.083332	41.58417	137.0	0.0	1000.0	40147.0	0.06082878787878788	0.036760174	0.33909345	1.0954124	-1.1755813	5.8199606	7.1039224	37.714993	-3.6530294	1.1175871e-08	-0.0011440653	4.0512532e-08	0.0014332072	0.05931294	-0.010703719	25.344215	-11.868998	0	0	1.0	1.7988287	0.0008237624	660000	590.2070982456207
22	0.3095894	1.4899076	4.3303924	-2.8497357	46.875	52.348442	209.0	0.0	1000.0	41657.0	0.06037246376811594	0.12425987	0.33498538	0.9528516	-1.1483089	6.0235724	7.562955	40.975388	-3.4631803	7.450581e-09	-0.0006351562	2.2351742e-08	0.001101439	0.06255887	-0.02234108	25.700996	-13.153257	0	0	1.0	1.7985647	0.00070104084	690000	615.8133406639099
23	0.25526235	1.6132908	4.089713	-4.333603	63.083332	63.598297	240.0	0.0	1000.0	43350.0	0.060208333333333336	0.034631647	0.3381902	1.1992162	-1.2365472	5.8493567	7.3308334	39.532413	-5.498014	4.656613e-09	-0.008855907	-2.2351742e-08	-0.0022612936	0.056368023	-0.017245943	28.902641	-13.758225	0	0	79.0	1.7981529	0.0053383447	720000	648.5579917430878
24	0.5529392	1.3530449	3.2000983	-2.399848	75.666664	48.65582	197.0	0.0	1000.0	45582.0	0.060776	0.04643255	0.31619298	0.8532418	-1.2627722	6.396254	8.149821	42.328064	-4.249203	-1.8626451e-09	-0.00877209	-7.450581e-09	-0.0015589898	0.057829782	-0.018297972	26.217224	-13.165532	0	0	79.0	1.7814515	0.0051756245	750000	681.2369911670685
25	0.8675856	1.5399196	4.205905	-1.1949544	42.208332	56.350822	219.0	0.0	1000.0	46930.0	0.06016666666666667	0.042176634	0.26936018	0.84279335	-1.1280527	4.808046	6.882868	39.17822	-4.6572676	-1.8626451e-09	-0.0010942471	2.9802322e-08	-0.00026060548	0.06280672	0.0024521216	21.923517	-11.0632515	0	0	6.0	1.7624669	0.0025261613	780000	707.1305639743805
26	0.99335045	1.1001515	3.1600862	-0.84119666	72.791664	61.03413	254.0	0.0	1000.0	49100.0	0.06061728395061729	-0.08317986	0.29346177	0.8753782	-1.5049231	6.6743417	7.793695	37.815838	-4.5397906	7.450581e-09	-0.00048315723	2.2351742e-08	0.0012979135	0.07240409	-0.04020902	40.284355	-25.792873	0	0	1.0	1.7594793	0.004763216	810000	732.4107303619385
27	1.1048427	1.6953937	7.3106084	-1.0240201	39.333332	41.484604	140.0	0.0	1000.0	50463.0	0.060075	0.09003603	0.31953403	1.1087347	-1.2288102	5.034992	6.5745735	39.959644	-6.839592	1.1175871e-08	9.50438e-06	3.3527613e-08	0.0012540395	0.053584892	-0.018067349	20.867294	-11.137896	0	0	1.0	1.758357	0.0036275086	840000	757.7653722763062
28	0.88143355	1.5168674	4.681484	-1.3282235	49.458332	44.941612	167.0	0.0	1000.0	51833.0	0.05957816091954023	0.09125876	0.30573684	1.3158791	-1.1472505	4.4901404	6.5846047	39.405678	-4.8248997	1.8626451e-09	-0.0011592233	-1.4901161e-08	0.00041658356	0.044824146	-0.01362564	17.72677	-9.073408	0	0	1.0	1.7573805	0.003231752	870000	783.3607852458954
29	0.7877918	1.3098428	2.7409735	-2.6214771	53.041668	46.378407	167.0	0.0	1000.0	53224.0	0.059137777777777775	0.08440481	0.307702	1.2298298	-1.1174192	5.4087377	7.1517625	40.588196	-4.416094	7.450581e-09	-0.00081163016	-2.0489097e-08	0.00060998835	0.047693536	-0.01439436	19.695187	-10.831993	0	0	1.0	1.7566671	0.0005292972	900000	808.7153921127319
30	1.088325	1.5916681	5.883272	-1.8436277	37.791668	39.601112	121.0	0.0	1000.0	54562.0	0.058668817204301074	0.10453976	0.3007644	1.0819892	-1.6081947	5.2157707	6.6521254	39.779346	-3.208273	9.313226e-10	-0.0011798313	2.7939677e-08	0.00046252646	0.04614335	-0.012130059	19.942696	-10.999852	0	0	1.0	1.755944	0.0010834448	930000	834.3679616451263
31	1.5200815	1.6167963	6.5276284	-2.143393	49.375	50.36352	181.0	0.0	1000.0	56190.0	0.05853125	0.10083983	0.3159993	1.2120886	-1.2613028	5.0231986	6.822875	38.96493	-5.2868333	-2.2351742e-08	-0.0006837146	-7.450581e-09	0.00018825941	0.06742077	-0.018943733	20.532135	-10.627616	0	0	1.0	1.7553723	0.00028898462	960000	859.7128441333771
32	1.6359781	1.4229391	4.834201	-0.64487994	51.083332	48.14554	151.0	0.0	1000.0	57620.0	0.0582020202020202	0.16740732	0.3472822	1.7836368	-1.4950292	4.6047783	6.5036516	37.479244	-3.8763971	-4.656613e-10	-0.00094082335	3.3527613e-08	0.00041993894	0.06475128	-0.023314599	31.588678	-20.441746	0	0	1.0	1.7549205	0.0005837559	990000	884.9640352725983
33	1.5721668	1.4018939	5.664291	-0.59667504	59.125	51.140583	180.0	0.0	1000.0	59235.0	0.058073529411764704	0.18245462	0.31645283	1.3031664	-1.3369951	5.1101947	6.5408783	38.087482	-4.3042583	5.5879354e-09	-0.0011634583	0.0	0.00053889025	0.07428372	-0.02309211	22.19356	-13.083382	0	0	1.0	1.7544273	0.0009439543	1020000	910.3111317157745
34	1.3180612	1.8465384	7.034561	-2.2890298	53.208332	49.574	153.0	0.0	1000.0	60847.0	0.05794952380952381	0.13946615	0.28714	1.0962467	-1.2452646	5.9636436	6.9834247	37.10741	-2.212464	-9.313226e-09	-0.0004992429	1.4901161e-08	-0.000734688	0.080196895	-0.03611992	34.922455	-22.33661	0	0	1.0	1.754126	0.00049580215	1050000	935.793694972992
35	1.4738756	1.6591575	5.4972415	-0.76542085	71.458336	47.286343	162.0	0.0	1000.0	62760.0	0.05811111111111111	0.14428496	0.38375714	1.8482995	-1.9714717	6.6003103	7.665373	48.58883	-4.6908593	-9.313226e-09	-0.008479324	-7.450581e-09	0.002513391	0.08119955	-0.03231726	28.04282	-16.774525	0	0	79.0	1.7537855	0.005609951	1080000	968.6120283603668
36	1.6998949	1.5167515	6.232584	-0.9966272	56.458332	50.377724	164.0	0.0	1000.0	64496.0	0.0581045045045045	0.14053184	0.34430736	1.4160237	-1.58256	6.3437157	7.3921194	46.65611	-4.0877566	1.8626451e-09	-0.009874795	-4.8428774e-08	0.0002869442	0.078072295	-0.03382934	20.691423	-11.373957	0	0	79.0	1.7351925	0.0055602808	1110000	1001.3232977390289
37	2.081916	1.4854124	6.3351483	-0.7983233	67.541664	50.522255	181.0	0.0	1000.0	66534.0	0.05836315789473684	0.19362979	0.30123493	1.3430051	-1.1608589	7.851072	7.9913225	41.50159	-5.653801	1.6763806e-08	-0.009372905	1.4901161e-08	-0.0037643316	0.07382624	-0.027665991	26.67133	-15.649556	0	0	79.0	1.7231729	0.005766774	1140000	1034.0968143939972
38	1.8725786	1.7855479	5.728773	-1.4038752	48.625	59.598526	200.0	0.0	1000.0	67954.0	0.05808034188034188	0.22267763	0.33829957	1.410141	-1.2139795	5.467091	6.850061	36.991314	-4.503463	5.5879354e-09	0.012358419	5.5879354e-09	-0.00089854025	0.08561544	-0.029961225	21.68828	-13.990085	0	0	6.0	1.7033706	0.02186348	1170000	1060.072365283966
39	1.9456797	1.7240129	6.7389584	-0.84677225	56.875	35.44751	112.0	0.0	1000.0	69448.0	0.05787333333333333	0.22158042	0.36298305	1.794699	-1.2692919	5.4804707	6.990012	50.859856	-4.9892015	1.0244548e-08	-0.0003306914	7.450581e-09	-0.001281376	0.09317806	-0.043269113	27.003477	-16.277786	0	0	1.0	1.7044694	0.0022079758	1200000	1085.3791139125824
40	1.9645184	1.5538105	5.957855	-0.55806124	53.375	51.094532	186.0	0.0	1000.0	71181.0	0.057870731707317075	0.19900152	0.31747583	1.7760525	-1.5374551	5.7293696	6.6336336	35.936714	-4.973303	-1.6763806e-08	-0.00034434244	1.8626451e-08	-0.0009957086	0.07653269	-0.030402876	26.87028	-17.430595	0	0	1.0	1.7048583	0.0011124753	1230000	1111.0793335437775
41	1.8904581	1.3487	5.3200703	-0.5748242	72.375	54.48074	232.0	0.0	1000.0	73163.0	0.058065873015873015	0.20869626	0.34943694	1.7166157	-1.688916	6.1540675	7.6240854	46.40757	-3.9964814	-9.313226e-09	-0.00075610424	-5.9604645e-08	-0.0004718178	0.081214674	-0.032436166	34.556423	-23.931362	0	0	1.0	1.705452	0.00070013374	1260000	1136.299946308136
42	2.4073958	1.7526267	6.575794	-0.095567174	39.0	42.61846	190.0	0.0	1000.0	74552.0	0.0577922480620155	0.1731579	0.39351514	1.5407883	-1.6547657	4.7959595	6.4509606	46.592552	-6.6211185	-5.5879354e-09	-0.00040605164	2.9802322e-08	0.00023584394	0.113702364	-0.050620355	70.81651	-59.766502	0	0	1.0	1.7060333	0.0007586931	1290000	1161.5354676246643
43	1.2497483	1.2864592	2.8572247	-2.3209226	46.208332	45.020348	143.0	0.0	1000.0	75967.0	0.057550757575757575	0.23932654	0.36314398	1.6738409	-1.5774902	4.809067	6.7819066	45.70761	-5.415693	1.21071935e-08	-0.0011682836	1.4901161e-08	0.0037603471	0.07069027	-0.03425407	23.336884	-16.180529	0	0	1.0	1.7065945	0.0028795644	1320000	1186.9392349720001
44	1.4442939	1.4303287	4.19885	-1.1526121	50.583332	38.376335	151.0	0.0	1000.0	77468.0	0.0573837037037037	0.19280005	0.36092913	1.3549881	-1.3275893	4.635129	6.0098596	40.73326	-6.949692	3.7252903e-09	-0.0005262194	7.450581e-09	0.0007918291	0.07666275	-0.028129596	24.639381	-16.768852	0	0	1.0	1.7068989	0.0013574453	1350000	1212.347246170044
45	1.9247403	1.6837994	6.4048233	-1.4697702	55.208332	40.271973	119.0	0.0	1000.0	78928.0	0.057194202898550726	0.19888076	0.34738412	1.3512648	-1.5775936	5.9695582	6.643308	41.78391	-5.1057267	3.7252903e-09	-0.00060171663	4.4703484e-08	-0.0003094722	0.07620251	-0.02886701	23.890167	-16.416897	0	0	1.0	1.7073541	0.0013116805	1380000	1237.9686036109924
46	2.123178	2.322211	7.532249	-0.63406914	49.291668	65.990204	321.0	0.0	1000.0	80403.0	0.05702340425531915	0.19053069	0.3574159	1.782987	-1.4532257	5.3265653	6.760503	42.869263	-8.105797	-7.450581e-09	-0.00028877426	-7.450581e-09	0.0012952816	0.08519722	-0.0350939	48.49643	-35.927795	0	0	1.0	1.707605	0.00063407177	1410000	1263.2937183380127
47	1.7532707	1.2842579	5.4565544	-0.102195755	43.875	36.59612	129.0	0.0	1000.0	81752.0	0.056772222222222224	0.23628265	0.39032122	1.8815058	-1.1526757	4.492198	6.1836886	45.76892	-4.4132676	1.5366822e-08	-0.000756666	7.450581e-09	0.00084702554	0.09073136	-0.045907	25.473358	-16.447926	0	0	1.0	1.7080132	0.002319293	1440000	1288.5801343917847
48	2.112937	1.3121483	5.3911333	-1.3330238	73.583336	49.76103	161.0	0.0	1000.0	83796.0	0.05700408163265306	0.21892874	0.30998254	1.0384569	-1.22323	6.489751	7.592044	50.883194	-3.6538522	-3.7252903e-09	-0.0005962692	-2.9802322e-08	0.00014150143	0.061674647	-0.024373293	25.208664	-17.782185	0	0	1.0	1.708463	0.0031520943	1470000	1313.9428255558014
49	2.1277325	2.1201649	8.074441	-0.11315198	46.833332	44.248035	184.0	0.0	1000.0	85153.0	0.05676866666666667	0.20697412	0.38681373	1.6872183	-1.587869	4.5662856	6.178757	46.21377	-3.1919818	7.450581e-09	-0.0007419244	0.0	0.00051840674	0.10186273	-0.05093014	37.814514	-30.783628	0	0	1.0	1.7087457	0.00081155903	1500000	1339.3349862098694
50	2.1135895	1.7097057	5.0851684	-0.49190742	62.541668	69.96188	282.0	0.0	1000.0	86974.0	0.056845751633986925	0.23209716	0.41344452	1.931336	-1.3097497	6.1106	8.013072	76.15606	-4.937228	5.5879354e-09	-0.00035426812	-6.7055225e-08	0.0010992268	0.09274398	-0.048029743	40.342506	-29.34107	0	0	1.0	1.7089636	0.001125307	1530000	1364.7654643058777
51	2.2094069	2.3923264	10.184306	-2.0452814	53.416668	49.273827	155.0	0.0	1000.0	88564.0	0.05677179487179487	0.24623053	0.37143624	1.786019	-1.498773	6.376122	8.974796	67.28854	-4.3395996	-1.4901161e-08	-0.00075651077	-1.8626451e-08	-0.0014138133	0.1079935	-0.050480463	46.66871	-37.202652	0	0	1.0	1.7090323	0.0010396957	1560000	1390.01176071167
52	2.687914	1.5704603	7.7327037	0.32758805	42.875	41.11702	145.0	0.0	1000.0	89806.0	0.05648176100628931	0.25345728	0.3855553	2.0161579	-1.2573941	4.686574	7.6907372	81.66906	-8.318862	-1.8626451e-09	-0.0007757753	-1.4901161e-08	-4.837569e-05	0.07380419	-0.023236148	26.530457	-19.4095	0	0	1.0	1.7090895	0.00062923104	1590000	1415.3419032096863
53	2.395744	1.9185231	5.762981	-0.42759308	45.625	37.76552	118.0	0.0	1000.0	91421.0	0.056432716049382714	0.17351896	0.3735736	2.2249644	-1.455003	5.413483	6.8327518	42.47988	-6.2016206	-2.4214387e-08	-0.0009789832	-3.7252903e-08	-0.00086820335	0.09176463	-0.041650746	31.12594	-20.256817	0	0	1.0	1.7091978	0.0013737592	1620000	1440.771057844162
54	1.9383734	2.0086396	5.6529675	-0.79149497	41.916668	37.086517	138.0	0.0	1000.0	92743.0	0.056207878787878786	0.21592441	0.41260114	1.7524133	-1.4286019	4.8538013	6.730844	40.379093	-3.715789	-1.1175871e-08	-0.001179217	2.9802322e-08	-0.00028976996	0.09751509	-0.048131526	21.028164	-13.225618	0	0	1.0	1.7091181	0.0023138802	1650000	1466.0280442237854
55	2.884421	2.0378659	7.482766	-1.2574953	52.5	35.772427	129.0	0.0	1000.0	94236.0	0.056092857142857146	0.20391992	0.39553308	1.6650866	-1.5132582	4.9319696	6.139184	36.28149	-6.3941116	0.0	-0.00041209278	2.4214387e-08	-0.00039144466	0.09952115	-0.0468909	23.53198	-15.139017	0	0	1.0	1.7092364	0.000720088	1680000	1491.7097961902618
56	1.8616457	2.078026	6.0114174	-2.0159976	50.333332	54.77733	176.0	0.0	1000.0	95522.0	0.05586081871345029	0.24379107	0.41406226	1.7564931	-1.7782985	3.975422	5.938668	59.22417	-6.8292055	1.1175871e-08	-0.00073323445	7.450581e-09	-3.5548117e-05	0.08970252	-0.039462633	35.769974	-23.23201	0	0	1.0	1.7094138	0.0005801887	1710000	1517.3621718883514
57	1.9063063	1.6020875	5.203443	-1.8679007	51.25	30.806181	96.0	0.0	1000.0	97007.0	0.055751149425287354	0.18334833	0.40618762	1.6810672	-1.3151579	5.416925	6.9412656	50.367588	-5.8993177	-9.313226e-10	-0.00041133212	1.1175871e-08	4.846108e-06	0.092231624	-0.050317157	27.722223	-19.95991	0	0	1.0	1.709769	0.0002478424	1740000	1542.8078043460846
58	2.774336	1.7630622	6.5908513	-0.17732082	69.25	98.226036	495.0	0.0	1000.0	99023.0	0.055945197740112994	0.27040675	0.4106219	1.94593	-1.7880458	5.902642	6.547425	57.527054	-5.251842	3.7252903e-09	-0.0011483965	-1.4901161e-08	0.00066798925	0.076265566	-0.041675095	84.107346	-70.263	0	0	1.0	1.7101356	0.0011892167	1770000	1568.222885608673
59	2.2758775	2.1392827	9.080856	-1.1902294	55.958332	60.245663	250.0	0.0	1000.0	100721.0	0.05595611111111111	0.28041497	0.36527357	1.4667777	-1.3537828	5.7918916	7.167239	54.01422	-4.924971	1.8626451e-09	-0.008359832	-5.9604645e-08	-0.0033737533	0.08415607	-0.04541911	60.60281	-45.92095	0	0	79.0	1.7103331	0.0050516743	1800000	1600.8479900360107
60	2.4939399	1.7558697	5.9819136	-1.9444482	45.916668	37.003284	150.0	0.0	1000.0	102087.0	0.055785245901639344	0.25271243	0.37312728	1.6698309	-1.2489054	4.884088	6.9551077	84.31621	-6.40544	8.8475645e-09	-0.008585424	0.0	-0.00047597103	0.0772641	-0.03804326	25.190937	-16.289255	0	0	79.0	1.7028718	0.0055968342	1830000	1633.7230412960052
61	3.366007	2.3280652	11.106752	0.26849127	68.291664	76.15253	350.0	0.0	1000.0	104222.0	0.05603333333333333	0.25530845	0.42068177	1.7605767	-1.6593665	5.7609916	7.0761976	50.17788	-6.3387213	-2.2351742e-08	-0.008120711	-1.1920929e-07	0.00021479093	0.14892222	-0.07767971	56.106922	-39.30296	0	0	79.0	1.6891932	0.0052756807	1860000	1666.362543106079
62	2.3417084	2.093733	7.2899437	-0.8890351	44.708332	32.856354	117.0	0.0	1000.0	105563.0	0.055853439153439155	0.35816517	0.41119042	2.0842154	-1.5401949	5.3940473	6.509936	42.267284	-5.576066	-1.6763806e-08	-0.008351469	-1.8626451e-09	-0.0028835398	0.10138574	-0.05352833	20.910072	-13.48662	0	0	79.0	1.6622318	0.0054312185	1890000	1699.3083801269531
63	2.9708774	1.8016138	7.39704	-0.5786827	43.75	48.32809	183.0	0.0	1000.0	106843.0	0.055647395833333335	0.2697054	0.39304242	1.5537293	-1.3577496	4.6779623	6.2127113	38.9038	-4.5286016	-5.5879354e-09	-0.008545492	0.0	-7.315789e-05	0.099646494	-0.05257278	22.226204	-15.739525	0	0	79.0	1.6459038	0.005503853	1920000	1731.9587714672089
64	3.0745516	1.6661901	6.6063423	-0.21400751	39.833332	33.232346	116.0	0.0	1000.0	108117.0	0.055444615384615384	0.34882346	0.39663568	1.8414282	-1.3091029	4.109588	5.987634	45.963383	-5.3028927	1.0244548e-08	0.004053098	-2.3283064e-09	-0.003874225	0.08986905	-0.045515873	20.753265	-12.915063	0	0	5.0	1.617358	0.010509964	1950000	1757.8876581192017
65	3.4332492	1.895414	8.7056465	0.5888964	58.291668	46.456497	161.0	0.0	1000.0	109768.0	0.055438383838383835	0.33326933	0.40329248	2.2411437	-1.1882799	4.8707476	6.0784497	42.59134	-5.2478023	7.450581e-09	0.011386188	-2.2351742e-08	0.0041427147	0.08934523	-0.04595054	23.889585	-15.78315	0	0	1.0	1.616615	0.023070408	1980000	1783.540297985077
66	3.1018589	1.4545095	5.16359	0.52832013	54.0	52.53491	186.0	0.0	1000.0	111427.0	0.0554363184079602	0.31471783	0.40315178	1.8926828	-1.3471661	5.152293	6.433928	40.525433	-3.6897216	-4.656613e-09	0.0010646697	2.0489097e-08	0.0028428135	0.08637749	-0.049097277	27.023174	-16.54788	0	0	1.0	1.6161313	0.006852868	2010000	1809.0605370998383
67	2.6091683	2.31606	11.733539	-0.18798667	37.583332	33.769955	113.0	0.0	1000.0	112493.0	0.05514362745098039	0.3009608	0.3997445	1.8028705	-1.4159687	4.7492437	6.16434	44.71396	-4.8674345	-2.7939677e-09	-0.00036142225	7.450581e-09	-0.0008244505	0.10485436	-0.06027338	16.847343	-10.658664	0	0	1.0	1.6160116	0.0032046158	2040000	1834.4562168121338
68	2.84389	2.1515331	6.6414037	-1.9059165	65.625	41.132725	172.0	0.0	1000.0	114521.0	0.05532415458937198	0.28707844	0.41426688	2.0141704	-1.4243493	5.3115225	6.7913537	42.422035	-5.101935	0.0	0.00071296503	-2.6077032e-08	0.0001810072	0.097075365	-0.0544049	53.351852	-41.276512	0	0	1.0	1.6163833	0.006198051	2070000	1859.632447719574
69	2.8768132	2.4646754	9.158886	-1.0409218	38.291668	30.913157	106.0	0.0	1000.0	115685.0	0.05508809523809524	0.30912155	0.40896842	1.9238868	-1.5250126	5.7270365	6.800308	56.42743	-3.891641	-2.7939677e-09	-0.0006245172	4.0978193e-08	-0.0029207782	0.111044586	-0.057650495	23.951372	-18.51451	0	0	1.0	1.6168451	0.0029548553	2100000	1884.8424150943756
70	2.5323796	1.291856	5.815363	0.38233915	72.166664	51.229607	235.0	0.0	1000.0	117697.0	0.05525680751173709	0.29542568	0.39173898	2.1119688	-1.4741573	5.2837834	6.193327	51.165283	-6.267977	9.313226e-09	-0.00036645762	2.9802322e-08	0.000393535	0.06905648	-0.04097955	47.980934	-34.79786	0	0	1.0	1.6175451	0.0001754602	2130000	1910.5997395515442
71	3.001303	2.5160074	8.470874	-2.0020487	37.333332	30.043951	110.0	0.0	1000.0	118867.0	0.05503101851851852	0.2614979	0.38899016	1.606966	-1.4572926	4.7004437	7.365676	61.247936	-4.3576765	-1.2572855e-08	-0.0006941126	1.1175871e-08	-4.4550747e-05	0.117197335	-0.06542225	19.089485	-13.682278	0	0	1.0	1.6185464	0.0010302116	2160000	1935.8758630752563
72	3.9027176	2.1278949	8.327775	0.32462117	47.375	39.17037	146.0	0.0	1000.0	120387.0	0.05497123287671233	0.3321352	0.45109028	2.0409818	-1.6612012	4.3796577	6.790348	73.7737	-5.251702	-1.8626451e-09	-0.0010602598	-3.7252903e-09	0.00020416686	0.092563264	-0.04931454	20.664818	-14.496084	0	0	1.0	1.6195052	0.00097458524	2190000	1961.3514409065247
73	2.8293445	1.6643581	6.6710453	0.18979798	37.625	28.279575	94.0	0.0	1000.0	121710.0	0.054824324324324325	0.2962735	0.43378824	2.5338368	-1.3484405	5.3786445	6.7468705	43.608364	-4.5552897	-8.381903e-09	-0.0012450698	-1.1175871e-08	0.00078559597	0.07078394	-0.04340425	22.46447	-15.130678	0	0	1.0	1.62022	0.004546689	2220000	1986.7682030200958
74	2.8853152	2.4705586	7.46402	-1.2476509	44.708332	34.001812	106.0	0.0	1000.0	123089.0	0.054706222222222226	0.33530542	0.40855056	1.6391358	-1.3169631	4.719802	5.871226	45.341656	-5.123077	3.7252903e-09	-0.00063597143	-9.313226e-09	-0.0002298276	0.09669921	-0.05237659	24.368345	-17.450502	0	0	1.0	1.6210697	0.0009025841	2250000	2012.0653069019318
75	3.474632	1.976064	7.229688	0.5843274	59.5	42.900078	158.0	0.0	1000.0	124774.0	0.054725438596491226	0.34995928	0.4017217	2.2814453	-1.1477201	5.740066	7.396975	64.54349	-6.963506	-1.8626451e-09	-0.0002826858	-1.4901161e-08	0.0006909859	0.089631096	-0.05106259	31.292084	-20.538519	0	0	1.0	1.6218686	0.00069631555	2280000	2037.756653547287
76	3.9728594	2.2618072	10.220977	1.4754587	57.416668	47.081413	200.0	0.0	1000.0	126543.0	0.05478051948051948	0.34515053	0.43088046	2.1741645	-1.4625512	6.6572256	9.259507	76.41542	-4.0902104	-8.381903e-09	-0.00069682114	-2.0489097e-08	0.0009994115	0.124973	-0.07637833	39.26449	-29.295372	0	0	1.0	1.6225457	0.00052491133	2310000	2062.9505677223206
77	3.1601202	1.7922729	5.987363	-0.833576	53.875	44.115673	134.0	0.0	1000.0	128080.0	0.05473504273504273	0.36459655	0.39985326	2.2771993	-1.2830666	5.2059894	6.776074	48.53987	-4.354933	-5.5879354e-09	-0.0004727469	-7.450581e-09	-5.3354306e-05	0.112692595	-0.07299436	36.52643	-24.70205	0	0	1.0	1.623368	0.0014977021	2340000	2088.126792907715
78	2.865949	2.3030784	7.221459	-1.5601552	45.0	42.08622	145.0	0.0	1000.0	129437.0	0.05461476793248945	0.31537136	0.42481425	2.2088928	-1.8252945	5.618028	7.8212214	70.760796	-4.6897106	-1.4901161e-08	-0.00053117133	-1.4901161e-08	-0.00072269235	0.12359379	-0.07898111	28.949951	-20.238974	0	0	1.0	1.623792	0.00041011465	2370000	2113.65589761734
79	2.8392246	1.6096411	8.74263	0.75368124	53.916668	59.720818	235.0	0.0	1000.0	131076.0	0.054615	0.32517108	0.46319637	2.5282075	-1.357201	4.8391542	6.1844907	38.38214	-4.155528	3.7252903e-09	-0.0004584482	2.9802322e-08	-0.00024734996	0.111052364	-0.068856426	44.78448	-30.061874	0	0	1.0	1.6241729	0.00069797033	2400000	2139.0151488780975
80	2.8475	1.736232	6.2750454	0.11931058	34.875	30.804913	147.0	0.0	1000.0	132301.0	0.05444485596707819	0.32948878	0.38286787	1.958085	-1.3384572	5.743825	6.6405654	46.733917	-7.2738714	1.8626451e-09	-0.0014134373	0.0	0.0004137	0.0814319	-0.04871739	29.303139	-20.838013	0	0	1.0	1.6245701	0.0020638464	2430000	2164.74041891098
81	3.5975554	2.357203	8.017706	-0.21728976	39.833332	32.072403	100.0	0.0	1000.0	133427.0	0.05423861788617886	0.2938599	0.4160816	1.9957925	-1.5286052	4.100528	5.509578	36.577854	-5.748967	4.656613e-09	-0.0008033039	2.4214387e-08	7.697381e-06	0.10378951	-0.059846662	20.812622	-13.917208	0	0	1.0	1.6249341	0.0010251331	2460000	2190.206520318985
82	2.859234	1.4135586	5.8482985	0.8092517	41.416668	44.08317	144.0	0.0	1000.0	134849.0	0.05415622489959839	0.35687676	0.4126818	1.9109818	-1.2579336	4.1246095	5.609075	37.128437	-4.3908453	-1.21071935e-08	-0.0007559897	9.313226e-09	-0.0010551247	0.0916245	-0.054773822	32.356785	-24.46574	0	0	1.0	1.625185	0.00091977493	2490000	2215.501484632492
83	3.7145936	2.1162393	8.917632	0.4579769	42.791668	34.561516	150.0	0.0	1000.0	136040.0	0.05398412698412698	0.29311472	0.39897966	2.0486794	-1.3639634	4.4967384	6.285813	40.576756	-3.792579	1.8626451e-09	-0.00038487106	-1.8626451e-08	0.00047309484	0.124158636	-0.08246188	17.283056	-11.008915	0	0	1.0	1.6252129	0.00043447368	2520000	2240.9295177459717
84	3.3936253	2.112474	6.646043	-1.1105785	35.333332	37.447372	121.0	0.0	1000.0	137101.0	0.053765098039215684	0.37314224	0.43492094	2.1552892	-1.5437747	3.6340683	5.14912	38.040157	-4.096815	-5.5879354e-09	-0.0008319567	4.656613e-09	-5.706848e-05	0.090471864	-0.05419169	21.186815	-14.005072	0	0	1.0	1.6252735	0.0023295789	2550000	2266.414299726486
85	4.393902	2.1657355	8.593647	-0.04227537	61.458332	39.39541	144.0	0.0	1000.0	138743.0	0.053776356589147284	0.3835829	0.4366068	2.2467992	-1.4191313	5.8743787	7.5268693	45.796482	-4.232883	3.7252903e-09	-0.00054840767	-2.9802322e-08	0.0005999049	0.098015875	-0.0573541	34.78756	-25.733795	0	0	1.0	1.6252308	0.00077367236	2580000	2292.000932455063
86	3.867469	2.1039524	7.5804086	0.29988053	33.083332	35.785145	110.0	0.0	1000.0	139984.0	0.05363371647509579	0.36783835	0.4382842	2.39348	-1.211066	4.8098536	7.5793076	60.954807	-4.951091	6.519258e-09	-0.008719254	-3.7252903e-08	-0.0013362248	0.11115891	-0.067524284	34.004097	-23.44595	0	0	79.0	1.6251152	0.0055304235	2610000	2324.685247182846
87	2.9271085	2.5973756	8.809617	-1.8250666	53.708332	37.965424	154.0	0.0	1000.0	141671.0	0.05366325757575757	0.3582572	0.450735	2.2225869	-1.3121929	4.924667	7.6208673	71.37172	-3.7119894	-1.1175871e-08	-0.008428058	1.8626451e-08	0.0030139093	0.1335129	-0.08961772	32.097687	-22.48568	0	0	79.0	1.5951357	0.005360852	2640000	2357.487580537796
88	3.857293	1.9410665	7.078134	-1.5967427	40.833332	40.941692	130.0	0.0	1000.0	143264.0	0.05365692883895131	0.30861485	0.45598143	1.8205814	-1.5184225	5.9721274	7.8803134	78.89712	-5.251711	3.7252903e-09	0.0011476655	0.0	0.003381431	0.122065485	-0.081336364	55.436428	-42.53315	0	0	2.0	1.5767357	0.0040744664	2670000	2383.0240292549133
89	3.5997856	2.0738811	7.7867365	-0.283141	39.5	33.937443	126.0	0.0	1000.0	144644.0	0.05357185185185185	0.39607528	0.44595173	2.7217906	-1.6749932	5.214875	6.407714	47.119965	-8.582458	-5.5879354e-09	-0.0005077901	-1.8626451e-08	-0.0022435025	0.11099924	-0.070847705	20.549168	-13.55727	0	0	1.0	1.5761502	0.0032862802	2700000	2408.4187276363373
90	3.9808712	2.4565954	9.986655	-1.4986329	44.375	45.271233	205.0	0.0	1000.0	145937.0	0.05345677655677656	0.41593322	0.43150032	2.1957273	-1.5450191	4.281544	5.8485475	56.05421	-4.338467	0.0	-0.0003328207	1.8626451e-08	-0.00074842945	0.11869323	-0.07523857	50.721943	-35.053947	0	0	1.0	1.575736	0.0007708129	2730000	2434.2341017723083
91	2.8279107	2.0844731	6.891657	-1.298124	41.625	27.783108	128.0	0.0	1000.0	147232.0	0.053344927536231886	0.4015627	0.45519716	2.1162193	-1.1441115	5.083764	6.3694544	41.149475	-5.1687512	0.0	-0.00043767248	4.4703484e-08	-0.001508479	0.11872995	-0.08404736	25.98191	-17.025547	0	0	1.0	1.5757979	0.0012676292	2760000	2459.3835105895996
92	3.1868722	1.7866132	6.952238	0.8282442	52.083332	64.90822	290.0	0.0	1000.0	148696.0	0.05329605734767025	0.32936364	0.4179906	2.0467985	-1.264126	4.1325603	5.729192	44.46986	-8.381597	1.1175871e-08	-0.0007251981	-2.9802322e-08	0.00038525322	0.10958724	-0.07260474	48.27526	-38.94716	0	0	1.0	1.5761659	0.000844772	2790000	2484.8077676296234
93	3.691475	1.7159687	8.460512	1.0363005	37.875	31.178669	91.0	0.0	1000.0	149837.0	0.05313368794326241	0.34243152	0.44078115	2.4644234	-1.4893354	4.512831	6.565633	48.373627	-6.310758	-4.656613e-10	-0.0006887803	2.9802322e-08	-0.002330094	0.109147124	-0.06952121	20.416767	-14.042394	0	0	1.0	1.5765909	0.0018328408	2820000	2510.180335521698
94	3.7951653	1.928212	8.383401	0.74477845	64.708336	65.45576	256.0	0.0	1000.0	151945.0	0.0533140350877193	0.40429556	0.38659286	1.752178	-1.2142636	5.333607	7.0580115	53.420803	-6.726644	4.656613e-09	-0.0006051953	-2.6077032e-08	0.0009027701	0.09230978	-0.059163123	52.65034	-40.587868	0	0	1.0	1.5771787	0.0012502046	2850000	2535.4972648620605
95	4.4160137	1.937823	8.399212	1.3939275	58.583332	48.045914	187.0	0.0	1000.0	153619.0	0.053339930555555554	0.4076026	0.40322983	2.2990444	-1.3946245	6.1351237	8.90188	92.570526	-5.960334	-7.450581e-09	-0.00086648203	2.2351742e-08	-0.0033533094	0.13390814	-0.08319542	35.02458	-26.141869	0	0	1.0	1.5776451	0.0035639443	2880000	2561.068949699402
96	4.590986	1.881045	8.347084	0.108072616	62.291668	38.307396	124.0	0.0	1000.0	155251.0	0.05335085910652921	0.473161	0.48313823	2.7023315	-1.2922727	6.57865	7.6443567	62.692127	-9.294739	0.0	-0.00076076237	-2.7939677e-08	-0.00054536574	0.14062288	-0.09998456	32.055958	-22.290926	0	0	1.0	1.5779161	0.000990371	2910000	2586.364173412323
97	3.6346462	1.7692673	7.250008	0.30666623	37.666668	39.975685	112.0	0.0	1000.0	156473.0	0.05322210884353742	0.43286565	0.41324657	2.1364224	-1.3289261	4.5498104	6.4425473	42.530964	-4.6701117	1.1175871e-08	-0.0012809336	-2.9802322e-08	0.0012702824	0.107777216	-0.0714262	16.345022	-9.918327	0	0	3.0	1.5781426	0.0018766064	2940000	2611.720059156418
98	4.4229465	1.7283143	8.237576	2.0581245	53.75	45.46725	178.0	0.0	1000.0	158047.0	0.05321447811447812	0.42823732	0.4455406	1.9465027	-1.3604572	5.0483637	6.6879177	59.602047	-5.6389103	-7.450581e-09	-0.0011003839	-3.7252903e-09	-0.0014685568	0.116020866	-0.07487219	37.859985	-29.283525	0	0	7.0	1.5774373	0.0051422273	2970000	2637.6928849220276
99	3.9795418	2.5103846	10.172994	-0.083557345	45.541668	42.461727	191.0	0.0	1000.0	159287.0	0.053095666666666666	0.3830297	0.39650854	2.2780838	-1.2515904	4.2103314	6.238799	54.14467	-5.5052896	-5.5879354e-09	-0.0006738645	-1.4901161e-08	0.0007563671	0.11177509	-0.0641395	29.207535	-20.466518	0	0	1.0	1.5749702	0.0019209998	3000000	2663.060693025589
100	3.8571749	2.6351678	12.201905	0.11702646	65.833336	60.87122	246.0	0.0	1000.0	161078.0	0.05316105610561056	0.4483321	0.42222494	2.188987	-0.9523511	5.121448	6.54263	40.16552	-3.7464328	1.4901161e-08	-0.000671795	-4.4703484e-08	0.0013782699	0.10423587	-0.06770833	75.568726	-57.23174	0	0	1.0	1.5743499	0.0018525452	3030000	2688.7611079216003
101	3.7651594	2.2455323	10.029795	0.8876936	43.0	37.59987	151.0	0.0	1000.0	162346.0	0.05305424836601307	0.39810443	0.42710346	2.2419024	-1.2127113	5.201192	6.183295	42.418385	-6.9996557	-2.7939677e-09	-0.00049203145	-4.4703484e-08	0.002372805	0.111070074	-0.06457974	26.739687	-16.93098	0	0	1.0	1.573575	0.0024763783	3060000	2714.1287298202515
102	3.9002228	1.9257147	9.65232	0.45044973	92.416664	142.50874	716.0	0.0	1000.0	164724.0	0.05330873786407767	0.36977062	0.40704206	2.0699763	-1.2012075	6.075271	8.60729	59.84991	-4.3490458	-5.5879354e-09	-0.000794598	0.0	7.574633e-05	0.10934414	-0.07131702	125.40848	-105.04608	0	0	1.0	1.5728011	0.0004698405	3090000	2739.4403903484344
103	3.5221126	1.5920215	6.5304174	0.4820826	52.375	53.603336	253.0	0.0	1000.0	166293.0	0.05329903846153846	0.35728768	0.39651123	1.8328007	-0.9402321	6.1875687	8.298997	71.77352	-4.644944	-1.8626451e-08	-0.00047024246	-4.4703484e-08	-1.9809231e-06	0.08128178	-0.054515384	34.133636	-21.169739	0	0	1.0	1.5721128	0.0003374715	3120000	2764.800490617752
104	4.2363005	1.8624762	8.506128	0.7241642	55.541668	41.445724	154.0	0.0	1000.0	167855.0	0.053287301587301585	0.38451022	0.38488245	1.7557691	-1.2493695	4.9589853	6.7475653	59.38644	-5.545933	-5.5879354e-09	-0.00031136675	-1.1175871e-08	0.0006468501	0.10149507	-0.06516738	38.98864	-27.057806	0	0	1.0	1.5715625	0.0005278616	3150000	2790.1390175819397
105	4.3464274	2.0530963	8.913726	0.40075848	55.166668	67.056984	325.0	0.0	1000.0	169469.0	0.053292138364779876	0.44352993	0.44246557	2.4970405	-1.4769118	5.6798997	10.141542	107.13278	-5.4585595	1.8626451e-09	-0.00090097333	2.9802322e-08	-0.0003129486	0.12003576	-0.08014446	43.860855	-32.708878	0	0	1.0	1.5711632	0.0010250733	3180000	2815.848345041275
106	3.533322	2.013689	8.884202	0.6513305	50.833332	55.76339	258.0	0.0	1000.0	170940.0	0.05325233644859813	0.46171132	0.44358733	2.2817452	-1.1526145	5.2561903	7.059662	58.686768	-5.679292	1.44355e-08	-0.0009517961	-1.8626451e-08	-0.001530665	0.10797458	-0.07382914	39.940094	-28.269318	0	0	1.0	1.5709383	0.0014443796	3210000	2841.0956559181213
107	3.7267113	1.902408	6.200444	-0.18278828	36.125	39.747444	163.0	0.0	1000.0	172161.0	0.05313611111111111	0.35705405	0.42121476	2.3424835	-1.6247691	4.8007064	7.04772	68.64384	-6.9376326	3.7252903e-09	-0.0007190228	-2.9802322e-08	0.00043044193	0.0911445	-0.057539344	41.309776	-32.824875	0	0	1.0	1.5707419	0.000719255	3240000	2866.459120988846
108	3.5890949	1.8521045	6.8627133	0.37592354	36.625	36.261562	158.0	0.0	1000.0	173125.0	0.0529434250764526	0.38105372	0.3909732	1.8979483	-1.2899565	3.541936	5.6355376	38.08785	-3.987959	-2.7939677e-08	-0.0006923671	2.7939677e-08	0.0009688572	0.116360344	-0.07099371	18.990524	-13.15803	0	0	1.0	1.5706195	0.0012174451	3270000	2891.7916469573975
109	3.5983562	2.105675	7.8200727	-0.3636984	48.666668	52.461628	255.0	0.0	1000.0	174560.0	0.0528969696969697	0.35539708	0.3951051	1.8431902	-1.2004902	3.9167564	5.154471	30.055046	-5.7664967	1.1641532e-08	-0.0011487785	3.7252903e-08	0.00085086457	0.10419813	-0.074812904	64.98492	-51.95405	0	0	1.0	1.5703679	0.0011016071	3300000	2917.0929222106934
110	3.6766255	1.5140252	5.9829984	0.77745116	49.458332	41.863846	155.0	0.0	1000.0	176047.0	0.052866966966966966	0.38682365	0.4178755	2.1926987	-1.57104	5.346585	7.619396	63.959923	-8.62988	8.381903e-09	-0.0006370882	-1.4901161e-08	0.0011921773	0.10469964	-0.074288234	48.948944	-35.678177	0	0	1.0	1.5700827	0.0008878436	3330000	2942.8244602680206
111	4.227488	2.4480505	9.590857	0.16332231	47.875	38.31918	118.0	0.0	1000.0	177484.0	0.05282261904761905	0.34185058	0.37310752	1.9510707	-1.5960625	5.0052624	6.908131	48.015762	-5.084777	-4.656613e-10	-0.00888905	-7.450581e-09	0.004575737	0.12117967	-0.080764905	38.686707	-24.439846	0	0	79.0	1.5696592	0.005862619	3360000	2975.5478088855743
112	3.8178005	1.9622034	6.8954525	0.32751077	46.25	36.409992	133.0	0.0	1000.0	178873.0	0.052764896755162244	0.3991728	0.41226655	2.0788288	-0.83967084	5.329692	7.9828334	58.413597	-5.8763514	1.3969839e-09	-0.008903362	-1.1175871e-08	0.004479988	0.09710206	-0.065451935	24.435436	-16.696507	0	0	79.0	1.5440888	0.0059974953	3390000	3008.2054800987244
113	4.378613	2.521355	10.965001	0.11204239	58.75	51.557613	228.0	0.0	1000.0	180539.0	0.052789181286549705	0.4377975	0.46309984	2.8055978	-1.4255277	5.605804	7.6952295	70.12898	-8.051597	6.519258e-09	-0.009235963	1.6763806e-08	-0.00072648795	0.10701555	-0.07351838	29.891436	-16.607983	0	0	79.0	1.526466	0.0058448995	3420000	3040.7935078144073
114	4.4364004	2.3889802	9.988314	0.53447664	45.125	38.01569	128.0	0.0	1000.0	181966.0	0.05274376811594203	0.4697371	0.4358894	2.2689228	-1.5844674	4.387325	5.794676	49.81752	-5.3268714	8.381903e-09	-0.009699879	-2.9802322e-08	-0.0035728784	0.11232047	-0.072203964	44.574623	-30.44692	0	0	79.0	1.5100427	0.0059810355	3450000	3073.5663607120514
115	4.136845	2.1633189	7.942394	0.21864769	33.625	28.982485	108.0	0.0	1000.0	183059.0	0.05260316091954023	0.39086294	0.4341689	1.9005569	-1.5694464	5.080515	7.180003	61.283276	-8.807964	1.8626451e-09	-0.009887019	5.5879354e-09	-0.004627999	0.10857038	-0.07357594	39.242508	-30.298077	0	0	79.0	1.4988087	0.0063484665	3480000	3106.6342816352844
116	4.758127	2.5682046	10.200107	-2.9503767	39.041668	46.654297	201.0	0.0	1000.0	184279.0	0.0525011396011396	0.47322324	0.4618403	2.3177965	-2.325859	4.440989	6.9535136	52.81846	-6.0037675	2.7939677e-09	-0.009191037	-2.6077032e-08	1.0640244e-05	0.14612427	-0.108163044	38.296936	-29.667751	0	0	79.0	1.4749665	0.005755077	3510000	3139.18528342247
117	4.7726274	3.0901074	9.801961	-2.4460914	64.291664	92.484	466.0	0.0	1000.0	186071.0	0.052562429378531075	0.49608204	0.4174262	1.9446529	-1.1692	4.79954	6.64487	57.29299	-9.494149	3.7252903e-09	-0.009623695	-7.450581e-09	-0.002384873	0.13601425	-0.09770489	99.85058	-82.74869	0	0	79.0	1.4567611	0.005981137	3540000	3171.695011615753
118	4.184773	1.7463428	8.820046	0.7699532	40.375	33.38015	118.0	0.0	1000.0	187264.0	0.05245490196078431	0.49421307	0.41596606	2.400668	-1.1744392	4.491336	5.662796	47.228172	-9.160471	1.3038516e-08	-0.0030798877	-2.9802322e-08	0.0022916938	0.1132469	-0.07832875	20.094177	-11.2383585	0	0	26.0	1.4449842	0.008138563	3570000	3199.3312244415283
119	4.7821975	2.1815414	8.16758	0.45776358	45.875	44.581676	178.0	0.0	1000.0	188756.0	0.05243222222222222	0.39679965	0.36593184	1.9285765	-1.2395368	5.165508	7.3317533	56.826958	-5.8247037	1.8626451e-09	0.018006325	-1.4901161e-08	0.0014893727	0.10439267	-0.06647389	22.224936	-13.084916	0	0	1.0	1.4245981	0.029281907	3600000	3224.7550535202026
120	5.1953883	2.200762	10.789472	1.6031095	55.333332	37.277863	151.0	0.0	1000.0	190519.0	0.052484573002754824	0.47083256	0.40829617	2.4339275	-1.086965	5.9264913	7.6334095	56.28748	-4.6331224	7.450581e-09	0.002687124	1.1175871e-08	-0.0012104416	0.114806	-0.0718943	29.472189	-16.778324	0	0	1.0	1.4235568	0.011113033	3630000	3250.2647984027863
121	4.197006	2.037574	7.8348846	1.0973833	56.5	56.811825	218.0	0.0	1000.0	192074.0	0.0524792349726776	0.44447955	0.43297642	2.0933118	-1.541388	6.1895423	8.115703	78.08753	-2.5074353	-9.313226e-09	0.0018425807	4.0978193e-08	0.003610421	0.114948	-0.07714595	46.246696	-33.81194	0	0	1.0	1.4228666	0.008359247	3660000	3275.642415523529
122	4.3280296	2.1955986	7.9305196	-2.50198	40.583332	24.69635	87.0	0.0	1000.0	193302.0	0.052385365853658536	0.50479877	0.43232507	2.5461652	-0.8284388	5.0998874	6.5364695	45.23292	-4.376857	0.0	0.011702007	-3.1664968e-08	-0.0026973346	0.10525462	-0.07475516	22.881191	-13.840473	0	0	1.0	1.4225731	0.022072218	3690000	3300.929826974869
123	3.9138343	2.0872126	7.7046437	1.0563745	38.75	33.732094	137.0	0.0	1000.0	194555.0	0.0522997311827957	0.3958033	0.38318884	2.1402519	-1.1548111	4.7301803	5.8195796	40.2361	-1.8900259	1.3038516e-08	-0.0013607497	1.4901161e-08	0.0006769793	0.08220293	-0.056494635	20.74368	-12.455223	0	0	1.0	1.4227444	0.0044907266	3720000	3326.1689496040344
124	4.198366	2.2020457	8.027662	-0.44470093	35.166668	34.752296	135.0	0.0	1000.0	195638.0	0.052170133333333334	0.42666566	0.39214277	2.4983208	-1.1352832	3.9641743	5.585048	47.07508	-3.684712	1.8626451e-09	-0.00069421844	1.4901161e-08	-0.00044349965	0.10895251	-0.075408466	20.21054	-12.443441	0	0	1.0	1.4231224	0.0018776294	3750000	3351.253455400467
125	4.15588	2.2284927	7.03687	-2.155082	33.666668	22.75351	82.0	0.0	1000.0	196691.0	0.052034656084656086	0.434297	0.39559513	2.231208	-1.1924255	3.6079078	5.966841	39.162746	-3.1470168	0.0	-0.00072370586	-5.5879354e-09	-0.0009120726	0.10590573	-0.07232348	17.515816	-11.361928	0	0	1.0	1.4235084	0.0021736878	3780000	3377.0178151130676
126	4.3385253	1.9993727	8.542099	0.8378971	62.75	97.751495	481.0	0.0	1000.0	198348.0	0.05205984251968504	0.42897776	0.44208887	2.45553	-1.250896	3.6406636	5.8782125	44.17583	-3.636209	1.21071935e-08	-0.0007131087	-8.940697e-08	0.001196824	0.13608311	-0.097460225	104.83594	-92.3937	0	0	1.0	1.4239559	0.0009486349	3810000	3402.287740468979
127	4.9991255	2.112355	9.627205	0.7810357	23.125	25.135157	71.0	0.0	1000.0	199315.0	0.051904947916666666	0.490011	0.45323244	2.290463	-1.5391463	3.8315237	5.4873123	50.385895	-2.8534298	0.0	-0.0007327407	-3.5390258e-08	-0.0003255643	0.13250835	-0.09098263	21.56128	-13.117708	0	0	1.0	1.4246371	0.0026519932	3840000	3427.504640340805
128	4.3264613	2.1834962	9.425502	-0.084588625	34.875	32.4632	99.0	0.0	1000.0	200392.0	0.051780878552971574	0.41996294	0.4365911	2.5197768	-1.7324232	3.9429433	5.935498	46.24834	-3.279656	2.7939677e-09	-0.00069348136	-3.7252903e-08	0.00030543323	0.1422854	-0.10395604	14.285334	-7.973069	0	0	1.0	1.4253528	0.0013251847	3870000	3452.727954149246
129	3.7156398	2.2469656	8.405362	-2.2854605	41.375	51.79592	214.0	0.0	1000.0	201530.0	0.05167435897435897	0.412119	0.44724447	2.416476	-1.4687188	3.8318374	5.785153	50.8806	-4.0269175	7.450581e-09	-0.0007542843	-4.4703484e-08	0.00064233807	0.13121602	-0.094804704	24.311298	-16.333878	0	0	1.0	1.4260654	0.0022983886	3900000	3478.004326105118
130	3.596585	1.6033593	5.8499928	0.60484064	47.625	57.57445	205.0	0.0	1000.0	203251.0	0.0517178117048346	0.3860338	0.43041733	1.9070908	-1.2829388	4.4621615	7.5097113	59.05783	-8.500636	-5.5879354e-09	-2.1622749e-05	0.0	-0.0008929677	0.09736698	-0.06843022	60.357796	-45.38412	0	0	1.0	1.4268146	0.0015902047	3930000	3503.6713647842407
131	5.0561976	2.9488928	12.534175	-0.8940133	66.75	71.126205	274.0	0.0	1000.0	205037.0	0.0517770202020202	0.4705921	0.434864	1.9602238	-1.2286662	6.399526	8.990445	73.217545	-3.3463788	-9.313226e-09	-0.00062301196	-2.2351742e-08	-0.0010144013	0.13157064	-0.094393104	61.616295	-46.37547	0	0	1.0	1.4274151	0.0007396486	3960000	3528.965863466263
132	4.412956	1.7760807	8.508411	1.5233661	53.416668	64.438545	297.0	0.0	1000.0	206669.0	0.05179674185463659	0.45356286	0.45936567	2.3532376	-1.0678724	5.7971935	8.465346	77.27375	-4.5462203	0.0	-0.0006717867	0.0	0.0004052827	0.123852596	-0.091127895	53.761158	-40.011543	0	0	1.0	1.4282045	0.003165623	3990000	3554.162606716156
133	4.209846	1.9577812	8.358258	0.52019936	38.958332	31.706308	130.0	0.0	1000.0	207923.0	0.05172213930348259	0.47396493	0.40319175	2.057126	-1.2897595	4.8562174	7.5404453	75.72869	-4.489013	-3.7252903e-09	-0.00038329442	2.6077032e-08	-0.0015520663	0.115588844	-0.07816517	28.558836	-20.90956	0	0	1.0	1.4288707	0.00056179205	4020000	3579.4522700309753
134	4.137902	1.9392235	7.962371	0.9249218	62.125	61.73351	221.0	0.0	1000.0	209559.0	0.05174296296296296	0.40635803	0.41264227	2.1962986	-1.5099816	5.3313184	7.556409	55.158382	-5.242595	0.0	-0.0009834066	5.2154064e-08	0.000977505	0.10179656	-0.07048307	46.551964	-31.381372	0	0	1.0	1.429455	0.0013538712	4050000	3604.7851049900055
135	4.135027	1.818515	7.8542957	0.71505487	42.833332	26.933044	94.0	0.0	1000.0	210819.0	0.05167132352941176	0.3979841	0.408253	2.197224	-1.4297645	5.264575	6.9837914	50.84084	-7.039999	-8.381903e-09	-0.0010422418	2.9802322e-08	-0.00079422444	0.11172481	-0.0796179	24.38925	-16.18883	0	0	1.0	1.4300752	0.000766673	4080000	3630.318661928177
136	4.7431703	2.2518742	10.027944	0.38582787	51.125	36.130913	142.0	0.0	1000.0	212297.0	0.051653771289537714	0.51954275	0.42966613	2.5897577	-1.3425275	4.49389	5.864831	53.213795	-2.5671384	0.0	-0.00030719	-2.2351742e-08	-0.0010566391	0.14954656	-0.109587215	19.261784	-11.209185	0	0	1.0	1.4307775	0.0009537323	4110000	3655.4495453834534
137	4.072311	2.240426	7.868054	-1.24833	35.166668	31.511461	112.0	0.0	1000.0	213511.0	0.05157270531400966	0.47430202	0.45733985	2.5135508	-1.7899706	4.608777	6.336119	48.231667	-4.3040557	4.656613e-09	-0.00070472376	-7.450581e-09	0.00025776168	0.13512944	-0.10157639	17.25681	-9.991913	0	0	1.0	1.4313092	0.002805872	4140000	3680.9173097610474
138	4.2540116	2.941489	12.433968	-1.2201161	42.458332	34.189396	128.0	0.0	1000.0	214701.0	0.05148705035971223	0.43747738	0.42339674	2.1159978	-1.5128083	4.652379	5.961593	38.557495	-4.7382708	-3.7252903e-09	-0.00081533927	-7.450581e-09	0.003163225	0.13540962	-0.097960964	23.265907	-15.54268	0	0	1.0	1.4317293	0.001890022	4170000	3706.1193101406097
139	4.20659	2.1643507	8.079833	0.25007796	51.916668	79.25009	362.0	0.0	1000.0	216168.0	0.051468571428571426	0.42616877	0.42044118	2.0393224	-1.093719	4.703502	6.7779155	44.205322	-3.3464189	2.7939677e-09	-0.0012010304	7.450581e-09	-0.0009327736	0.09050314	-0.063030854	54.2852	-45.73846	0	0	1.0	1.4320104	0.001595632	4200000	3731.7896671295166
