Epoch	AverageEpRet	StdEpRet	MaxEpRet	MinEpRet	AverageEpCost	StdEpCost	MaxEpCost	MinEpCost	EpLen	CumulativeCost	CostRate	AverageVVals	StdVVals	MaxVVals	MinVVals	AverageCostVVals	StdCostVVals	MaxCostVVals	MinCostVVals	LossPi	DeltaLossPi	SurrCost	DeltaSurrCost	LossV	DeltaLossV	LossVC	DeltaLossVC	Penalty	DeltaPenalty	StopIter	Entropy	KL	TotalEnvInteracts	Time
0	0.72107905	1.4103651	3.1226213	-1.6576781	87.041664	85.52411	276.0	0.0	1000.0	3004.0	0.10013333333333334	0.56480956	0.5195722	2.2146926	-1.6525242	-0.38482246	0.12004528	0.2346227	-0.85246426	-4.656613e-09	0.026073795	-2.9802322e-08	-0.004158686	0.7048683	-0.55265826	217.66867	-130.74387	0	0	1.0	1.837877	0.028964046	30000	42.57615399360657
1	1.0467892	2.126019	8.618736	-1.427557	124.5	56.910015	262.0	32.0	1000.0	6590.0	0.10983333333333334	0.16240647	0.29357225	1.2051864	-0.7101339	9.715015	6.672199	20.81431	-7.0566893	-5.5879354e-09	0.04869234	5.9604645e-08	-0.013735428	0.16798766	-0.026358012	79.44148	-11.016834	0	0	1.0	1.8382134	0.06474779	60000	83.51236295700073
2	0.7947255	1.8703047	6.7367086	-1.8886989	135.41667	90.30131	324.0	0.0	1000.0	10599.0	0.11776666666666667	0.09587613	0.3694694	1.2975259	-0.93288535	13.043669	5.526156	23.934477	-2.0306547	9.313226e-09	0.002791239	-6.7055225e-08	0.0007463312	0.11992455	-0.015345693	108.01913	-16.083866	0	0	1.0	1.8387396	0.008343119	90000	124.64441299438477
3	0.44306684	1.3993664	3.235046	-2.393086	144.70833	83.60596	421.0	18.0	1000.0	14678.0	0.12231666666666667	0.07214508	0.27951732	0.8997279	-0.75819755	12.847114	7.175133	31.67422	-3.0001776	-1.8626451e-09	0.00010895601	-1.4901161e-08	0.0028661275	0.09112452	-0.013012955	99.4666	-10.707745	0	0	1.0	1.8392785	0.0018048618	120000	165.95979404449463
4	1.4044689	1.726794	5.3942127	-1.913083	102.416664	49.626873	208.0	9.0	1000.0	17667.0	0.11778	0.03405874	0.32107475	0.94434345	-0.8669349	13.760148	7.481305	37.90097	-1.2586187	-2.7939677e-09	-0.0082010925	0.0	-0.0011466031	0.11889444	-0.021469874	77.88704	-23.288853	0	0	79.0	1.8396263	0.0053456035	150000	214.50474739074707
5	1.2870526	2.172071	6.6873364	-1.5893177	126.958336	73.88588	349.0	14.0	1000.0	21575.0	0.11986111111111111	0.14146087	0.31541935	1.2766067	-0.6628066	11.606714	6.8504596	37.36727	-3.6241179	-1.8626451e-09	-0.009782378	-4.4703484e-08	-0.0034963712	0.16461946	-0.028758667	100.29175	-15.610897	0	0	79.0	1.8101118	0.0057993387	180000	262.9150106906891
6	2.0408185	2.568208	9.875191	-1.6650255	138.625	76.35324	295.0	6.0	1000.0	25664.0	0.12220952380952381	0.17007428	0.36936003	1.5395846	-0.82189906	13.828656	7.5713515	39.235744	-1.6050602	3.7252903e-09	0.007485586	-1.0430813e-07	0.00015071733	0.16277489	-0.027580919	100.26706	-13.369259	0	0	2.0	1.7843462	0.014154601	210000	304.30735874176025
7	1.9082942	2.7854304	8.698694	-1.540781	113.625	68.683945	230.0	0.0	1000.0	29122.0	0.12134166666666667	0.2256623	0.40297443	1.5443946	-0.7530724	12.698639	6.9103107	39.527622	-3.7046885	-3.7252903e-09	0.0039860825	-6.3329935e-08	0.004570704	0.14701802	-0.03192525	94.11625	-14.248396	0	0	1.0	1.7840958	0.011405347	240000	345.3565664291382
8	1.2840203	2.1192734	7.433482	-1.4321144	144.75	81.2441	329.0	0.0	1000.0	33043.0	0.12238148148148148	0.19728518	0.33741263	1.4603192	-0.83884823	12.652843	6.8218827	40.67134	-1.6113396	1.094304e-08	-0.0005617308	-5.2154064e-08	-0.0031072083	0.12681544	-0.025424164	105.3746	-15.739133	0	0	1.0	1.7839193	0.0014143646	270000	386.39692091941833
9	2.7311604	3.1438127	9.661116	-2.1606421	111.125	66.772194	229.0	0.0	1000.0	36207.0	0.12069	0.19537196	0.36249563	1.2946601	-0.8174023	12.675474	6.6925516	41.529934	-0.28810325	-1.8626451e-09	0.0007487255	2.9802322e-08	-0.0025754971	0.27264953	-0.08184186	71.42377	-16.902634	0	0	1.0	1.7839069	0.007139841	300000	427.5931923389435
10	1.7486061	2.0035439	5.7740016	-1.464435	136.83333	59.338486	275.0	14.0	1000.0	40435.0	0.12253030303030303	0.30745727	0.3590054	1.4880345	-1.0276294	13.703721	6.229533	38.800613	-2.7599967	-1.4901161e-08	-0.00031526596	-3.7252903e-08	-0.0009932839	0.14179648	-0.04903733	99.06349	-16.428885	0	0	1.0	1.783997	0.0017882861	330000	468.7600562572479
11	1.1678203	1.5828017	4.901046	-0.924634	128.70833	65.413734	321.0	50.0	1000.0	44602.0	0.12389444444444445	0.16638735	0.32291338	1.3129733	-0.6161254	13.967783	6.3132215	42.01888	-2.1635282	9.313226e-09	-0.0010202832	-7.4505806e-08	0.0013495167	0.09645451	-0.0181541	113.82722	-27.8386	0	0	1.0	1.7841111	0.0036617273	360000	509.93090295791626
12	2.2493937	1.6323439	5.5401506	-0.7616483	154.25	73.11421	254.0	39.0	1000.0	49177.0	0.1260948717948718	0.19604237	0.3443344	1.2846371	-0.7295923	14.478131	7.9608774	43.33941	-3.5975368	0.0	-0.0008780403	-4.8428774e-08	-0.000939021	0.10019846	-0.021683028	99.45778	-24.452202	0	0	1.0	1.7840964	0.0021973567	390000	551.2717852592468
13	2.5624428	2.5256112	7.880506	-1.14594	153.83333	84.499344	294.0	0.0	1000.0	53623.0	0.12767380952380952	0.20734319	0.36424214	1.5525147	-0.9918259	15.786677	6.7760706	43.9573	-0.2966374	1.3969839e-09	-0.0009320241	-2.6077032e-08	-9.697117e-05	0.16538318	-0.037306644	121.62724	-34.213806	0	0	1.0	1.7840744	0.003457678	420000	592.856166601181
14	2.1982481	1.8764906	5.148377	-1.1347656	139.08333	79.82894	282.0	0.0	1000.0	57938.0	0.12875111111111112	0.25823924	0.40223294	2.2861316	-0.7672513	14.894622	7.8794003	48.564163	-3.9978757	-4.656613e-09	-0.0006635031	5.9604645e-08	-0.0027856221	0.09982949	-0.026617238	103.709305	-33.957623	0	0	1.0	1.784315	0.0035865563	450000	634.1378910541534
15	2.3698132	1.7349844	5.61658	-0.21398857	149.875	63.349766	283.0	32.0	1000.0	62330.0	0.12985416666666666	0.2170982	0.32882383	1.7181996	-0.73333967	16.815529	8.085933	46.0417	-4.8184853	-2.6775524e-09	-0.0006601189	0.0	0.0015959293	0.10903984	-0.026690455	105.601006	-30.974157	0	0	1.0	1.7844354	0.0009456745	480000	675.4544587135315
16	2.9044476	2.9745705	13.810625	-0.53066224	145.75	69.32006	287.0	14.0	1000.0	66633.0	0.13065294117647058	0.26303378	0.38000304	2.2191937	-0.95117176	14.031057	8.610868	49.373928	-4.3837843	6.519258e-09	-0.0010949273	7.4505806e-08	-0.0021843212	0.13951203	-0.019421095	89.9312	-29.190289	0	0	1.0	1.7844212	0.0010573561	510000	716.7595982551575
17	3.0158799	2.118779	8.601944	-0.12226425	149.70833	64.547455	286.0	59.0	1000.0	70905.0	0.13130555555555556	0.1370579	0.4294161	1.9434526	-0.91725713	16.102018	7.540519	49.74467	-2.9694147	5.5879354e-09	-0.00062100985	-1.4901161e-08	0.0002172552	0.14053228	-0.042062953	108.74094	-36.18257	0	0	1.0	1.7843719	0.00038192538	540000	758.2419805526733
18	2.2754548	1.7450967	5.5265503	0.07140442	137.375	69.173584	250.0	0.0	1000.0	75231.0	0.1319842105263158	0.26546502	0.38806197	2.1668098	-0.8013955	16.56239	7.3009677	43.230858	-2.4781132	-6.6356733e-09	-0.0008965838	-1.0430813e-07	0.00051158667	0.121594384	-0.03822256	99.1418	-30.402636	0	0	1.0	1.7844038	0.00054493826	570000	799.739490032196
19	2.8477356	2.760012	10.146619	-1.0937765	158.45833	75.85456	264.0	25.0	1000.0	79880.0	0.13313333333333333	0.25690565	0.37153977	2.0482426	-0.77872974	14.649588	7.7538757	48.6442	-2.182454	1.8626451e-09	-0.008579576	3.7252903e-08	0.000797973	0.17186904	-0.05435053	113.353874	-43.51267	0	0	79.0	1.784509	0.0049510743	600000	848.7041382789612
20	4.389766	2.8739474	9.139491	-0.8753867	130.70833	76.8719	327.0	24.0	1000.0	83774.0	0.13297460317460316	0.3425746	0.4473276	2.7946038	-0.92793113	16.233929	7.8945045	52.46525	-2.9195354	1.4901161e-08	-0.009468468	5.9604645e-08	-0.011293607	0.2259205	-0.07222526	114.407745	-42.546932	0	0	79.0	1.7767961	0.0055101593	630000	897.724752664566
21	3.2167568	2.0194156	6.9938555	0.20353378	138.54167	53.003124	244.0	54.0	1000.0	88018.0	0.13336060606060607	0.37058404	0.4103253	2.6466687	-0.57463235	14.252732	7.438227	48.356174	-4.5532312	1.8626451e-09	0.0010454804	1.4901161e-08	-0.0038224673	0.15165693	-0.04579147	96.40265	-32.41322	0	0	4.0	1.7579216	0.009533132	660000	939.5717661380768
22	4.0779934	1.798449	9.084535	0.7294478	159.66667	62.017246	309.0	0.0	1000.0	92700.0	0.13434782608695653	0.39540026	0.41664234	2.40179	-0.672348	14.432204	7.0850496	45.046303	-2.7718709	7.450581e-09	-0.0012094909	8.940697e-08	-0.0015748644	0.16241813	-0.04663612	101.034	-42.085823	0	0	1.0	1.7566867	0.0013479637	690000	981.304981470108
23	3.9622574	2.1614215	9.629269	0.29429868	159.58333	79.31893	365.0	0.0	1000.0	97663.0	0.13564305555555556	0.4124121	0.44234347	2.66926	-1.1974468	16.439184	7.739851	45.29621	-7.4285417	-6.9849193e-09	-0.0011891627	-5.9604645e-08	-0.0013270108	0.12371626	-0.02923481	122.98936	-51.232414	0	0	1.0	1.7559717	0.00058048975	720000	1022.9953835010529
24	3.793192	2.1986747	7.46429	0.31881326	146.54167	62.78069	267.0	0.0	1000.0	102315.0	0.13642	0.44320235	0.41700026	2.508421	-0.6678521	17.31324	7.5330596	47.747086	-1.7249957	1.6763806e-08	-0.0016352043	2.9802322e-08	-0.00014091143	0.19081086	-0.054367766	120.21234	-59.101322	0	0	1.0	1.7553144	0.0016013004	750000	1064.2785155773163
25	4.1350045	2.675731	11.50398	-0.048558593	136.45833	70.06544	293.0	22.0	1000.0	106652.0	0.13673333333333335	0.3912024	0.43206096	2.6080751	-0.7357638	16.547962	7.922388	54.346085	-5.139128	3.7252903e-09	-0.00071434234	-1.1175871e-08	-0.00025598193	0.15442085	-0.045920465	112.20094	-49.845078	0	0	1.0	1.7547257	0.00079194724	780000	1105.8894982337952
26	3.8715353	2.8924012	12.866372	-0.77676064	167.16667	71.04498	345.0	40.0	1000.0	111602.0	0.13778024691358023	0.46896288	0.44200695	2.3645225	-0.7650875	15.821995	7.6750855	51.69108	-1.5860555	-5.5879354e-09	-0.0009519762	-9.685755e-08	-0.002116073	0.21447848	-0.07490394	126.054794	-57.973606	0	0	1.0	1.7543906	0.0009029616	810000	1147.4490633010864
27	3.8054411	2.2968004	9.199398	0.057101086	159.95833	77.71823	342.0	35.0	1000.0	116668.0	0.1388904761904762	0.4500345	0.45626888	2.8999188	-0.69312286	15.607123	8.525944	58.877407	-4.226286	-1.1175871e-08	-0.000936056	1.4901161e-08	0.00026245834	0.20898528	-0.044141546	121.32953	-65.121056	0	0	1.0	1.7541468	0.00083857885	840000	1188.8809087276459
28	4.0686846	3.1711802	13.517046	-0.2878366	142.875	63.603138	290.0	0.0	1000.0	121156.0	0.13925977011494253	0.4091258	0.44638383	2.6167731	-0.5834992	16.834415	8.710334	58.645275	-10.313499	-1.1175871e-08	-0.00857089	1.4901161e-08	-0.004803432	0.18198594	-0.052527696	119.719635	-60.328415	0	0	79.0	1.7538464	0.0055675823	870000	1237.442727804184
29	5.6929984	2.2366297	9.900169	1.8052093	163.91667	70.534225	366.0	37.0	1000.0	125858.0	0.13984222222222223	0.49756303	0.5029047	3.138507	-0.6575939	16.4439	7.637907	52.37656	-5.3665175	-1.3969839e-08	0.003383432	-2.9802322e-08	-0.011815807	0.18792251	-0.054270934	111.70763	-55.686405	0	0	4.0	1.7307789	0.01428883	900000	1279.1189625263214
30	5.142459	2.503053	10.464233	0.6189877	154.875	66.4143	278.0	38.0	1000.0	130220.0	0.14002150537634409	0.57123137	0.49913132	2.7400749	-0.6182281	15.239499	6.704873	52.475227	-3.6375766	1.8626451e-09	-6.0747843e-06	4.4703484e-08	-0.00075799413	0.18670514	-0.06176168	109.65036	-58.950943	0	0	1.0	1.7310326	0.0012974127	930000	1320.5405526161194
31	4.439726	2.5636656	9.2992525	-0.34263852	160.95833	69.53805	263.0	16.0	1000.0	134859.0	0.140478125	0.5327999	0.4774087	2.3535762	-0.6410583	14.876927	7.069753	61.228245	-4.933507	4.656613e-09	-0.000887344	-4.4703484e-08	2.4637207e-05	0.25127417	-0.08292652	119.33243	-57.623386	0	0	1.0	1.7310486	0.0007102106	960000	1361.7314858436584
32	5.884144	3.941038	13.289465	0.32190123	145.33333	57.480915	247.0	42.0	1000.0	139290.0	0.1406969696969697	0.5758979	0.5142317	2.8417559	-0.69152963	15.717469	7.785387	56.41527	-3.5257523	3.7252903e-09	-0.00043539773	-3.7252903e-09	-0.0014292528	0.28327763	-0.08879	114.60495	-62.462025	0	0	1.0	1.7310421	0.00043964107	990000	1403.2211437225342
33	6.151964	2.5431588	10.730028	1.12255	145.45833	55.812912	253.0	40.0	1000.0	143610.0	0.14079411764705882	0.599521	0.5370504	3.0290453	-0.7042397	16.074781	7.67527	53.21868	-5.0536284	3.7252903e-09	-0.0005807418	4.4703484e-08	0.00027259486	0.23300695	-0.07617271	104.53131	-59.67794	0	0	1.0	1.7309299	0.00023443243	1020000	1445.0006682872772
34	6.7644267	3.5819812	14.656652	0.07569576	135.375	48.653378	204.0	0.0	1000.0	147730.0	0.1406952380952381	0.62323517	0.5287615	2.8858182	-0.60436374	14.52006	7.6498976	49.639202	-5.6865306	2.2351742e-08	-0.00040819572	6.7055225e-08	0.000324185	0.2528928	-0.099003635	90.93881	-55.148094	0	0	1.0	1.730895	0.00039123656	1050000	1486.5169396400452
35	5.458154	3.173582	11.134109	0.11475608	146.16667	58.224186	268.0	42.0	1000.0	151885.0	0.14063425925925926	0.6312572	0.56404936	2.9925864	-0.8137363	14.628962	6.9969163	50.01329	-6.61855	-7.450581e-09	-0.0008554403	3.7252903e-08	0.001001812	0.22066872	-0.0771413	101.32866	-58.135902	0	0	1.0	1.7310126	0.0016870548	1080000	1528.0724759101868
36	5.183968	3.2304156	11.209033	-0.8589994	158.66667	49.103348	232.0	50.0	1000.0	156447.0	0.14094324324324325	0.5672951	0.49929017	2.488775	-0.55889153	15.223495	7.2049828	49.89545	-6.1562686	-2.2351742e-08	-0.0007220494	7.450581e-09	-0.0018381784	0.20628513	-0.06709723	96.730225	-60.71056	0	0	1.0	1.7310252	0.00043744245	1110000	1569.5140974521637
37	5.711405	4.404915	20.403404	1.6926565	139.625	62.080467	275.0	47.0	1000.0	160708.0	0.14097192982456141	0.5436916	0.509309	2.3496609	-0.7863563	14.5440445	7.6733203	51.424137	-6.3285365	-3.7252903e-09	-0.0007796666	-1.4901161e-08	0.00085985614	0.30911487	-0.12054534	98.61967	-65.0016	0	0	1.0	1.7310154	0.0011038771	1140000	1610.8534083366394
38	6.68092	3.3394787	17.739508	1.0548223	159.08333	52.97949	257.0	44.0	1000.0	165571.0	0.14151367521367522	0.71300846	0.56986374	3.7852328	-0.7461009	14.895084	7.459661	47.768238	-6.758987	-9.313226e-10	-0.0014895181	-4.0978193e-08	-0.00079738256	0.29463977	-0.12657577	126.1387	-75.63034	0	0	3.0	1.7311431	0.0008911029	1170000	1652.500808954239
39	5.0694137	3.2656069	12.274611	0.0905977	141.58333	55.9307	250.0	2.0	1000.0	169904.0	0.14158666666666667	0.5774867	0.47805426	2.749943	-0.60587454	16.479242	8.21251	57.339184	-8.146716	1.3969839e-09	-0.0011791757	4.4703484e-08	-0.002684888	0.22825356	-0.088240385	104.66802	-64.80297	0	0	1.0	1.7309463	0.0016785316	1200000	1693.9973526000977
40	6.9891486	3.473185	16.927137	0.36477843	134.0	44.13521	214.0	44.0	1000.0	173759.0	0.14126747967479675	0.6211255	0.5551008	3.141827	-0.5820167	15.338297	7.3123093	49.66261	-8.942619	-7.450581e-09	-0.0006949755	2.2351742e-08	-0.000679614	0.2559924	-0.10850738	90.88064	-57.792328	0	0	1.0	1.7306612	0.0006577153	1230000	1735.6948359012604
41	5.761921	3.1298764	14.404665	0.014517138	153.70833	59.499634	285.0	55.0	1000.0	178353.0	0.14155	0.61097336	0.54582137	2.5404282	-1.3002644	14.633886	6.7033544	49.342148	-10.243171	7.450581e-09	-0.010053753	-4.4703484e-08	-0.0012681559	0.28421205	-0.118843086	120.85501	-74.672424	0	0	79.0	1.7304312	0.006106182	1260000	1784.3754522800446
42	6.84692	3.8068519	14.401944	0.9250964	113.791664	59.991653	255.0	19.0	1000.0	182130.0	0.14118604651162792	0.71063036	0.5659943	3.4424858	-0.6373424	14.390402	7.6080604	51.494118	-9.341985	-3.7252903e-09	-0.010215826	-5.9604645e-08	-0.0035728589	0.31841844	-0.16035324	92.425354	-58.62728	0	0	79.0	1.7169421	0.005945436	1290000	1833.1701128482819
43	8.842602	4.6334624	19.38883	2.846438	111.125	52.752026	229.0	16.0	1000.0	185424.0	0.14047272727272728	0.74619687	0.56906337	3.200879	-0.6749499	12.555302	7.062105	45.07397	-5.214484	0.0	-0.011038268	0.0	-0.002620487	0.3481161	-0.1483794	91.66809	-61.530113	0	0	79.0	1.6839249	0.0064120004	1320000	1881.808923959732
44	9.231254	3.8849354	19.1026	2.730303	142.25	50.15829	234.0	42.0	1000.0	189472.0	0.14034962962962963	0.90112925	0.64667034	3.6073046	-0.7051363	12.863326	6.9937215	50.170467	-6.8322625	1.8626451e-09	-0.010478607	0.0	0.0016223553	0.35453993	-0.1560233	105.5702	-64.34549	0	0	79.0	1.6504382	0.0060001174	1350000	1930.4945821762085
45	9.985698	2.866429	16.444136	5.4227724	148.95833	65.756165	311.0	13.0	1000.0	193726.0	0.14038115942028986	0.94315875	0.6515338	3.5256212	-0.5807711	14.263895	7.94993	58.07502	-8.268406	-9.313226e-09	-0.0033119246	1.4901161e-08	-0.004233667	0.37263972	-0.17198412	102.83177	-60.185837	0	0	10.0	1.6128875	0.0053627715	1380000	1973.2207560539246
46	9.91343	3.6220782	14.557243	2.8956046	106.666664	64.60887	256.0	11.0	1000.0	197249.0	0.13989290780141844	1.0487581	0.6759612	3.2853348	-0.523288	13.509434	7.193196	49.453495	-7.5261064	3.7252903e-09	0.0017796482	2.2351742e-08	0.0020575556	0.43820208	-0.22416818	99.885	-66.64911	0	0	1.0	1.6099966	0.009813756	1410000	2014.7502167224884
47	9.615994	4.161601	19.68267	2.773058	145.58333	57.13647	241.0	33.0	1000.0	201577.0	0.13998402777777777	1.0712972	0.70239264	4.0567656	-0.6077791	13.686852	7.634951	50.62835	-6.277151	-7.450581e-09	0.0101250615	2.9802322e-08	-0.003898135	0.34946406	-0.17404488	112.26434	-72.26228	0	0	1.0	1.6092368	0.019168504	1440000	2056.398147583008
48	8.355248	3.9575984	16.400358	0.24336341	131.20833	46.924564	229.0	49.0	1000.0	205481.0	0.1397829931972789	1.0469099	0.6246897	3.8495297	-0.535169	13.50216	7.499627	55.10102	-7.5860806	5.5879354e-09	0.0026087833	-9.685755e-08	-0.0075399615	0.42357972	-0.25566763	101.363144	-63.28866	0	0	1.0	1.6084911	0.008716512	1470000	2097.8002185821533
49	10.094247	3.996088	18.837528	2.4344034	126.125	50.81364	225.0	36.0	1000.0	209326.0	0.13955066666666666	0.9045642	0.6590746	3.6955938	-0.84300625	13.764605	7.692904	57.612747	-6.94204	-2.7939677e-09	-0.0002995648	7.4505806e-08	0.0010795253	0.36994725	-0.16118927	98.73062	-64.02889	0	0	1.0	1.6077211	0.0038093105	1500000	2139.580998659134
50	10.344268	3.1871386	18.101206	6.16641	116.083336	55.017357	247.0	26.0	1000.0	212821.0	0.1390986928104575	1.0308883	0.6455327	3.0687513	-0.617427	12.696487	7.0798054	53.49207	-4.88269	1.1175871e-08	-0.0009195665	0.0	-0.00084817363	0.36079144	-0.1690693	87.067375	-55.593933	0	0	1.0	1.6071749	0.0020671056	1530000	2181.1990900039673
51	10.073846	4.47957	21.11922	2.4376566	138.0	63.78153	249.0	37.0	1000.0	217026.0	0.13911923076923077	0.9956096	0.6494473	3.382577	-0.6552131	13.032409	7.558129	58.206825	-8.607601	-3.259629e-09	0.000767196	7.450581e-09	-0.011957712	0.3651002	-0.1826208	105.41069	-66.415985	0	0	1.0	1.6068299	0.009973707	1560000	2222.7991638183594
52	10.950192	2.8297832	17.011936	4.0182714	135.95833	61.39726	255.0	37.0	1000.0	221211.0	0.13912641509433962	1.0845652	0.64515483	3.3823538	-0.8900621	14.126968	7.5459805	55.037766	-10.227018	8.381903e-09	-0.0007767428	8.940697e-08	-0.0017385986	0.36741644	-0.19317788	126.324036	-89.57793	0	0	1.0	1.6068039	0.00078457873	1590000	2264.266101837158
53	10.905421	4.290367	18.156672	1.8135028	115.833336	62.572403	273.0	27.0	1000.0	224894.0	0.13882345679012345	1.1965522	0.6325038	3.4372015	-0.69610953	13.2431135	8.083982	65.25129	-9.198739	9.313226e-09	-0.0007613038	4.4703484e-08	-0.002054656	0.4135229	-0.22084282	118.9142	-81.93469	0	0	1.0	1.606823	0.0036226425	1620000	2305.577837705612
54	10.89313	3.477596	15.971317	3.753535	122.458336	56.695812	223.0	23.0	1000.0	228382.0	0.13841333333333333	1.159595	0.6922155	3.7353687	-0.737852	12.145371	7.988282	62.528004	-10.755573	-1.1175871e-08	-0.00065228203	-5.9604645e-08	-0.0010386715	0.35773075	-0.20074603	116.434235	-78.18039	0	0	1.0	1.6068373	0.00062369986	1650000	2346.9140095710754
55	12.377155	3.3762467	18.296587	5.3233676	112.166664	48.37498	197.0	12.0	1000.0	231740.0	0.1379404761904762	1.1910504	0.657896	3.2675722	-0.8495994	12.185175	7.235699	55.325226	-7.422452	0.0	-0.0011563078	-3.7252903e-08	0.00026831543	0.46345884	-0.24402504	92.19391	-61.216866	0	0	1.0	1.6070879	0.0011880875	1680000	2388.430516242981
56	11.325809	4.2844563	20.19524	2.3230894	113.958336	50.73007	225.0	19.0	1000.0	235350.0	0.1376315789473684	1.2085027	0.6529268	3.3369653	-0.73034245	11.669933	7.056297	61.88064	-8.202896	-5.5879354e-09	-0.00092519494	-7.4505806e-08	0.0025209617	0.46778324	-0.26079273	113.19054	-79.82025	0	0	1.0	1.6072505	0.006340354	1710000	2430.0346369743347
57	11.333209	3.4695807	18.769665	5.4717956	138.375	51.848988	265.0	25.0	1000.0	239621.0	0.1377132183908046	1.1436234	0.69612664	3.5010803	-0.68572485	12.94567	7.63769	54.392994	-5.667801	-1.4901161e-08	-0.0024214028	5.2154064e-08	0.0013732184	0.39588994	-0.22511198	104.71455	-73.353645	0	0	1.0	1.6072012	0.0023198875	1740000	2471.6720147132874
58	11.638621	3.4280906	20.310452	5.2781167	133.29167	69.70801	371.0	0.0	1000.0	243415.0	0.1375225988700565	1.2902315	0.6471535	3.601769	-0.784114	13.547606	8.025188	48.0336	-11.447294	9.313226e-09	-0.00020443415	-7.0780516e-08	0.0050680675	0.3683715	-0.21862546	137.92572	-100.14197	0	0	1.0	1.6070063	0.0030688504	1770000	2513.028318166733
59	12.536113	3.6998634	20.476482	3.810357	125.041664	55.02687	256.0	35.0	1000.0	246963.0	0.13720166666666667	1.2218505	0.67469144	3.9770234	-0.6349367	12.65893	8.101204	60.44282	-10.696698	5.122274e-09	-0.0004489478	-5.9604645e-08	-0.0011097019	0.30414736	-0.16396667	104.07388	-72.14408	0	0	1.0	1.6067624	0.00031272304	1800000	2554.4234549999237
60	11.474805	3.9137506	20.862997	3.5238976	131.25	76.19287	318.0	14.0	1000.0	251067.0	0.1371950819672131	1.2298206	0.6516287	2.9872563	-0.98373485	12.168225	7.708914	58.162453	-7.5262203	9.778887e-09	-0.00072385266	1.1175871e-07	8.767471e-05	0.33803463	-0.18472023	148.35175	-104.08679	0	0	1.0	1.6065285	0.00054665754	1830000	2596.3530638217926
61	12.346223	4.3838744	21.691345	5.0682554	112.041664	50.435173	205.0	44.0	1000.0	254412.0	0.13678064516129032	1.2854304	0.71084684	3.707221	-0.6269379	13.598014	7.940051	64.81163	-7.1987925	4.656613e-09	-0.0006289919	-9.313226e-08	-0.0023611113	0.3505756	-0.20801656	102.83307	-63.295998	0	0	1.0	1.6064446	0.0006397398	1860000	2637.777267932892
62	12.971601	3.982187	20.190947	6.2746353	109.291664	81.902626	352.0	0.0	1000.0	257986.0	0.1365005291005291	1.2589133	0.64765865	3.4929569	-0.5632822	10.987588	7.3483677	54.48338	-8.715931	9.313226e-09	-0.0010892106	7.450581e-09	-0.00030546542	0.34305996	-0.20707636	106.06911	-68.61464	0	0	1.0	1.6062427	0.0011439285	1890000	2679.3355445861816
63	13.165303	4.9515667	24.35762	2.8103533	112.083336	57.607807	246.0	20.0	1000.0	261275.0	0.13608072916666666	1.3110322	0.70231724	3.631508	-0.7941792	11.935966	8.063261	56.96118	-11.702271	1.9557774e-08	-0.0014942398	8.195639e-08	-0.00026342645	0.4564341	-0.24960475	100.43181	-65.89136	0	0	1.0	1.6060624	0.00090798474	1920000	2720.9302332401276
64	12.747439	3.285434	18.248348	7.2872477	113.958336	50.457474	221.0	36.0	1000.0	264572.0	0.13567794871794872	1.3943008	0.6840388	3.7596395	-0.6931522	11.64963	7.1769767	47.198162	-10.042473	3.7252903e-09	-0.0014593329	4.4703484e-08	-0.0026090061	0.37007168	-0.21359289	91.61055	-58.76964	0	0	1.0	1.6057358	0.0013242915	1950000	2762.5486464500427
65	13.0129385	3.7419236	19.965921	7.5055456	136.25	48.811073	263.0	60.0	1000.0	268583.0	0.1356479797979798	1.3642662	0.69155174	3.5494394	-0.6956694	12.157466	7.4269223	46.895184	-7.050971	-9.313226e-09	-0.0010254026	-7.450581e-09	-0.00082465075	0.34162545	-0.19615531	103.81381	-65.67134	0	0	1.0	1.6053612	0.00091101695	1980000	2804.3262696266174
66	12.878217	4.6478753	21.941328	2.6678317	109.625	78.0218	275.0	0.0	1000.0	272025.0	0.1353358208955224	1.3467729	0.63492775	3.2951605	-0.4794803	11.630027	7.31469	60.95213	-8.14227	1.8626451e-09	-0.0008123582	0.0	-0.0013733879	0.36671418	-0.15781757	114.52146	-71.95506	0	0	1.0	1.6051702	0.00072294864	2010000	2846.3141524791718
67	13.703267	4.360835	21.585213	5.0935726	140.95833	91.53209	391.0	16.0	1000.0	275913.0	0.1352514705882353	1.5548315	0.7012456	3.6640344	-0.75817424	12.673583	8.570543	63.112457	-8.382983	9.313226e-10	-0.0099387085	-5.9604645e-08	-0.009084504	0.42429176	-0.27249318	142.58374	-91.088165	0	0	79.0	1.6048775	0.0054502394	2040000	2895.468092918396
68	13.968165	4.103131	23.64693	4.809313	111.833336	58.384975	228.0	12.0	1000.0	279273.0	0.1349144927536232	1.4556011	0.74746716	4.264817	-0.7726579	13.0190525	8.991349	79.214165	-10.690477	4.656613e-09	-0.010070799	5.9604645e-08	-0.010364432	0.37978297	-0.22826743	106.05998	-66.72845	0	0	79.0	1.5799433	0.0055941427	2070000	2944.197936296463
69	14.900107	4.6209106	26.039915	1.8019947	89.916664	36.478207	171.0	30.0	1000.0	282197.0	0.1343795238095238	1.5174725	0.7180097	3.7609334	-0.6461571	11.5106945	7.537395	63.673233	-12.458962	1.8626451e-08	-0.010300934	0.0	-0.0062063234	0.37333632	-0.22563295	78.083984	-51.31523	0	0	79.0	1.5631961	0.00558603	2100000	2992.958843946457
70	15.965079	3.925144	22.596725	8.232706	125.291664	59.533237	244.0	49.0	1000.0	285862.0	0.1342075117370892	1.569064	0.649047	3.5007489	-0.8061292	10.097111	7.4253187	48.515026	-12.016913	-1.6763806e-08	-0.0023548058	-2.2351742e-08	-0.007995978	0.36176336	-0.2189679	142.75873	-89.274155	0	0	8.0	1.5442405	0.004554132	2130000	3035.3999140262604
71	14.815476	3.8795598	19.909426	6.443007	111.958336	38.333492	195.0	47.0	1000.0	289085.0	0.13383564814814816	1.6092823	0.6001104	3.5081596	-0.51711005	12.7753105	8.384542	63.771523	-8.330544	0.0	-0.00092423055	3.0733645e-08	-0.0017897254	0.3527004	-0.22338454	96.07942	-61.362244	0	0	1.0	1.540808	0.002133811	2160000	3076.9531247615814
72	15.16523	2.8567958	21.551722	9.737916	116.958336	61.498966	239.0	3.0	1000.0	292494.0	0.13355890410958904	1.6015925	0.64792687	3.501333	-0.5471829	11.230899	6.8276315	53.78011	-14.346378	-6.9849193e-09	-0.0012811797	1.4901161e-08	8.128828e-05	0.283634	-0.1750995	92.787506	-55.21977	0	0	3.0	1.5396936	0.0010700632	2190000	3118.5763306617737
73	16.543882	3.7992532	23.448793	8.807896	111.5	40.57914	193.0	32.0	1000.0	295811.0	0.1332481981981982	1.6868387	0.68195784	3.566052	-0.7626001	12.217297	7.4608855	53.016953	-6.06111	-1.8626451e-09	-0.010779313	2.4214387e-08	-0.003853775	0.33653075	-0.20842025	90.850266	-55.310425	0	0	79.0	1.5373214	0.0058522	2220000	3167.648267030716
74	17.170595	2.9420445	23.057487	12.100297	121.916664	72.0069	321.0	33.0	1000.0	299197.0	0.13297644444444445	1.7269758	0.6600053	3.6624951	-0.4826035	11.264132	7.2511263	52.723705	-9.853175	-1.8626451e-08	-0.009969178	0.0	-0.0044116937	0.3811802	-0.24293658	98.37053	-61.90667	0	0	79.0	1.5152912	0.0057560955	2250000	3216.5695765018463
75	16.528137	2.915729	22.129545	10.1167345	131.04167	59.487026	288.0	51.0	1000.0	303019.0	0.1329030701754386	1.7888093	0.65009385	3.7752867	-0.40196827	10.922946	7.383898	63.04071	-12.93513	-9.313226e-09	-0.0111589525	0.0	-0.011113173	0.4375484	-0.26870793	119.528305	-72.96767	0	0	79.0	1.5018686	0.0061884313	2280000	3265.7912764549255
76	16.360472	4.285986	23.62316	7.3065896	117.666664	60.39845	230.0	21.0	1000.0	306455.0	0.13266450216450215	1.7682354	0.6596188	3.8832257	-0.31061152	12.339552	6.830932	60.49553	-11.206421	5.5879354e-09	-0.010791035	8.195639e-08	-0.007565208	0.3911476	-0.25677064	109.04469	-68.504456	0	0	79.0	1.4698627	0.0057919654	2310000	3314.8075828552246
77	16.951126	3.7252207	24.794281	8.858638	116.0	54.444927	243.0	29.0	1000.0	309827.0	0.13240470085470085	1.6908779	0.7104482	4.26042	-1.4211512	11.462758	7.8816304	63.942684	-13.419533	-2.7939677e-09	0.019340437	1.1175871e-08	0.0017373841	0.43696114	-0.29718345	115.15094	-75.68291	0	0	5.0	1.4627359	0.03215182	2340000	3356.7502007484436
78	14.892446	4.3150077	21.405355	7.3688426	128.33333	87.50651	372.0	39.0	1000.0	313521.0	0.1322873417721519	1.6988488	0.6853974	3.880027	-1.0572929	11.412243	7.9446573	64.23439	-8.721611	3.7252903e-09	0.020506645	-1.6391277e-07	-0.011231631	0.4378909	-0.29343802	137.3943	-88.93739	0	0	1.0	1.462434	0.032361157	2370000	3399.301567554474
79	17.160376	3.282812	26.075935	11.947533	127.5	65.73177	301.0	27.0	1000.0	317418.0	0.1322575	1.6801724	0.67943025	3.954306	-0.74868107	13.067364	8.965231	62.65134	-11.716315	0.0	0.00016483478	3.7252903e-08	-0.006367746	0.39243594	-0.24795929	121.171165	-79.1281	0	0	1.0	1.4622719	0.0037053004	2400000	3441.508828163147
80	17.350924	3.8638744	32.311714	11.922826	129.08333	68.08874	319.0	38.0	1000.0	321309.0	0.1322259259259259	1.7974036	0.6546111	3.4797106	-0.5921505	12.268263	7.7911077	75.44537	-9.890826	7.450581e-09	-0.0004600793	-2.9802322e-08	0.0028336649	0.40670282	-0.25192475	132.42146	-79.70358	0	0	1.0	1.4624465	0.0011593874	2430000	3482.9685711860657
81	17.271843	3.1922395	22.751556	11.378423	127.208336	59.745277	252.0	13.0	1000.0	324908.0	0.13207642276422765	1.814148	0.6687508	3.8865173	-0.5907731	13.440894	8.454107	74.16518	-13.484026	3.7252903e-09	0.0006724617	-1.4901161e-08	-0.002005668	0.38233006	-0.2383111	100.47192	-57.97637	0	0	1.0	1.4626431	0.006733086	2460000	3523.751698732376
82	16.81497	3.020469	21.435883	10.109057	121.083336	43.43474	201.0	46.0	1000.0	328603.0	0.1319690763052209	1.7243915	0.66137433	3.593453	-0.48348182	12.381348	6.7616973	59.819355	-10.134905	-1.3969839e-09	-0.00032541435	5.9604645e-08	0.0014441146	0.42557117	-0.27578416	108.75953	-60.532192	0	0	1.0	1.4631529	0.0029945648	2490000	3564.4366552829742
83	17.437042	2.7707174	22.987474	12.067901	134.20833	50.30654	241.0	51.0	1000.0	332451.0	0.131925	1.7442474	0.65242183	3.7430623	-0.8223591	13.008173	6.910134	59.76527	-7.639044	7.450581e-09	0.0027302827	5.9604645e-08	-0.0033689486	0.29677814	-0.19253501	107.09192	-60.663292	0	0	1.0	1.463741	0.009187361	2520000	3605.2863960266113
84	17.778742	3.944686	25.20959	10.004026	118.5	58.973156	246.0	23.0	1000.0	335806.0	0.1316886274509804	1.6965373	0.6341343	3.699015	-0.6008449	11.988375	6.815521	53.754433	-9.30898	8.381903e-09	-0.0008043117	2.9802322e-08	0.00051320344	0.38582042	-0.25071588	101.27722	-58.30314	0	0	1.0	1.4643476	0.0028538723	2550000	3645.768754720688
85	17.784212	3.1161406	23.471458	10.671164	144.58333	65.140816	331.0	66.0	1000.0	339961.0	0.13176782945736434	1.8305503	0.6594074	3.7496018	-0.1906412	12.879052	7.4674864	69.50111	-11.035551	-2.7939677e-09	-0.00047325157	-5.9604645e-08	-0.004435625	0.32730594	-0.2087011	143.13531	-89.48075	0	0	1.0	1.4648259	0.0031369166	2580000	3686.4002826213837
86	18.376932	2.9340458	23.659756	9.53775	111.291664	53.128365	238.0	26.0	1000.0	343294.0	0.13153026819923372	1.8300973	0.6352235	3.7743602	-0.13891712	13.467322	7.8266077	68.90492	-9.039753	7.450581e-09	-0.00025424315	2.9802322e-08	-0.0010147877	0.3623796	-0.22982113	99.971886	-56.05887	0	0	1.0	1.4655094	0.002766723	2610000	3726.5248715877533
87	17.763962	3.120618	23.311674	12.343022	121.958336	48.814682	240.0	37.0	1000.0	347235.0	0.1315284090909091	1.8744684	0.66507107	4.001481	-0.4563001	11.725516	7.480444	65.80188	-10.11764	0.0	-0.0009756172	-3.7252903e-08	0.00041842368	0.3653884	-0.23050383	114.7379	-67.49982	0	0	1.0	1.4661446	0.0025196667	2640000	3766.8122465610504
88	17.875486	4.5355744	23.620707	3.9687436	119.75	60.602703	253.0	22.0	1000.0	350773.0	0.1313756554307116	1.8327978	0.64261574	3.7216642	-0.5129429	12.69618	7.1636534	55.190655	-6.3255997	1.5832484e-08	0.000117351534	2.9802322e-08	-0.0005308143	0.4072405	-0.25713745	99.2818	-59.423016	0	0	1.0	1.4667853	0.0061937273	2670000	3806.8791761398315
89	16.529684	5.003369	27.329645	5.3913035	106.166664	45.857265	218.0	15.0	1000.0	353919.0	0.13108111111111112	1.8193703	0.6624491	4.2655187	-0.27845106	11.480327	7.590218	59.70311	-11.538116	-5.5879354e-09	-0.0003699134	-2.9802322e-08	-0.00078461086	0.41432238	-0.27579486	81.00903	-47.65866	0	0	1.0	1.4674091	0.0006630513	2700000	3847.1005177497864
90	17.561321	2.8079746	22.05841	11.649025	120.916664	53.345505	211.0	33.0	1000.0	357344.0	0.1308952380952381	1.7862453	0.64300466	3.8765044	-0.26773435	10.921026	7.012522	61.111477	-8.810851	-1.1175871e-08	-0.00040726317	-1.1175871e-07	-0.00049323053	0.3847856	-0.24250595	91.13151	-56.182896	0	0	1.0	1.4678664	0.0005816048	2730000	3887.2248611450195
91	17.485056	3.7856727	25.941116	11.731614	128.25	54.5659	252.0	28.0	1000.0	361253.0	0.13088876811594202	1.8139266	0.64680284	3.6260834	-0.2662926	12.495931	7.071634	63.79358	-8.007271	1.8626451e-09	-0.000971201	7.4505806e-08	0.0008288417	0.3820123	-0.22852488	98.83677	-60.743126	0	0	1.0	1.468276	0.003307865	2760000	3927.2966022491455
92	17.211496	3.1799798	23.097065	11.276489	120.125	78.63328	279.0	3.0	1000.0	364854.0	0.13077204301075268	1.7833474	0.6561505	3.8940382	-0.33999884	12.600375	7.77588	63.325294	-6.3480005	-1.1175871e-08	-0.0005116365	2.9802322e-08	-0.00012860261	0.3143046	-0.2004265	132.5867	-81.70402	0	0	1.0	1.4687308	0.001072064	2790000	3967.3727843761444
93	16.320055	5.2690744	25.520662	-2.1011322	125.0	54.131783	285.0	0.0	1000.0	368449.0	0.13065567375886525	1.734642	0.6189753	3.6146228	-0.36990854	11.793808	7.7640104	65.7699	-9.160796	-5.5879354e-09	-0.00055740535	-5.7742e-08	0.0005581747	0.3881144	-0.25435635	97.90125	-56.112015	0	0	1.0	1.4691772	0.0014618305	2820000	4007.4126002788544
94	17.000778	3.317352	23.561562	9.942413	137.0	83.394646	348.0	19.0	1000.0	372338.0	0.13064491228070174	1.759927	0.6370828	3.9635808	-0.25835022	13.427852	7.7370124	64.26367	-7.6016774	-3.7252903e-09	-0.0010775359	0.0	-0.0017377017	0.37895942	-0.24326174	126.31463	-79.38342	0	0	1.0	1.469552	0.0016159235	2850000	4047.3044261932373
95	18.688192	4.334745	31.218084	11.873961	97.708336	43.836327	166.0	30.0	1000.0	375335.0	0.13032465277777777	1.8047317	0.63712406	3.58309	-0.6453281	12.937588	7.3934426	65.05568	-10.065234	-2.7939677e-09	9.258068e-05	-1.1175871e-07	0.0014501587	0.44273078	-0.2737813	81.36552	-51.647587	0	0	1.0	1.4699495	0.0010428544	2880000	4087.6328406333923
96	17.696236	3.566864	23.165403	8.817472	114.958336	70.54341	336.0	25.0	1000.0	378717.0	0.13014329896907217	1.8896468	0.6715594	3.8923852	-0.35706908	10.060752	5.67102	49.756435	-5.031657	-7.450581e-09	-0.0006622372	1.0430813e-07	-0.0009540133	0.35864517	-0.22420326	104.614204	-56.90763	0	0	1.0	1.4703541	0.0007525387	2910000	4127.600736141205
