Epoch	AverageEpRet	StdEpRet	MaxEpRet	MinEpRet	AverageEpCost	StdEpCost	MaxEpCost	MinEpCost	EpLen	CumulativeCost	CostRate	AverageVVals	StdVVals	MaxVVals	MinVVals	AverageCostVVals	StdCostVVals	MaxCostVVals	MinCostVVals	LossPi	DeltaLossPi	SurrCost	DeltaSurrCost	LossV	DeltaLossV	LossVC	DeltaLossVC	Penalty	DeltaPenalty	StopIter	Entropy	KL	TotalEnvInteracts	Time
0	1.7872249	2.8227937	8.069475	-2.5413897	8.666667	12.351339	39.0	0.0	1000.0	260.0	0.008666666666666666	0.61136246	0.6715163	2.045009	-1.3124022	-0.3960286	0.11334294	0.078666866	-0.813013	-2.0345052e-09	0.022904836	-2.4414062e-08	0.0021178224	1.1256325	-0.90558076	6.985447	-2.5445218	0	0	1.0	1.837877	0.035415888	30000	80.17109727859497
1	0.6105385	2.6202376	8.645336	-2.423904	7.3	11.486659	41.0	0.0	1000.0	479.0	0.007983333333333334	0.23762415	0.5521579	1.58987	-1.3547581	0.5292612	1.1004329	5.4984093	-2.31307	-7.1207684e-09	0.063045524	6.1035155e-09	0.0014886903	0.24033771	-0.067057654	4.6575575	-0.55444956	0	0	1.0	1.8382797	0.10548999	60000	160.30828166007996
2	1.4801341	2.4413273	8.087158	-1.8999488	10.3	13.334541	59.0	0.0	1000.0	788.0	0.008755555555555556	0.15266305	0.51063305	1.6000541	-1.4810301	0.910038	0.990288	5.381197	-1.8898333	4.0690105e-09	0.0022122997	-8.138021e-09	-0.0004423177	0.21193184	-0.04179564	5.2726564	-1.1464057	0	0	1.0	1.8388753	0.0065263044	90000	240.19702816009521
3	1.6798884	2.6097226	9.0774765	-1.272709	7.4333334	11.017208	41.0	0.0	1000.0	1011.0	0.008425	0.1960976	0.5792295	1.757534	-1.6748146	1.0654905	1.2648891	9.075768	-1.607305	-1.2207031e-08	0.0024739339	8.138021e-09	0.0018901917	0.23123744	-0.043993294	3.9879904	-1.0789492	0	0	1.0	1.8394394	0.010981569	120000	319.5099928379059
4	2.8592966	3.0722585	8.480955	-1.6668024	8.033334	11.394395	35.0	0.0	1000.0	1252.0	0.008346666666666667	0.16745423	0.58994764	1.8473079	-1.5543847	0.7256844	0.95647633	8.837264	-0.59023327	4.0690105e-09	-0.007205898	-8.138021e-09	-0.00022792969	0.23630542	-0.07144217	3.9445555	-1.1238201	0	0	79.0	1.8397832	0.0045963144	150000	408.5662395954132
5	1.9253566	2.9883869	9.483808	-1.8592633	13.666667	16.236446	52.0	0.0	1000.0	1662.0	0.009233333333333333	0.31302333	0.6176142	1.7787559	-1.4522011	1.0072455	1.6074041	14.789846	-0.80344254	-2.2379558e-08	-0.0014368703	1.525879e-08	-0.00045833943	0.21530963	-0.040567353	6.937047	-1.8158188	0	0	14.0	1.822433	0.0031580299	180000	481.522362947464
6	1.9358637	3.7260177	11.92223	-2.4329598	11.366667	15.164615	58.0	0.0	1000.0	2003.0	0.009538095238095238	0.1916827	0.5688581	1.690196	-1.5431315	1.117177	1.9612098	15.905585	-1.3407469	-2.0345052e-09	-0.000117143754	4.0690105e-09	-0.00011688639	0.21599358	-0.03698221	4.9212046	-1.2150774	0	0	1.0	1.8213027	0.0003263237	210000	552.5948920249939
7	2.5271678	3.5875905	15.0912285	-1.818005	7.0	12.307179	58.0	0.0	1000.0	2213.0	0.009220833333333333	0.21285324	0.62744343	1.9927912	-1.5393126	1.0309819	1.5114747	15.116787	-0.8954113	-2.4414062e-08	-0.0010937011	3.0517577e-09	-0.00017374574	0.28325507	-0.055226207	4.7266507	-1.9619074	0	0	1.0	1.8211026	0.001849042	240000	623.2215218544006
8	2.629155	3.303733	11.017138	-2.7021518	7.633333	11.273814	38.0	0.0	1000.0	2442.0	0.009044444444444445	0.31712705	0.586306	1.7870988	-1.4914467	0.7637377	1.0787376	13.318364	-1.3942976	0.0	-0.0070835976	-1.2207031e-08	0.00030091958	0.24804242	-0.045154333	4.526393	-1.2507317	0	0	79.0	1.8208282	0.0043316702	270000	703.2502436637878
9	2.0396698	3.5544972	10.106077	-2.1894119	13.433333	18.93266	79.0	0.0	1000.0	2845.0	0.009483333333333333	0.26318017	0.6442087	2.0636566	-1.4557908	0.9079247	1.5691215	17.234364	-1.0660166	-1.4241537e-08	-0.00840069	1.4241537e-08	-0.0006192119	0.18584818	-0.038113683	6.2131324	-2.3482585	0	0	79.0	1.8104515	0.005134806	300000	783.3719792366028
10	3.5395038	3.411741	10.073128	-2.408353	9.3	16.563313	62.0	0.0	1000.0	3124.0	0.009466666666666667	0.31741026	0.62205213	1.7553066	-1.5270692	1.5165471	1.9593976	16.588066	-1.4314587	1.2207031e-08	0.00068396603	-4.0690104e-08	0.00040660807	0.2598923	-0.054265976	6.4709435	-3.0888147	0	0	2.0	1.7870307	0.0024795919	330000	854.0585117340088
11	2.7280345	3.5327635	11.722866	-1.6934947	14.566667	17.859982	68.0	0.0	1000.0	3561.0	0.009891666666666667	0.30448577	0.68513453	2.188985	-1.4266974	0.76982135	1.4270059	18.474102	-1.5798637	0.0	-0.0005955343	-5.086263e-10	0.0011009119	0.17086005	-0.035551384	9.091286	-3.09417	0	0	1.0	1.7864316	0.0027593165	360000	923.7922255992889
12	3.4354618	3.1928878	9.679006	-1.8632258	9.5	9.969119	37.0	0.0	1000.0	3846.0	0.009861538461538462	0.36446556	0.661888	1.9040221	-1.4626659	1.685705	1.9525347	19.887383	-1.2510567	1.1189779e-08	-0.0005311134	1.4241537e-08	-2.4696858e-05	0.19326371	-0.042815387	6.2473116	-2.9636235	0	0	1.0	1.786103	0.0014411921	390000	995.0907928943634
13	3.276491	2.6495554	9.033881	-0.9441301	8.366667	9.375441	35.0	0.0	1000.0	4097.0	0.009754761904761905	0.35788083	0.62885296	1.6413833	-1.3746933	1.0041049	1.334043	15.269816	-0.16889073	-6.1035155e-09	-0.0011040405	-1.6276042e-08	-0.00027318523	0.19219558	-0.05171892	4.846695	-1.9933705	0	0	1.0	1.7858219	0.0018708901	420000	1065.8862464427948
14	2.5141275	2.3521683	8.978335	-1.0880568	7.3333335	11.148493	41.0	0.0	1000.0	4317.0	0.009593333333333334	0.29139727	0.66833836	2.0340383	-1.3411119	0.9590068	1.4974626	16.670399	-0.7658525	-3.0517577e-09	-0.00015022226	3.0517577e-09	-0.00015225017	0.14952487	-0.02882906	4.150611	-1.4191391	0	0	1.0	1.7856662	0.0006197062	450000	1137.0364344120026
15	3.3689392	3.255956	13.42968	-1.8776193	6.733333	11.94692	49.0	0.0	1000.0	4519.0	0.009414583333333334	0.33918944	0.61045706	1.5696466	-1.1495622	0.68291485	1.0787278	17.40769	-0.38335544	1.2207031e-08	-0.0012530314	-3.0517577e-09	0.00043589782	0.20709886	-0.04458639	3.627071	-1.2034354	0	0	1.0	1.7856147	0.0038468346	480000	1208.3361451625824
16	2.2412431	3.366517	15.073817	-2.3277183	7.4	12.478246	46.0	0.0	1000.0	4741.0	0.00929607843137255	0.3092094	0.67211235	1.9699142	-1.3664232	0.76167655	1.3947128	17.45431	-2.0188537	4.0690105e-09	0.0051931352	-1.0172526e-09	0.0013301199	0.15630308	-0.044450536	4.551457	-1.4599419	0	0	3.0	1.7855301	0.011071528	510000	1280.9549140930176
17	3.1207805	3.490411	9.90674	-2.0711982	16.8	19.140533	77.0	0.0	1000.0	5245.0	0.009712962962962963	0.29434517	0.6747352	2.0975115	-1.1653155	0.967944	1.6015624	15.728861	-1.0111585	1.93278e-08	-0.00044542947	1.2207031e-08	-0.00032608642	0.17145683	-0.04220459	10.121002	-3.9488916	0	0	1.0	1.7845638	0.0016583173	540000	1352.601140499115
18	1.8312763	3.1353855	10.283571	-1.8491647	9.5	10.525366	38.0	0.0	1000.0	5530.0	0.009701754385964913	0.28496817	0.658731	2.1497588	-1.3601689	1.491861	1.9444218	21.702793	-0.30625832	-5.086263e-09	-0.00048625283	-1.6276042e-08	-0.00013051758	0.14790429	-0.04688274	4.4501505	-1.6784317	0	0	1.0	1.7839868	0.0004479087	570000	1424.8157908916473
19	2.5425007	2.8537116	10.100423	-2.0292242	9.6	11.053205	45.0	0.0	1000.0	5818.0	0.009696666666666666	0.23384614	0.62728745	1.5204945	-1.3882028	0.86746067	1.1486846	13.604648	-0.4008933	8.138021e-09	-0.0014438339	-1.0172526e-08	-6.5244545e-05	0.15237291	-0.03850793	4.9879103	-1.163908	0	0	1.0	1.7837045	0.0021117066	600000	1496.1578304767609
20	3.3593612	2.8356342	8.299857	-1.8789206	8.666667	13.201852	47.0	0.0	1000.0	6078.0	0.009647619047619047	0.28921983	0.57364684	1.5720392	-1.4031168	0.93533236	1.2595092	13.337819	-0.3943392	2.2888184e-08	-0.0015064303	-8.138021e-09	-0.0012384704	0.16834286	-0.048511818	4.587913	-1.6548886	0	0	1.0	1.7836225	0.0035767918	630000	1567.440691947937
21	3.2473173	4.0681815	12.39315	-1.8286042	10.7	13.73839	44.0	0.0	1000.0	6399.0	0.009695454545454545	0.3411362	0.63228554	1.9135672	-1.3146058	0.79774517	1.5363895	21.294071	-0.7341321	0.0	-0.00047066447	2.4414062e-08	2.286784e-06	0.19197592	-0.040334284	5.2775564	-1.7401555	0	0	1.0	1.7836258	0.0004839805	660000	1638.7721314430237
22	3.9956062	3.2569802	9.964456	-1.8282274	10.266666	15.088481	77.0	0.0	1000.0	6707.0	0.009720289855072464	0.39697504	0.7005173	2.0126624	-1.5265533	1.0851618	1.7288157	17.500263	-1.8612479	-2.0345052e-09	-0.007616834	6.1035155e-09	-0.0008059489	0.16735575	-0.040289566	5.5908937	-2.357526	0	0	79.0	1.7837996	0.0047423835	690000	1719.440468788147
23	3.0994391	2.6865957	9.558382	-1.1153413	13.666667	16.601873	67.0	0.0	1000.0	7117.0	0.009884722222222222	0.3811737	0.66817933	2.20986	-1.4987565	1.0413768	1.9187918	22.548834	-1.5388582	-8.138021e-09	-0.007459546	-4.0690105e-09	-0.0016259827	0.16747528	-0.044299483	7.577793	-2.3698864	0	0	79.0	1.7768043	0.004446465	720000	1799.7563126087189
24	4.441007	4.156642	13.667613	-1.8468739	11.7	12.546313	40.0	0.0	1000.0	7468.0	0.009957333333333334	0.3606412	0.64808375	1.8289282	-1.4131066	1.5051752	2.0356464	22.407972	-1.9796641	-8.138021e-09	-0.007848315	0.0	-0.0016032715	0.19381286	-0.060006693	6.07535	-2.4465926	0	0	79.0	1.7783599	0.005071912	750000	1880.3470871448517
25	3.2785285	3.4456112	13.1792965	-1.5272251	20.466667	18.906319	78.0	0.0	1000.0	8082.0	0.010361538461538462	0.34760505	0.66985434	2.22407	-1.4017705	1.2948323	1.9231604	21.320892	-1.1650667	4.0690105e-09	-0.005104877	-2.1362304e-08	0.001758369	0.18611012	-0.06223301	10.341093	-4.451939	0	0	47.0	1.7641115	0.006540975	780000	1958.4385313987732
26	3.2481272	3.418233	12.687653	-2.3951209	16.866667	14.564187	42.0	0.0	1000.0	8588.0	0.01060246913580247	0.41362375	0.6792086	2.5590332	-1.308963	1.9202871	2.3529818	19.542355	-1.2488673	8.138021e-09	-0.00027152913	-8.138021e-09	0.0010222208	0.18218517	-0.073494256	7.2174745	-2.386973	0	0	1.0	1.7331927	0.0013434312	810000	2031.2042694091797
27	3.8754847	3.2840922	10.869434	-1.6859545	16.166666	18.10724	69.0	0.0	1000.0	9073.0	0.010801190476190476	0.34823075	0.6841893	2.0599031	-1.3372661	1.6696748	2.0543191	21.67861	-1.948195	1.1189779e-08	-0.00084884337	2.5431316e-08	-3.7535607e-05	0.15686592	-0.03789287	6.500351	-2.3477883	0	0	1.0	1.7330873	0.00076628494	840000	2103.7086153030396
28	4.257896	3.3938508	13.680032	-1.2084415	12.766666	15.014844	47.0	0.0	1000.0	9456.0	0.01086896551724138	0.4294426	0.68497306	2.2762113	-1.2712967	1.7656415	2.2191777	20.843565	-2.6609547	4.0690105e-09	-0.0006298645	-1.2207031e-08	3.1355794e-05	0.20425683	-0.059374347	5.432484	-2.3756752	0	0	1.0	1.7330933	0.00097600545	870000	2174.7907271385193
29	4.667134	3.9568198	16.92451	-1.575794	10.5	12.693174	57.0	0.0	1000.0	9771.0	0.010856666666666667	0.47031942	0.6447431	2.9516425	-1.1685231	1.3870462	2.0347495	22.492132	-3.0366495	2.0345052e-09	-0.0025694398	-1.0172526e-08	9.018351e-05	0.21478918	-0.056408837	4.3092537	-1.62711	0	0	8.0	1.7330384	0.0032409239	900000	2246.960289001465
30	4.5758944	3.8542526	11.729907	-1.6030606	13.033334	11.388542	32.0	0.0	1000.0	10162.0	0.010926881720430107	0.50887024	0.71831155	2.6162462	-1.2778575	1.2756301	1.8786612	22.732216	-3.0391681	1.2207031e-08	-0.0006823914	-2.0345052e-08	0.00013999226	0.22190934	-0.055111095	6.352335	-2.8815012	0	0	1.0	1.7278701	0.0016906982	930000	2318.3464012145996
31	4.51101	3.499756	10.659982	-2.2204428	9.166667	13.381787	47.0	0.0	1000.0	10437.0	0.010871875	0.46244228	0.71331555	2.4035559	-1.3963797	1.1688623	1.6861733	21.800459	-2.937792	1.0172526e-09	0.00081250514	-8.138021e-09	0.0010832875	0.1949167	-0.038183138	4.7382364	-2.1633265	0	0	3.0	1.7263651	0.006954866	960000	2391.5308814048767
32	4.7696104	3.8851311	14.045131	-1.0986061	12.2	12.744672	43.0	0.0	1000.0	10803.0	0.010912121212121212	0.48569694	0.7092145	2.247727	-1.2705768	0.9325399	1.4163816	15.231218	-2.3932152	-1.7801921e-09	7.442932e-05	-4.0690105e-09	-0.0006685038	0.18595237	-0.0510927	6.123227	-2.3905761	0	0	1.0	1.7236406	0.00179373	990000	2462.8486154079437
33	3.3526452	2.9234602	9.772572	-1.0029335	9.433333	16.672697	75.0	0.0	1000.0	11086.0	0.010868627450980392	0.4776468	0.6721046	2.7996655	-1.2374967	1.1419208	1.4545279	15.28147	-3.5690582	8.138021e-09	-0.00051195885	8.138021e-09	1.4440918e-05	0.17810665	-0.07368297	6.4437833	-3.3483908	0	0	1.0	1.7223139	0.0024018483	1020000	2534.5144579410553
34	3.9525797	3.5782306	9.818321	-1.8668464	7.6	12.238191	36.0	0.0	1000.0	11314.0	0.010775238095238095	0.39463738	0.678641	2.5645692	-1.3262935	1.0486103	1.7202016	22.464304	-2.8378801	4.0690105e-09	-0.0006585002	1.6276042e-08	-0.000106797284	0.17706765	-0.058251664	4.2549963	-2.093188	0	0	1.0	1.721308	0.0013476277	1050000	2605.9623000621796
35	4.9858103	3.7910018	13.1512165	-0.9232171	10.0	14.030918	45.0	0.0	1000.0	11614.0	0.010753703703703705	0.5321326	0.6727113	2.5196214	-1.1489576	0.73342526	1.2121701	22.145437	-2.206016	-2.2379558e-08	-0.0012216471	8.138021e-09	0.00042049965	0.21806861	-0.0678734	5.311969	-2.151559	0	0	1.0	1.7204093	0.0030292105	1080000	2677.7601187229156
36	5.67012	3.7485533	13.808706	-1.5213362	10.666667	13.21447	53.0	0.0	1000.0	11934.0	0.010751351351351352	0.5101017	0.69342	1.9404513	-1.230924	1.2028922	1.8362354	19.963127	-2.9555478	4.0690105e-09	-0.0004186788	-2.5431315e-09	0.00036622366	0.22727239	-0.06554249	4.8403316	-2.2000341	0	0	1.0	1.7198393	0.00051390723	1110000	2748.63099193573
37	4.1716123	2.926485	8.857519	-1.3661422	12.6	16.99529	85.0	0.0	1000.0	12312.0	0.0108	0.5435594	0.6983144	2.2565432	-1.1077332	1.1725386	1.9030336	21.736488	-5.099451	7.629395e-09	-0.0005152074	-1.8819174e-08	0.00037626905	0.1788028	-0.053538963	6.302628	-2.58155	0	0	1.0	1.7196269	0.0003838025	1140000	2819.610666036606
38	6.1305566	4.1487565	17.967325	-0.3575484	8.733334	14.662726	58.0	0.0	1000.0	12574.0	0.010747008547008547	0.5200896	0.67137027	2.173103	-1.1200076	1.1612132	1.7171843	21.864897	-2.882496	2.4414062e-08	-0.0008503865	-8.138021e-09	0.0003826894	0.2703559	-0.09807241	5.2823586	-2.4368706	0	0	1.0	1.719691	0.0014238413	1170000	2890.57883810997
39	4.806003	3.8781664	12.644015	-1.7315007	10.366667	12.885348	47.0	0.0	1000.0	12885.0	0.0107375	0.5641126	0.7031771	2.2577457	-1.1460541	1.0429274	1.6270447	24.859898	-2.437556	1.0172526e-08	-0.0011313049	-6.1035155e-09	0.00017831013	0.19006914	-0.061151966	4.2311344	-1.7671709	0	0	1.0	1.7198963	0.0013205317	1200000	2961.630416870117
40	3.489638	3.0014787	10.453518	-1.9013475	11.766666	14.648512	56.0	0.0	1000.0	13238.0	0.01076260162601626	0.46039233	0.672644	2.3416538	-1.2246782	1.0485009	1.5219687	24.33604	-1.8303248	2.5431315e-09	-0.0011476008	2.0345052e-08	-0.0002915324	0.17159398	-0.05698599	5.4993615	-2.857712	0	0	1.0	1.7202358	0.001752854	1230000	3034.0618512630463
41	4.417121	3.923936	12.920006	-1.5731536	10.6	11.421033	44.0	0.0	1000.0	13556.0	0.010758730158730159	0.4452243	0.66599447	2.1662202	-1.2889775	1.2256932	2.0753355	23.949514	-3.835205	-4.0690105e-09	-0.0006319092	0.0	-0.0001290273	0.19341752	-0.05816433	4.605526	-2.2133412	0	0	1.0	1.7205484	0.00033961615	1260000	3105.243854522705
42	5.8484797	3.469877	13.055928	0.22445984	12.766666	18.605885	88.0	0.0	1000.0	13939.0	0.010805426356589147	0.4865849	0.721171	2.6866095	-1.3121114	1.1625141	1.8706545	21.862633	-2.0167031	5.086263e-09	-0.00087762956	0.0	-0.0002517985	0.18043943	-0.061404742	6.6839	-3.6520498	0	0	1.0	1.7208531	0.0005884005	1290000	3176.2140848636627
43	4.5806503	3.2022333	11.637455	-1.2140831	12.566667	16.156904	52.0	0.0	1000.0	14316.0	0.010845454545454545	0.54375947	0.68213695	2.6293454	-1.2090642	1.3608717	2.078334	18.314058	-5.0637894	0.0	-0.00047014566	-3.0517577e-09	0.00019035517	0.18636167	-0.065628745	8.024293	-4.9467697	0	0	1.0	1.7212201	0.00034611145	1320000	3246.9058089256287
44	6.184268	4.799449	14.488296	-0.6121432	6.4666667	9.945631	33.0	0.0	1000.0	14510.0	0.010748148148148147	0.5150351	0.70036143	2.6108134	-1.3122112	1.0805625	1.4791745	19.717857	-4.550274	0.0	-0.008344401	2.0345052e-09	-0.00031442466	0.210651	-0.07396455	3.693556	-2.0320568	0	0	79.0	1.7214233	0.0055763377	1350000	3326.8689477443695
45	5.092209	3.3230975	11.833684	-0.6796577	14.866667	14.261213	44.0	0.0	1000.0	14956.0	0.01083768115942029	0.6383927	0.7487707	2.4152703	-1.302628	0.92254823	1.7761279	26.633053	-2.2524848	2.0345052e-08	-0.0075628664	1.2207031e-08	0.0005316813	0.21472624	-0.09530363	7.495203	-4.091816	0	0	79.0	1.6837227	0.004645123	1380000	3407.7084696292877
46	5.8265853	3.736853	17.437609	-0.7604317	11.5	10.5	32.0	0.0	1000.0	15301.0	0.01085177304964539	0.55528206	0.6714763	2.2922647	-1.2072085	1.5225794	2.0787582	22.851192	-2.45728	-3.5603842e-09	-0.008725404	6.1035155e-09	0.002602645	0.21462962	-0.061782256	5.4445887	-2.7593586	0	0	79.0	1.6747358	0.005872237	1410000	3488.350418329239
47	7.1078243	3.4912527	14.723411	1.4211793	8.366667	10.568769	36.0	0.0	1000.0	15552.0	0.0108	0.64881545	0.6528943	2.2442887	-1.2418805	1.1239436	1.4480127	17.441216	-2.16644	2.0345052e-08	-0.0085839415	-6.1035155e-09	0.0013315612	0.23775938	-0.104296	4.6234736	-2.5073066	0	0	79.0	1.6413951	0.0052912342	1440000	3569.4672589302063
48	5.9651246	2.9869666	10.790694	-0.13828167	15.333333	18.07454	54.0	0.0	1000.0	16012.0	0.01089251700680272	0.6994429	0.69582886	2.748051	-1.0400927	1.0484253	1.7965299	20.172226	-2.0294526	3.0517577e-09	-0.004239497	-1.2207031e-08	-0.00028650108	0.19490995	-0.075619705	9.349894	-5.103956	0	0	56.0	1.6061846	0.0055569042	1470000	3647.330305337906
49	6.5656796	4.1629457	18.44627	0.516488	9.066667	10.589094	35.0	0.0	1000.0	16284.0	0.010856	0.631546	0.650354	2.2836015	-1.1583165	1.316556	2.1745324	32.29104	-3.3905218	-1.2207031e-08	-0.0005100423	1.2207031e-08	5.9503174e-05	0.23548202	-0.07843144	5.4446645	-2.9267988	0	0	1.0	1.5957001	0.0023421824	1500000	3719.5140130519867
50	6.623685	4.3848467	15.444524	-1.2402704	10.233334	10.585157	38.0	0.0	1000.0	16591.0	0.010843790849673202	0.70002306	0.69721913	2.683054	-1.2732989	1.0523547	1.7132976	24.40676	-1.657094	4.577637e-09	-0.00039549966	-1.2715657e-09	-0.0005694618	0.20742108	-0.071875244	5.2974815	-2.8963509	0	0	1.0	1.5954955	0.0016730434	1530000	3791.434868812561
51	5.3339896	4.089064	15.169211	-0.5117904	12.666667	14.09334	59.0	0.0	1000.0	16971.0	0.010878846153846154	0.6418668	0.67274535	2.6014063	-1.0060396	1.0327446	1.6287543	23.301271	-3.9046116	-1.6276042e-08	0.0012219951	4.0690105e-09	0.0012815389	0.22939327	-0.08751261	8.324201	-4.679894	0	0	1.0	1.5951967	0.0054703746	1560000	3862.2756605148315
52	7.090952	4.452698	17.794523	-1.8104365	13.533334	17.22737	68.0	0.0	1000.0	17377.0	0.010928930817610063	0.6588164	0.70560104	2.9415255	-1.0903667	1.2055014	1.8110161	27.258556	-3.9286044	4.577637e-09	0.0012175402	-1.8310548e-08	0.00044136352	0.25127107	-0.12200254	8.955121	-5.4494314	0	0	1.0	1.59479	0.006565965	1590000	3933.630536556244
53	7.2109447	3.8164434	17.36613	-0.29260233	9.866667	12.513282	50.0	0.0	1000.0	17673.0	0.01090925925925926	0.69861406	0.6835653	2.7787514	-1.2942082	1.223166	1.8599573	19.44361	-2.0816562	-1.8310548e-08	0.0001651591	0.0	0.00038649852	0.20343122	-0.064408645	5.465659	-2.9575047	0	0	1.0	1.5945381	0.0055134683	1620000	4004.81734251976
54	7.0942426	3.3613498	12.407188	-1.6482031	8.966666	12.2705145	34.0	0.0	1000.0	17942.0	0.010873939393939394	0.76674634	0.66926867	2.562796	-1.0046531	1.0376027	1.5909477	17.707457	-2.493006	-1.5258789e-09	-0.0007080729	-2.2888185e-09	0.001302692	0.20900935	-0.06450002	5.0629115	-2.5643215	0	0	1.0	1.5943618	0.0036141006	1650000	4075.935955286026
55	6.977427	2.7887769	12.670857	0.4443932	13.2	17.055597	62.0	0.0	1000.0	18338.0	0.01091547619047619	0.70911777	0.67024195	2.5593598	-1.268308	1.0445594	1.7617447	23.647364	-1.6463573	-1.1189779e-08	-0.00093269045	-4.0690104e-08	-0.000999945	0.17813365	-0.06366987	5.985199	-3.0070794	0	0	1.0	1.5944016	0.0033576498	1680000	4146.692141294479
56	5.9864926	2.8692522	12.079437	0.18426119	11.633333	12.581688	51.0	0.0	1000.0	18687.0	0.010928070175438596	0.65709865	0.6662275	2.573516	-1.141369	1.2060971	1.8119581	23.133337	-1.6262578	1.0172526e-08	0.00046304625	1.2207031e-08	5.269368e-06	0.16595471	-0.05100479	6.6532006	-3.5294907	0	0	1.0	1.594692	0.0037661016	1710000	4217.884790897369
57	6.718545	3.736896	16.76683	-0.46607342	7.4333334	9.614861	35.0	0.0	1000.0	18910.0	0.010867816091954023	0.663768	0.66479015	2.6482925	-1.3711557	0.90355814	1.4185691	25.69688	-1.8830986	1.0681152e-08	-0.0005003184	3.0517577e-09	-0.0004461629	0.23814292	-0.094705924	4.410153	-2.3876662	0	0	1.0	1.5950651	0.0014046435	1740000	4288.759519100189
58	7.449661	3.3888388	14.832948	1.4342433	9.166667	9.960198	38.0	0.0	1000.0	19185.0	0.010838983050847458	0.72176355	0.6638527	3.3604293	-1.2562405	0.89295053	1.3445362	17.622507	-3.6233857	1.0172526e-08	-0.00019716696	-1.6276042e-08	-0.0002224528	0.2183204	-0.09190659	4.3224883	-2.357701	0	0	1.0	1.5955839	0.0050469115	1770000	4359.978249549866
59	6.612687	3.9696484	16.000896	0.16359586	11.8	14.034245	59.0	0.0	1000.0	19539.0	0.010855	0.75767475	0.7080537	2.871836	-1.3421901	1.076948	1.7688601	27.539658	-1.6566471	-6.1035155e-09	-0.0011831197	-4.0690105e-09	-2.1483358e-05	0.21163444	-0.08226563	7.5632906	-4.350425	0	0	1.0	1.5960286	0.0030180109	1800000	4431.175231218338
60	6.5766826	3.8922093	14.925988	-0.080619566	11.266666	15.1127615	56.0	0.0	1000.0	19877.0	0.010861748633879781	0.7186409	0.7236609	2.5774677	-1.2818385	0.9298295	1.5933607	18.88556	-2.244937	0.0	-0.0005596008	-1.2207031e-08	0.00014202882	0.19798307	-0.08442163	8.611845	-5.2516317	0	0	1.0	1.5963719	0.00043602232	1830000	4502.318791151047
61	6.366211	3.5298748	15.222924	-1.5852869	12.966666	27.691738	151.0	0.0	1000.0	20266.0	0.010895698924731183	0.6993196	0.6765332	2.7296805	-1.2001721	1.1710273	2.5271018	35.762524	-2.7514133	-5.086263e-10	-0.0006612096	-3.2552084e-08	-0.00016914673	0.19592184	-0.07759918	10.770187	-6.767793	0	0	1.0	1.5967782	0.0014411194	1860000	4573.611312627792
62	7.0593047	2.813445	12.868625	-0.008831273	10.1	13.787313	63.0	0.0	1000.0	20569.0	0.010883068783068783	0.7046538	0.68579125	2.517601	-1.2215881	1.2494082	2.484978	31.283197	-1.7361884	2.0345052e-09	-0.0013456156	-8.138021e-09	0.001173464	0.18966275	-0.08792502	7.16641	-4.1746817	0	0	1.0	1.597009	0.0027050695	1890000	4644.7106602191925
63	7.420903	3.6638174	14.885251	0.64276564	12.566667	13.717831	45.0	0.0	1000.0	20946.0	0.010909375	0.8553807	0.6837578	3.083743	-1.0735894	1.092391	1.4987254	19.897924	-1.4699053	2.1870932e-08	-0.0011719437	1.1189779e-08	0.00058667094	0.26203126	-0.1125848	7.3128467	-3.9690118	0	0	1.0	1.5971167	0.0018981206	1920000	4716.288251399994
64	6.996555	4.0625067	13.2370615	-1.8941481	15.166667	17.19706	60.0	0.0	1000.0	21401.0	0.010974871794871794	0.75533736	0.7705166	3.3016295	-1.4760286	1.1932899	2.0821412	29.319382	-1.3275598	3.1153362e-09	-0.0009404583	-4.0690105e-09	8.352864e-05	0.22711547	-0.11036652	7.49122	-3.7837763	0	0	1.0	1.5971483	0.00084763	1950000	4787.535814523697
65	6.0439587	3.237502	12.935181	-1.1656821	9.233334	10.6916895	32.0	0.0	1000.0	21678.0	0.010948484848484848	0.70364904	0.68621784	2.6370974	-1.0804055	1.2648057	1.6918627	26.856928	-1.1536654	4.0690105e-09	-0.00077474775	5.086263e-09	-0.0002615967	0.192511	-0.07612748	4.711348	-2.1316183	0	0	1.0	1.5972878	0.0014651514	1980000	4859.046772480011
66	6.9077883	3.5143628	15.247828	0.4782621	15.5	13.2079525	54.0	0.0	1000.0	22143.0	0.011016417910447761	0.70102865	0.6604243	2.4140997	-1.288981	1.0480974	1.8042731	23.076283	-1.4158491	0.0	-0.0007728648	-1.0172526e-08	0.00015708618	0.22288695	-0.092356995	9.266881	-3.8182092	0	0	1.0	1.5974853	0.00081797154	2010000	4930.045683383942
67	6.6021676	3.5334828	13.104963	0.13305144	15.3	14.408678	46.0	0.0	1000.0	22602.0	0.011079411764705883	0.76762605	0.66533726	2.8095574	-1.3579714	1.5650349	2.1694376	31.012157	-1.4254029	5.086263e-09	-0.001157071	-6.1035155e-09	-0.00044741007	0.20076029	-0.089036055	8.683512	-4.830427	0	0	1.0	1.5975342	0.0014098617	2040000	5000.930720806122
68	7.3192954	3.912171	17.798962	0.4336244	11.6	14.745847	43.0	0.0	1000.0	22950.0	0.01108695652173913	0.7032501	0.6958616	2.779819	-1.2651289	1.5107185	2.0212479	24.424387	-1.8088119	-2.1870932e-08	-0.0011333046	-8.138021e-09	-0.00037049153	0.21818751	-0.10133452	6.8849044	-3.444924	0	0	1.0	1.5975103	0.002145379	2070000	5072.166926383972
69	8.054763	3.8822916	14.785588	1.4180944	12.5	14.7913265	47.0	0.0	1000.0	23325.0	0.011107142857142857	0.74549246	0.65286124	2.8857226	-1.1113434	1.1902395	1.7587132	21.164314	-1.8473433	1.0172526e-08	-0.00013939616	-9.155274e-09	-0.00026672464	0.2637573	-0.11752011	6.865585	-4.101719	0	0	1.0	1.5975319	0.0015180036	2100000	5143.592743396759
70	8.151342	3.249845	17.158936	1.0988224	15.166667	17.339901	71.0	0.0	1000.0	23780.0	0.011164319248826292	0.8789897	0.7142673	3.133211	-1.1924568	1.3712437	2.337975	27.69264	-1.2588786	-6.1035155e-09	-0.00084481	-1.0172526e-08	0.000500767	0.19802718	-0.09248766	8.876953	-4.7981496	0	0	1.0	1.5976051	0.0021808248	2130000	5214.757488012314
71	7.5923247	4.0910573	15.294702	0.34304392	14.133333	15.4612055	60.0	0.0	1000.0	24204.0	0.011205555555555555	0.757363	0.66331035	2.7551794	-1.1165643	1.5766102	2.4650183	30.929089	-3.612262	-1.0172526e-08	-0.0079633705	-1.0172526e-08	-7.90446e-05	0.2418229	-0.11530115	7.730937	-4.1553063	0	0	79.0	1.5976589	0.0050218925	2160000	5295.122365236282
72	7.8632374	3.9554965	18.368029	0.7565037	9.966666	12.750119	46.0	0.0	1000.0	24503.0	0.011188584474885846	0.8135911	0.6763771	2.5353482	-1.1810553	1.3589078	1.8225393	20.491577	-3.721138	1.2207031e-08	-0.008129518	2.1362304e-08	0.001205316	0.21304505	-0.08553344	6.880542	-3.9401104	0	0	79.0	1.5671425	0.005148807	2190000	5375.0667979717255
73	7.9641623	3.8176343	15.037947	-1.2093775	15.733334	27.460194	146.0	0.0	1000.0	24975.0	0.01125	0.8098126	0.67735296	2.8394237	-1.0842112	1.125902	1.6366509	17.742826	-2.7511826	-6.612142e-09	0.002144693	1.0172526e-09	-0.00019719035	0.23305605	-0.10820943	14.5899	-9.096969	0	0	2.0	1.5329084	0.0040764483	2220000	5446.346830606461
74	8.344604	3.5191367	15.266308	0.63589287	8.433333	12.336081	49.0	0.0	1000.0	25228.0	0.011212444444444445	0.8545949	0.68960047	3.176056	-1.152785	1.255165	1.9020296	21.972775	-3.6468468	-8.646647e-09	-0.00037922466	8.138021e-09	-0.00040741783	0.24367644	-0.12617671	6.2921386	-3.750363	0	0	1.0	1.5326388	0.0026522907	2250000	5517.673352241516
75	7.5234065	3.0832424	14.597436	-1.5395697	11.6	13.886685	47.0	0.0	1000.0	25576.0	0.011217543859649123	0.7956518	0.680499	2.6981547	-1.1242477	1.0583751	1.6293017	20.033312	-1.3281376	1.0172526e-08	-0.0007808126	-4.0690105e-09	-0.00045335692	0.18836328	-0.08852254	6.2962165	-3.804029	0	0	1.0	1.5323569	0.001977917	2280000	5589.566283226013
76	7.5697155	4.033361	19.421227	-0.48817143	8.066667	11.269232	46.0	0.0	1000.0	25818.0	0.011176623376623377	0.7799211	0.6869219	2.995942	-1.012427	0.95122916	1.3037817	16.250187	-1.7582881	2.0345052e-09	-0.00090733846	-2.0345052e-09	-0.0001281962	0.26005724	-0.14309224	3.7389565	-1.6784143	0	0	1.0	1.5320325	0.0030502658	2310000	5660.973608255386
77	7.7985396	3.9061294	13.926901	-0.66028124	13.733334	19.766863	92.0	0.0	1000.0	26230.0	0.01120940170940171	0.8037535	0.6807003	3.477004	-1.4390327	0.92942715	1.7173907	20.972212	-1.5908691	8.138021e-09	-0.0009870381	3.0517577e-09	0.00028479716	0.2774295	-0.14628136	7.885613	-4.9354067	0	0	1.0	1.5316646	0.0015315982	2340000	5731.883581399918
78	7.7456927	3.9358406	15.359746	1.4546492	10.2	12.9367695	44.0	0.0	1000.0	26536.0	0.01119662447257384	0.8247888	0.6971639	3.0019705	-1.663985	1.1505209	2.1567252	30.734869	-1.9705116	-3.0517577e-09	-0.001285376	2.8483074e-08	-0.0019292766	0.21395439	-0.11772763	7.190047	-4.328627	0	0	1.0	1.5312657	0.0037656275	2370000	5802.980505228043
79	7.5137997	3.617471	14.2902155	-1.4707929	13.733334	16.50643	62.0	0.0	1000.0	26948.0	0.011228333333333333	0.798589	0.73374283	2.8835049	-1.143152	1.1287452	1.7967334	22.359781	-4.106661	3.0517577e-09	-0.00077100116	3.6621095e-08	-0.00052186684	0.21012546	-0.113639444	7.466499	-4.3540754	0	0	1.0	1.5307987	0.0011315951	2400000	5874.046059131622
80	8.262723	3.6521163	16.254017	1.0632942	19.433332	24.139433	102.0	0.0	1000.0	27531.0	0.01132962962962963	0.82291824	0.67418	3.3306568	-1.0229576	1.2500718	1.975373	24.87407	-1.9247451	1.0172526e-08	-0.0005871699	3.051758e-08	0.00046309814	0.22650827	-0.10880461	14.723692	-8.654236	0	0	1.0	1.530707	0.0006157315	2430000	5945.046571016312
81	8.039595	3.5011804	15.941939	1.3569708	14.166667	25.098587	122.0	0.0	1000.0	27956.0	0.011364227642276422	0.8349062	0.6601329	2.635973	-0.9511908	1.8206284	2.9183166	29.711323	-3.3978288	-1.2207031e-08	-0.0008618164	2.4414062e-08	-0.00012727051	0.20893593	-0.103578	13.634846	-8.897991	0	0	1.0	1.5307353	0.0013062733	2460000	6015.561588525772
82	8.014016	3.8202958	19.273493	1.8492091	14.333333	19.437649	69.0	0.0	1000.0	28386.0	0.0114	0.8629985	0.70624983	3.1426213	-1.125875	1.3413916	2.520031	35.38596	-4.237086	-1.1189779e-08	-0.00041878663	-4.0690105e-09	0.00044447428	0.19276533	-0.09593476	8.952481	-5.3628254	0	0	1.0	1.5306747	0.0007219579	2490000	6086.769061565399
83	9.174421	3.5951526	18.951262	3.2488399	11.966666	14.147987	61.0	0.0	1000.0	28745.0	0.011406746031746032	0.89302164	0.68592453	3.4001822	-1.3260226	1.3331786	2.2961113	29.460836	-3.7341802	8.138021e-09	-0.0007668823	-5.086263e-09	0.0003834371	0.24848083	-0.13157025	7.4186807	-4.4105787	0	0	1.0	1.5305696	0.0019642448	2520000	6157.560802698135
84	8.671456	3.544821	14.403713	0.50804216	11.1	11.32946	46.0	0.0	1000.0	29078.0	0.011403137254901961	0.939966	0.70308787	2.9111905	-0.9359028	1.2704375	2.0473433	22.86815	-2.4473302	-4.577637e-09	-0.0011820567	2.2379558e-08	-0.00028490194	0.20316982	-0.10792243	7.477758	-3.808021	0	0	1.0	1.5302348	0.002003402	2550000	6228.86519908905
85	8.933801	3.667529	14.238825	-1.9245759	14.566667	20.097567	88.0	0.0	1000.0	29515.0	0.011439922480620155	0.901753	0.64380324	2.5891862	-1.0042915	1.2375628	1.8461344	26.176662	-2.7293067	-2.0345052e-09	-0.0001309316	7.1207684e-09	0.0006775869	0.19812949	-0.09801507	14.207696	-6.7112346	0	0	1.0	1.5299445	0.0011978113	2580000	6299.886804103851
86	9.348214	3.7984037	19.176107	-0.02721709	13.7	15.188043	50.0	0.0	1000.0	29926.0	0.011465900383141762	0.9692378	0.6783197	3.552842	-1.1014279	1.4163203	2.050524	28.394604	-1.6082773	-1.0172526e-09	-0.00014332682	2.6957194e-08	-6.200511e-05	0.257153	-0.14228687	9.077582	-4.707892	0	0	1.0	1.5296007	0.00018541812	2610000	6370.834946393967
87	8.495954	3.7118468	15.745325	0.07911968	9.166667	12.832467	43.0	0.0	1000.0	30201.0	0.011439772727272727	0.94072706	0.6556575	2.8319113	-1.0306214	1.2059282	1.5976226	23.522291	-2.1389382	-8.138021e-09	-0.0016455322	-8.138021e-09	-0.00019823812	0.23812947	-0.13049608	5.4894176	-2.8753097	0	0	1.0	1.5295317	0.0034918904	2640000	13136.240621328354
