Epoch	AverageEpRet	StdEpRet	MaxEpRet	MinEpRet	AverageEpCost	StdEpCost	MaxEpCost	MinEpCost	EpLen	CumulativeCost	CostRate	AverageVVals	StdVVals	MaxVVals	MinVVals	AverageCostVVals	StdCostVVals	MaxCostVVals	MinCostVVals	LossPi	DeltaLossPi	SurrCost	DeltaSurrCost	LossV	DeltaLossV	LossVC	DeltaLossVC	Penalty	DeltaPenalty	StopIter	Entropy	KL	TotalEnvInteracts	Time
0	1.1544334	1.859348	4.963356	-1.8035861	20.833334	30.117361	91.0	0.0	1000.0	683.0	0.022766666666666668	0.544992	0.5527136	2.0239978	-1.2550879	-0.38094407	0.115461774	0.12928304	-0.73381054	3.7252903e-09	0.01668581	1.6763806e-08	-0.0166348	0.81980634	-0.6477963	31.620258	-9.501241	0.99999994	-0.031179309	1.0	1.837877	0.08937245	30000	45.19935727119446
1	0.16622816	2.5513713	6.9038215	-3.5466232	21.75	26.032433	109.0	0.0	1000.0	1296.0	0.0216	0.08451166	0.33327454	1.1941838	-1.2370896	1.8326739	1.6847214	8.623482	-1.7016847	-3.7252903e-09	0.02254144	3.7252903e-09	-0.0033982834	0.18313035	-0.04121485	15.063242	-3.3676734	0.96882063	-0.030072331	1.0	1.8383801	0.06192978	60000	87.84858226776123
2	-0.14047734	2.4844618	8.7296	-3.3994408	21.791666	19.343344	75.0	0.0	1000.0	1897.0	0.02107777777777778	-0.00335157	0.4370262	1.9004265	-1.4673829	2.6494968	2.040104	10.325729	-1.8375847	1.1175871e-08	0.006509534	-3.7252903e-09	-0.011628214	0.1548328	-0.029440343	21.363306	-4.435871	0.9387483	-0.029429436	1.0	1.8391235	0.03134354	90000	130.30288529396057
3	0.5696779	2.7175298	8.611039	-2.4214358	30.916666	30.085873	112.0	0.0	1000.0	2951.0	0.024591666666666668	-0.03400246	0.46150696	1.6507471	-1.4596697	2.302627	1.7123071	8.5861225	-1.91521	1.4901161e-08	-0.012287229	4.0978193e-08	-0.029365372	0.17757218	-0.033448875	29.940819	-4.9687557	0.90931886	-0.0026189089	37.0	1.8396509	0.012709986	120000	174.61931014060974
4	0.44503066	2.3546944	6.547032	-2.7142434	26.375	30.48198	145.0	0.0	1000.0	3673.0	0.024486666666666667	-0.01680317	0.44587246	1.3883737	-1.3666054	3.2296472	1.9719292	12.812724	-1.3556143	1.8626451e-09	-0.012039449	3.7252903e-09	-0.028977549	0.22078955	-0.035417564	24.27926	-5.1938343	0.90669996	0.0017885566	37.0	1.831563	0.012384232	150000	218.6195912361145
5	0.95338064	2.731091	9.433399	-2.8256238	26.458334	21.509647	89.0	0.0	1000.0	4417.0	0.024538888888888888	0.007579297	0.52166	1.8246346	-1.7202677	2.8837485	2.3367712	16.613466	-1.1700457	4.656613e-09	-0.010304338	-9.313226e-09	-0.026942737	0.2162641	-0.049703345	20.863724	-3.9660811	0.9084885	0.00598228	42.0	1.833194	0.012632729	180000	265.17961835861206
6	0.6332277	2.0048118	4.837349	-4.3959327	21.25	23.432972	76.0	0.0	1000.0	5021.0	0.02390952380952381	0.018033415	0.53958875	1.8049366	-1.5217851	2.2197292	1.6086204	17.648487	-1.530405	1.8626451e-09	-0.009957525	0.0	-0.02479954	0.18474805	-0.03575656	16.817097	-2.7696495	0.9144708	-0.0014555454	32.0	1.8264443	0.011947118	210000	309.7652997970581
7	0.5854053	2.234291	4.851633	-2.8238144	30.291666	26.724644	103.0	0.0	1000.0	5918.0	0.024658333333333334	0.014867906	0.45902747	1.7901793	-1.5598832	2.3385367	1.9744245	17.578392	-2.4721103	0.0	-0.0122432085	9.313226e-09	-0.028289903	0.20979041	-0.050741997	22.436008	-5.753619	0.91301525	0.0071587563	32.0	1.821804	0.012780419	240000	354.2545442581177
8	1.4439987	2.262669	8.052179	-1.8630555	20.416666	15.84013	52.0	0.0	1000.0	6620.0	0.02451851851851852	0.12315268	0.52988756	1.9201103	-1.5122039	3.0852764	2.4736197	21.295963	-1.9843068	-6.519258e-09	-0.0058198627	5.5879354e-09	-0.014739726	0.19545978	-0.049572706	18.787796	-4.420295	0.920174	-0.0015429258	12.0	1.8024412	0.008436199	270000	397.05015993118286
9	2.1528661	3.0005023	13.231236	-1.6850413	30.75	30.752033	140.0	0.0	1000.0	7485.0	0.02495	0.08706742	0.52812237	1.4570403	-1.6827939	3.0910444	2.5722785	22.949978	-0.4448529	-5.5879354e-09	0.0012868341	-7.450581e-09	-0.00042607868	0.17152053	-0.039836913	25.257303	-6.016903	0.9186311	0.004135251	1.0	1.7994049	0.006787574	300000	439.4644441604614
10	1.5597878	2.6737885	9.771081	-1.7352543	26.083334	25.821367	117.0	0.0	1000.0	8216.0	0.0248969696969697	0.12393026	0.5142071	1.7517062	-1.5902735	2.9193094	2.0862532	16.604774	-1.1504104	-9.313226e-09	0.0010352719	-3.7252903e-09	-0.0037527133	0.19472222	-0.045925766	17.596123	-4.0314684	0.9227663	0.004912734	1.0	1.7992861	0.012932509	330000	481.01631927490234
11	3.2577953	3.2368472	13.058718	-2.567889	26.5	20.571014	82.0	0.0	1000.0	8933.0	0.02481388888888889	0.20373698	0.5726437	2.014602	-1.5598751	2.6872516	2.2915666	21.059166	-0.51641977	-6.0535967e-09	-0.0005167199	-1.3038516e-08	-0.0031869672	0.2528735	-0.060402453	18.002007	-3.8285642	0.92767906	0.0060760975	1.0	1.799191	0.007544555	360000	521.8573195934296
12	2.1001065	2.6139615	7.8154473	-1.6262559	35.458332	19.27429	66.0	0.0	1000.0	9861.0	0.025284615384615385	0.21448515	0.57889396	1.9010586	-1.6252347	2.6329303	1.8830173	16.671593	-1.7919257	-3.7252903e-09	-0.0011490725	0.0	-0.0045517897	0.22897612	-0.056649134	21.89682	-4.715118	0.93375516	0.013487816	1.0	1.7989953	0.0053621586	390000	564.3442902565002
13	1.4314489	2.1350336	5.281685	-2.7521098	28.375	20.297398	75.0	0.0	1000.0	10664.0	0.02539047619047619	0.16547298	0.5818972	1.8109665	-1.5537069	2.8737078	2.0274568	21.43501	-1.7137508	-1.1175871e-08	-0.00036663946	-7.450581e-09	-0.0013054158	0.19469926	-0.053128168	19.527943	-5.374171	0.947243	0.014990747	1.0	1.7985713	0.0030615958	420000	606.6989712715149
14	0.97644997	2.3797233	6.9153743	-2.5107992	28.416666	19.113514	68.0	0.0	1000.0	11517.0	0.025593333333333333	0.118728906	0.56184554	1.5976278	-1.5045445	2.4549277	2.2978299	21.604933	-1.522608	-7.450581e-09	-0.0009318157	-2.4214387e-08	-0.004983814	0.18007877	-0.05418987	19.894829	-5.8773365	0.9622337	0.01638627	1.0	1.7979288	0.008740998	450000	647.7939252853394
15	1.8887548	2.854657	8.388693	-1.8870816	24.791666	20.334658	62.0	0.0	1000.0	12261.0	0.02554375	0.0751798	0.6409086	1.612607	-1.7812495	3.294335	2.8400967	25.70921	-1.5862885	1.4901161e-08	-0.00066270167	2.2351742e-08	-0.0063039586	0.2509066	-0.07849246	17.761396	-6.169986	0.97862	0.014967203	3.0	1.7974212	0.010588858	480000	689.12748503685
16	1.319192	2.5069983	6.3200083	-3.72846	24.333334	25.665585	81.0	0.0	1000.0	13003.0	0.02549607843137255	0.18458071	0.6657246	2.0069602	-1.6432405	2.595663	2.5489013	19.774706	-2.429653	-1.8626451e-09	-0.00032319594	3.7252903e-09	-0.0012490985	0.22462705	-0.061186925	19.78908	-7.303772	0.9935872	0.012958944	1.0	1.7965987	0.004160812	510000	730.1964845657349
17	2.592112	3.6216571	12.212103	-3.1645582	23.083334	27.928354	93.0	0.0	1000.0	13674.0	0.02532222222222222	0.21854697	0.62057513	1.8615509	-1.7779006	2.7643735	2.997492	25.618416	-4.118872	1.1641532e-08	-0.0007399899	1.1175871e-08	-0.0035521707	0.27227497	-0.056158394	19.000885	-6.305463	1.0065461	0.01006937	1.0	1.796309	0.003751881	540000	771.537525177002
18	1.8232838	2.2832117	6.663139	-2.3176367	37.833332	22.788275	89.0	0.0	1000.0	14658.0	0.02571578947368421	0.16112818	0.6723266	1.9870061	-1.6464243	2.5840824	2.7230039	22.533936	-3.70356	-5.5879354e-09	-0.00088799244	-3.7252903e-09	-0.0020899493	0.2292305	-0.05499155	21.723724	-6.6614676	1.0166155	0.016970992	1.0	1.7959001	0.0015288694	570000	812.8034694194794
19	1.6244916	2.298431	5.9176564	-2.4363253	20.333334	14.987959	49.0	0.0	1000.0	15257.0	0.025428333333333334	0.1563677	0.6970283	1.4318289	-2.1777701	3.1503572	3.01754	26.289276	-3.7172842	9.313226e-10	-0.0009635718	-1.3038516e-08	-0.0031142805	0.25700694	-0.072159655	15.8801155	-6.288582	1.0335865	0.011799097	1.0	1.7954391	0.0034467916	600000	854.0576431751251
20	1.0083532	2.6320667	5.8895917	-4.117152	13.458333	14.499941	45.0	0.0	1000.0	15749.0	0.024998412698412697	0.1621647	0.6811089	1.9901731	-1.731403	2.0276353	2.2117734	22.847103	-3.9235137	-9.313226e-09	-0.002002285	-1.1175871e-08	-0.002305023	0.24781059	-0.06742868	12.22332	-5.360668	1.0453856	0.0020815134	3.0	1.7955209	0.005753106	630000	895.7821810245514
21	1.5088211	2.575613	7.0080204	-2.2189572	16.041666	16.453163	57.0	0.0	1000.0	16282.0	0.02466969696969697	0.032647748	0.63789487	1.8368417	-2.1992168	2.1942573	2.4315004	21.148205	-2.265811	-2.7939677e-09	-0.0011510171	-1.8626451e-09	-0.00980987	0.21887593	-0.05622007	15.757127	-6.708464	1.0474671	-0.003944516	1.0	1.7955387	0.012434078	660000	936.8068692684174
22	1.3441719	2.533667	5.5031695	-2.4548602	28.958334	27.835047	104.0	0.0	1000.0	17107.0	0.024792753623188404	0.07795151	0.6588369	1.8108923	-1.8785065	1.8728781	2.356607	24.158285	-4.291359	-2.514571e-08	-0.012408402	-3.7252903e-08	-0.02946422	0.22100154	-0.07164824	19.307674	-8.164371	1.0435226	0.0024226904	32.0	1.795465	0.01243291	690000	980.6231439113617
23	1.2522844	3.1295214	10.804857	-3.855738	26.208334	20.02286	84.0	0.0	1000.0	17852.0	0.024794444444444445	0.1734031	0.6800673	1.7115967	-1.8190011	2.7644572	3.0826995	28.737293	-3.769958	3.7252903e-09	-0.0018542735	1.1175871e-08	-0.0065639773	0.25107035	-0.07128818	16.642189	-7.1137514	1.0459453	0.0001603365	2.0	1.7941295	0.0093253	720000	1022.0912799835205
24	1.6247916	2.9329605	7.5959644	-2.4824562	17.916666	17.075607	49.0	0.0	1000.0	18489.0	0.024652	0.16561641	0.6977828	2.2535632	-1.9564917	2.828424	2.934384	26.36959	-4.1718125	-1.0244548e-08	-0.011345036	-3.7252903e-09	-0.025987018	0.23466675	-0.06597997	17.104042	-8.314231	1.0461056	-0.0015047789	26.0	1.793638	0.012127258	750000	1065.6994733810425
25	1.0090476	2.5348647	5.1971583	-2.9184725	26.708334	27.28015	107.0	0.0	1000.0	19332.0	0.024784615384615384	0.19015163	0.7309272	2.0924659	-1.8924268	2.4169765	2.9944937	25.579023	-4.208994	7.450581e-09	-0.00290416	-3.7252903e-09	-0.0074750776	0.24455658	-0.07303585	23.89444	-10.511929	1.0446008	-0.0027484894	2.0	1.7784338	0.0054624076	780000	1107.3237085342407
26	2.2783241	3.8575375	12.0461035	-2.824976	27.583334	24.610153	86.0	0.0	1000.0	20157.0	0.024885185185185184	0.16593799	0.6642654	2.4477625	-1.9583769	3.1469674	3.5527246	26.498322	-4.051866	-9.313226e-10	-0.011246294	-1.8626451e-09	-0.026908595	0.2732854	-0.07354555	24.742643	-12.630337	1.0418524	0.0017610788	23.0	1.7772794	0.012852611	810000	1150.63996219635
27	1.5704614	2.931071	10.106887	-2.9086654	30.458334	25.151175	88.0	0.0	1000.0	20935.0	0.024922619047619048	0.18702158	0.69491047	2.0550733	-2.0669384	2.6616848	3.146074	25.981802	-6.8994584	1.1175871e-08	-0.0014875523	3.7252903e-09	-0.0027798829	0.27776623	-0.07235048	19.934162	-8.336175	1.0436134	0.0027682781	2.0	1.7616925	0.001527336	840000	1191.9246566295624
28	1.3234789	3.2439542	7.9826345	-3.4560068	26.625	19.276093	75.0	0.0	1000.0	21697.0	0.024939080459770113	0.13645606	0.756894	2.3505232	-2.0641325	2.6327171	2.9388587	26.40131	-5.1459646	-9.313226e-10	-0.010708371	-1.1175871e-08	-0.024877258	0.24995346	-0.07584027	19.546072	-9.353598	1.0463817	0.00556159	21.0	1.7595353	0.011724639	870000	1235.3220465183258
29	1.9119953	3.0493402	8.767147	-3.831613	25.708334	24.234066	78.0	0.0	1000.0	22526.0	0.02502888888888889	0.19429417	0.7333749	2.3900664	-1.886476	2.7004468	2.8305774	24.056671	-3.0668087	2.0489097e-08	-0.0015312079	2.6077032e-08	-0.004614397	0.29405648	-0.08668958	20.636913	-10.424946	1.0519433	0.0037258863	2.0	1.7603538	0.0042635794	900000	1276.6658062934875
30	2.1516907	2.7333639	7.7932568	-2.1010437	17.875	15.111565	48.0	0.0	1000.0	23108.0	0.024847311827956988	0.25954264	0.69921243	2.0729027	-2.0818138	2.3775306	2.9099846	27.995594	-5.2638907	-5.122274e-09	-0.011668095	-5.5879354e-09	-0.027529579	0.24860132	-0.086977325	12.355934	-6.0612464	1.0556692	0.0016565323	28.0	1.7610683	0.013661252	930000	1320.845577955246
31	0.6272045	2.530497	4.8161197	-3.4603748	18.541666	15.575031	49.0	0.0	1000.0	23692.0	0.024679166666666665	0.17766804	0.7378305	2.4301367	-1.9112617	2.6257365	3.345683	24.913267	-4.561887	0.0	-0.011067025	-3.7252903e-09	-0.025233675	0.28007662	-0.05410551	13.35684	-6.5477667	1.0573257	-0.000906229	33.0	1.7768018	0.013015342	960000	1365.2446229457855
32	1.2033578	2.445149	7.781384	-2.344355	20.0	17.100195	45.0	0.0	1000.0	24292.0	0.024537373737373736	0.17009245	0.7239306	2.146049	-1.9738404	1.9488463	2.488725	23.92889	-3.1419811	9.313226e-10	-0.011718625	2.0489097e-08	-0.026548047	0.2244294	-0.06029988	13.83812	-6.040938	1.0564195	-0.0021307468	43.0	1.7626816	0.012591191	990000	1410.3942790031433
33	1.5975542	3.2957757	9.609101	-3.1208043	21.458334	19.519176	70.0	0.0	1000.0	24941.0	0.024451960784313727	0.12360545	0.68443835	1.9597441	-1.7738848	2.1518312	2.8209732	22.86229	-7.2235894	-2.7939677e-08	-0.010797892	-4.4703484e-08	-0.026064273	0.33362305	-0.10058504	12.931278	-6.379634	1.0542887	-0.005569577	27.0	1.7417982	0.012983035	1020000	1454.437166929245
34	1.0661215	3.1434956	9.204814	-5.7785826	15.166667	21.175196	66.0	0.0	1000.0	25357.0	0.024149523809523808	0.12602788	0.7157192	2.3492897	-2.0248709	2.2552006	2.8534975	24.075089	-4.6633673	2.9802322e-08	-0.00093389093	4.4703484e-08	-0.0008986974	0.25026846	-0.091923565	14.121164	-8.366859	1.0487192	-0.013683796	2.0	1.7420739	0.0015107724	1050000	1496.231248140335
35	0.58172464	2.9029093	8.218838	-6.9396195	25.416666	17.007147	60.0	0.0	1000.0	25993.0	0.024067592592592592	0.029050883	0.6769633	2.00297	-1.8765072	1.3364489	2.3642213	25.759542	-10.386402	1.4901161e-08	-6.083469e-05	1.1175871e-08	-0.0056527653	0.22600839	-0.07855056	15.957349	-8.481176	1.0350354	-0.0122846365	1.0	1.7425413	0.009299936	1080000	1539.7457995414734
36	1.1453873	2.7832754	6.5294833	-4.320408	18.375	21.64065	80.0	0.0	1000.0	26484.0	0.02385945945945946	0.14798081	0.6726974	2.1196203	-2.2447863	2.0715268	2.8378677	28.448574	-3.4475584	-9.313226e-09	-0.00077773805	-3.3527613e-08	0.00015598256	0.21276236	-0.05559243	10.739442	-5.754464	1.0227507	-0.014824033	1.0	1.742761	0.0027723913	1110000	1583.0611610412598
37	1.4530865	2.8694146	9.731371	-4.3052225	13.25	14.192868	48.0	0.0	1000.0	26951.0	0.02364122807017544	0.06428741	0.65004116	1.66102	-1.9659616	1.8269536	2.9873614	24.958452	-6.9580526	-1.6763806e-08	0.00027480838	-2.2351742e-08	-0.0029001469	0.22282647	-0.06648687	11.705618	-5.932723	1.0079267	-0.019188344	1.0	1.7430091	0.0071162223	1140000	1624.8611452579498
38	1.7181002	2.709687	9.192736	-2.154918	22.166666	18.667412	69.0	0.0	1000.0	27603.0	0.023592307692307694	0.1469469	0.71033746	1.9918494	-1.9127307	1.6034455	2.4797375	23.717655	-4.8285017	-3.7252903e-09	-0.0012459075	-1.4901161e-08	-0.005606468	0.27965906	-0.07837519	13.808645	-7.778432	0.98873836	-0.018766463	1.0	1.7433524	0.006402949	1170000	1667.6123006343842
39	0.4585261	2.4454775	6.1058764	-2.8571	13.291667	15.741344	52.0	0.0	1000.0	28087.0	0.023405833333333334	0.17388558	0.74908787	2.296794	-2.167606	1.9337898	2.503974	25.496927	-3.6849627	0.0	0.0004678091	-3.7252903e-09	-0.0033233352	0.30027217	-0.10344377	9.756161	-5.180748	0.9699719	-0.022179365	1.0	1.7437265	0.0061472347	1200000	1710.8701763153076
40	0.87858534	2.182815	7.609456	-2.9585066	13.583333	19.226538	59.0	0.0	1000.0	28431.0	0.023114634146341462	0.060781315	0.72489125	1.7841786	-1.9442433	1.6348443	2.3498008	24.323496	-3.711895	5.122274e-09	-0.0008098406	1.4901161e-08	-0.00031403638	0.23793702	-0.061971933	8.183741	-4.744582	0.94779253	-0.024761498	1.0	1.7438959	0.008242471	1230000	1753.1145343780518
41	1.1124215	3.1425416	6.3940816	-7.88448	16.458334	13.447364	39.0	0.0	1000.0	28936.0	0.022965079365079365	0.016305039	0.7280131	1.764906	-2.1170094	1.3442649	2.6032276	21.34702	-3.626291	-9.313226e-09	-0.00083335093	-9.313226e-09	-0.0015072534	0.27256864	-0.08987541	9.916674	-5.656661	0.92303103	-0.025814474	1.0	1.7439864	0.00173602	1260000	1795.5636250972748
42	0.85615987	2.416645	6.2109714	-5.315843	9.583333	16.049187	55.0	0.0	1000.0	29270.0	0.022689922480620156	0.13495797	0.7577788	1.9774464	-2.3887239	1.4465076	2.3382673	21.286686	-7.5841513	3.7252903e-09	-0.0010801139	1.4901161e-08	-0.00086082425	0.25344616	-0.08389585	10.4007	-6.0523553	0.89721656	-0.028441072	1.0	1.7440245	0.0074465643	1290000	1836.5656881332397
43	0.86056376	2.0353544	6.72591	-1.3977787	20.666666	18.359074	54.0	0.0	1000.0	29862.0	0.022622727272727274	0.04368436	0.68719584	2.2614381	-1.6855457	1.3494177	2.7724457	26.116608	-4.9842124	-3.7252903e-09	-0.0012243618	-1.3038516e-08	-0.0017931284	0.210888	-0.05748056	13.665117	-8.4436245	0.8687755	-0.027139783	1.0	1.7440015	0.0008927027	1320000	1878.4637746810913
44	1.7629102	2.6998165	8.069123	-2.0852714	26.208334	28.546713	98.0	0.0	1000.0	30538.0	0.02262074074074074	0.14147867	0.7210924	1.8539323	-1.8795149	2.1675088	3.4813786	28.14162	-2.4708607	-1.8626451e-09	-0.0008291134	-1.3038516e-08	0.00015209801	0.30653882	-0.098624505	20.151665	-11.801132	0.8416357	-0.023628354	1.0	1.7438846	0.0025155053	1350000	1921.517299413681
45	2.4210227	2.6484911	6.673819	-3.0878878	22.375	18.968863	70.0	0.0	1000.0	31131.0	0.022558695652173912	0.1318001	0.7575636	2.2606697	-2.3800602	2.127635	3.1924453	27.12555	-7.8476405	-1.8626451e-09	-0.0017388682	9.313226e-09	-0.0030106686	0.3104936	-0.09794437	15.253683	-9.936213	0.81800735	-0.02218455	1.0	1.7438974	0.0026880247	1380000	1962.8639569282532
46	1.8795856	2.9434507	6.8359866	-2.674179	31.583334	25.827822	112.0	0.0	1000.0	31968.0	0.022672340425531914	0.2282282	0.758113	2.3774264	-1.7427473	2.3736916	3.5570478	32.829273	-7.640609	1.1175871e-08	-0.0013353687	3.3527613e-08	-0.0041379733	0.24363264	-0.07539247	21.210625	-13.451539	0.7958228	-0.016736686	1.0	1.7436658	0.0033273885	1410000	2005.9424886703491
47	2.019199	3.1622598	10.296265	-2.1942856	16.0	17.741196	56.0	0.0	1000.0	32454.0	0.0225375	0.24214979	0.6871111	2.0998738	-1.5442443	2.762483	3.8601825	29.989037	-5.4054837	-5.5879354e-09	-0.00075965654	-1.1175871e-08	-0.0009806771	0.24189162	-0.07716255	16.23162	-11.413904	0.7790861	-0.018425167	1.0	1.7434783	0.0020516117	1440000	2048.3104753494263
48	2.2708616	3.2827706	10.493964	-2.5740385	41.916668	108.67302	556.0	0.0	1000.0	33511.0	0.02279659863945578	0.18095273	0.7020411	2.1753824	-1.5647483	1.7740273	2.3729203	20.978605	-5.3652062	-2.2351742e-08	-0.0022011884	0.0	-0.008095816	0.22876629	-0.07204596	152.83566	-140.01544	0.76066095	-0.008777201	1.0	1.7432795	0.004473196	1470000	2089.5445969104767
49	1.0274574	2.5007563	5.603476	-2.828808	17.666666	17.067675	58.0	0.0	1000.0	34067.0	0.022711333333333333	0.21267413	0.7217361	3.1261969	-1.8495922	1.7574965	2.9928477	48.59865	-6.392679	-1.4901161e-08	-0.001511021	-7.450581e-09	-0.002068931	0.2542008	-0.095221035	15.215268	-8.251909	0.75188375	-0.010631502	1.0	1.7430227	0.0024174354	1500000	2130.8644490242004
50	1.611834	2.868068	12.051528	-2.3766162	21.166666	17.648577	60.0	0.0	1000.0	34736.0	0.02270326797385621	0.11877506	0.73315936	2.1132677	-1.8967863	2.0215957	2.6352808	46.756996	-1.9327929	-2.3283064e-09	-0.0018881568	-3.7252903e-09	-0.001130281	0.2393925	-0.09419933	15.108798	-7.420757	0.74125224	-0.01082927	3.0	1.742697	0.0037514535	1530000	2174.877473592758
51	2.5915997	4.030738	12.431034	-1.8645886	16.625	19.574244	80.0	0.0	1000.0	35290.0	0.022621794871794873	0.16128118	0.7401966	1.917896	-1.831979	2.3724737	2.967144	21.045681	-4.907376	1.1175871e-08	-0.0014010817	4.4703484e-08	-0.0010648209	0.28419325	-0.11444946	20.059435	-9.826612	0.730423	-0.012954414	1.0	1.7419775	0.0022160632	1560000	2218.6509125232697
52	2.0479858	2.6334558	8.148353	-2.272848	26.458334	23.346983	78.0	0.0	1000.0	36049.0	0.022672327044025158	0.16725531	0.7000372	2.4359312	-1.650051	2.0864308	2.5989823	20.493612	-13.778023	-7.450581e-09	-0.0015201983	-2.6077032e-08	-0.0022453358	0.22509608	-0.08317504	18.686813	-10.858931	0.71746856	-0.011072159	1.0	1.7416397	0.0022581911	1590000	2262.7453813552856
53	2.3593113	2.8735456	8.576296	-2.9305735	28.583334	23.678255	72.0	0.0	1000.0	36906.0	0.022781481481481482	0.17856841	0.7147848	2.9236186	-1.6033968	2.9901538	3.5395002	21.801859	-3.5000927	0.0	-0.010607231	1.8626451e-08	-0.030611716	0.30152738	-0.11906193	20.000473	-9.083325	0.7063964	-0.0051013827	30.0	1.7414911	0.012918852	1620000	2307.856932401657
54	2.0660112	3.1121407	7.549122	-2.5228186	19.291666	21.343382	68.0	0.0	1000.0	37593.0	0.022783636363636364	0.25490075	0.7383473	2.4798398	-1.7282871	2.7368257	3.096001	27.10723	-2.376894	-7.450581e-09	-0.011424769	-7.450581e-09	-0.03234386	0.29390383	-0.10893899	20.380985	-9.945145	0.701295	-0.0048881173	37.0	1.7321546	0.012772327	1650000	2353.85524725914
55	3.722451	3.8058724	14.702656	-2.405534	28.75	24.219913	83.0	0.0	1000.0	38391.0	0.022851785714285713	0.25931355	0.733939	2.4671342	-1.7583725	2.7699232	3.8407617	26.710905	-5.5206065	1.8626451e-09	-0.011789899	7.450581e-09	-0.035741784	0.31866747	-0.11091504	21.755648	-12.215223	0.6964069	-0.003677249	27.0	1.710156	0.012980752	1680000	2398.6641449928284
56	2.5966423	2.6384885	7.335476	-2.1126146	33.791668	24.627184	81.0	0.0	1000.0	39424.0	0.02305497076023392	0.29597	0.74403363	2.637201	-1.7673197	2.514111	3.2738342	25.90957	-5.5739694	1.8626451e-08	-0.010917547	1.4901161e-08	-0.03365417	0.22567126	-0.08362383	30.14896	-15.103297	0.69272965	0.00097310543	28.0	1.6981033	0.011967812	1710000	2443.9908995628357
57	1.7415098	2.680186	8.781815	-2.1769085	16.083334	20.784441	66.0	0.0	1000.0	39874.0	0.02291609195402299	0.24625228	0.75386035	2.4908297	-1.6570946	3.157102	3.2062905	24.630915	-1.9833195	-1.1175871e-08	-0.0011553788	-2.0489097e-08	-0.0070581557	0.23676012	-0.08060786	14.28018	-8.371786	0.69370276	-0.0053523183	6.0	1.6882303	0.0062648365	1740000	2486.8186004161835
58	2.8203576	3.1174629	10.328579	-2.9140472	11.541667	19.638353	78.0	0.0	1000.0	40242.0	0.02273559322033898	0.25024524	0.7308858	2.3930888	-1.895053	1.6123581	2.3461754	21.987694	-9.900914	2.7939677e-09	-0.0006154815	1.1175871e-08	0.0005092529	0.23849714	-0.08350636	13.457421	-8.068792	0.68835044	-0.010191441	1.0	1.6869686	0.0033302456	1770000	2529.4648451805115
59	2.947511	2.372664	7.27781	-1.4202254	24.083334	25.745415	118.0	0.0	1000.0	40957.0	0.02275388888888889	0.19076695	0.78070164	2.4756818	-2.1481862	1.7062057	3.2094398	30.312027	-6.9208617	8.381903e-09	-0.0009829658	4.656613e-09	-0.0014670806	0.2683251	-0.10695108	17.490387	-9.151976	0.678159	-0.009464681	1.0	1.6868752	0.001478713	1800000	2572.03266954422
60	2.4919164	3.6883483	11.306313	-2.7776237	23.25	23.42052	91.0	0.0	1000.0	41679.0	0.022775409836065574	0.21589199	0.6916151	2.2407017	-2.020257	2.214043	3.0362532	28.013231	-4.743901	9.313226e-09	-0.00076531526	7.450581e-09	-0.0008268559	0.31450367	-0.14555667	19.588947	-9.624407	0.6686943	-0.00910008	1.0	1.6869237	0.0013289803	1830000	2615.1329724788666
61	2.7501557	2.0650034	5.7582874	-0.6676221	22.75	19.706703	91.0	0.0	1000.0	42332.0	0.022759139784946238	0.22924747	0.74542964	2.8086803	-1.7968844	2.70804	3.2723217	27.6525	-4.8249083	1.8626451e-09	0.00083532976	-3.7252903e-09	-0.006987001	0.2890375	-0.084052145	15.2612	-7.330501	0.65959424	-0.008967638	1.0	1.6870258	0.0090542855	1860000	2658.9029636383057
62	0.63471127	2.0349557	5.6671352	-2.5232193	17.083334	17.339542	57.0	0.0	1000.0	42789.0	0.02263968253968254	-0.03669557	0.66352475	2.3418276	-2.0479991	1.8957406	2.2457514	21.891172	-3.7274642	6.519258e-09	-0.0015393731	-1.1175871e-08	-0.0035020919	0.23616892	-0.11079694	14.654253	-7.7388754	0.6506266	-0.010722697	1.0	1.687057	0.0030824384	1890000	2702.2713210582733
63	2.7780464	3.9071145	12.628235	-2.4470568	19.541666	24.540747	74.0	0.0	1000.0	43418.0	0.022613541666666667	0.036122896	0.6989745	1.8188508	-1.8077204	1.8762488	2.6548455	25.053339	-4.251999	7.450581e-09	-0.000812253	7.450581e-09	-0.0016460508	0.34137115	-0.16981557	21.937004	-11.93145	0.6399039	-0.011436522	1.0	1.6871831	0.0019625414	1920000	2747.330423593521
64	1.8249416	2.9971063	11.16719	-2.1789627	16.125	17.27067	58.0	0.0	1000.0	43906.0	0.022515897435897436	0.2551286	0.7267773	2.8180811	-1.8022671	2.0876083	3.3317063	36.544815	-2.3983247	-2.4214387e-08	-0.000890643	-4.4703484e-08	-0.00046524062	0.27041218	-0.10798912	16.806744	-10.551168	0.6284674	-0.013112724	1.0	1.687528	0.0028605452	1950000	2790.2334837913513
65	2.167056	4.18057	14.5618105	-2.504358	25.166666	32.004772	120.0	0.0	1000.0	44557.0	0.022503535353535352	0.16838278	0.7392658	2.623066	-1.6832509	1.9639235	2.7013667	21.404474	-4.758414	0.0	-0.0012745193	0.0	-0.0010927818	0.30745536	-0.15000671	20.925404	-12.249833	0.61535466	-0.011657774	1.0	1.6879307	0.0018069085	1980000	2832.070018053055
66	3.1008961	2.947307	9.270155	-2.1804721	20.375	19.714233	70.0	0.0	1000.0	45153.0	0.02246417910447761	0.22037639	0.78534734	2.483872	-1.9965264	2.222581	3.384323	36.422768	-2.497485	-1.8626451e-09	-0.0020863228	0.0	-0.0025853654	0.30234492	-0.13466743	17.01976	-9.987432	0.6036969	-0.011791706	3.0	1.688134	0.0018731409	2010000	2873.758041858673
67	3.6947892	2.9158359	9.39831	-2.4096391	18.666666	14.487543	49.0	0.0	1000.0	45683.0	0.02239362745098039	0.32206178	0.8182713	2.3936093	-1.6052463	2.01752	2.9487746	26.94784	-2.3328772	3.7252903e-09	-0.0015492482	-7.450581e-09	-0.0020106332	0.24891427	-0.108030654	13.28597	-7.128875	0.5919052	-0.012673438	1.0	1.6885164	0.0011335013	2040000	2915.851347923279
68	1.8795696	3.1469958	9.181989	-2.1495926	22.416666	25.646502	102.0	0.0	1000.0	46351.0	0.022391787439613526	0.21331777	0.74400324	2.4676363	-1.6873696	1.6503289	2.2557652	22.194075	-10.56131	-1.8626451e-08	-0.00073804404	-4.4703484e-08	-0.0006347017	0.25192916	-0.09837274	22.500357	-12.549481	0.57923174	-0.0121308565	1.0	1.6888001	0.0010060436	2070000	2959.7947199344635
69	2.6001394	3.140634	10.282592	-2.2263606	14.583333	16.625574	57.0	0.0	1000.0	46942.0	0.022353333333333333	0.23811789	0.72775143	2.554373	-1.6339647	2.094823	2.6511416	29.419605	-4.701032	1.1175871e-08	-0.0007985156	1.4901161e-08	-0.000634226	0.30335683	-0.13974011	17.244919	-10.258975	0.5671009	-0.013926864	1.0	1.6891215	0.0007266159	2100000	3002.6374311447144
70	3.0964034	2.3480778	6.873664	-2.2360537	21.083334	17.867374	66.0	0.0	1000.0	47592.0	0.022343661971830985	0.2973362	0.7485416	2.2253404	-1.793997	2.1540885	2.8101647	24.958963	-6.695246	-2.9336661e-08	-0.0004615687	-4.0978193e-08	-0.0010062415	0.31506544	-0.15661243	14.4441395	-8.324062	0.553174	-0.013590276	1.0	1.6892935	0.0005579915	2130000	3047.324234724045
71	2.920201	3.4740222	9.105894	-2.6374218	17.458334	20.524334	65.0	0.0	1000.0	48199.0	0.022314351851851853	0.3170916	0.7523935	2.8182006	-1.9404159	2.3153753	2.9077928	27.377188	-5.398512	-5.5879354e-09	-0.0012784445	4.656613e-09	-0.00069653755	0.2753068	-0.12600452	15.063961	-7.886675	0.53958374	-0.014294624	1.0	1.6892853	0.0016301296	2160000	3090.556025981903
72	2.8804388	3.4919543	11.185047	-2.4766393	28.458334	21.815474	73.0	0.0	1000.0	49014.0	0.02238082191780822	0.26084116	0.7820168	2.7721584	-1.6845524	2.346061	3.3489358	28.381357	-4.4787936	0.0	-0.0005677971	0.0	-0.0014498504	0.3067135	-0.16078037	23.92628	-13.985338	0.5252891	-0.01164031	1.0	1.6892779	0.0010382994	2190000	3134.1347727775574
73	2.6545885	3.562723	10.912726	-2.1278577	26.5	25.879528	110.0	0.0	1000.0	49825.0	0.022443693693693693	0.2968345	0.754024	2.4298205	-1.9539931	2.6007352	3.1596384	28.848375	-8.515395	3.7252903e-09	-0.0011799694	5.5879354e-08	-0.002579295	0.32067823	-0.13738431	18.266167	-9.576333	0.5136488	-0.0099131465	1.0	1.6891097	0.001136892	2220000	3176.9524228572845
74	2.7786553	3.1378593	9.483615	-2.0584052	27.875	20.606052	63.0	0.0	1000.0	50584.0	0.022481777777777778	0.26801285	0.70893514	2.2605917	-2.248389	2.6306796	3.0444539	26.727808	-2.1824667	3.7252903e-09	-0.0010146326	1.4901161e-08	-0.0018784702	0.2649257	-0.12719995	20.237823	-10.304714	0.50373566	-0.00798592	1.0	1.6889808	0.002244096	2250000	3219.089953184128
75	1.9660052	3.0634944	7.9384484	-2.909382	40.625	24.124352	97.0	0.0	1000.0	51792.0	0.02271578947368421	0.27885774	0.7205121	2.550092	-1.621197	3.2899141	4.116514	34.163486	-3.883458	-1.7695129e-08	-0.0005444071	-3.0267984e-08	-0.00048708078	0.29397368	-0.16416761	27.804802	-17.83342	0.49574974	-0.002424568	1.0	1.6888752	0.0010242977	2280000	3261.649744749069
76	3.0173721	3.1129892	11.793898	-1.5307897	20.416666	18.645636	61.0	0.0	1000.0	52477.0	0.022717316017316018	0.25455815	0.74618423	2.274519	-1.9970856	3.6129797	3.5743725	34.103214	-3.7447047	1.8626451e-09	-0.0009865796	-1.4901161e-08	-0.001998272	0.25467512	-0.12939744	19.034887	-12.070837	0.49332517	-0.0034927726	1.0	1.688724	0.0012372425	2310000	3303.6618161201477
77	3.460533	3.216816	9.834109	-1.878974	39.5	28.434134	112.0	0.0	1000.0	53474.0	0.02285213675213675	0.28089282	0.7087639	2.9803245	-1.8281701	2.6980362	3.1048815	29.404444	-6.1799626	-1.7695129e-08	-0.01269494	-4.0978193e-08	-0.039455585	0.27565438	-0.1394795	28.10194	-17.0647	0.4898324	0.0083471835	61.0	1.688551	0.012067379	2340000	3350.97465133667
78	2.6933095	2.5440907	8.553917	-1.9428082	22.583334	27.625345	115.0	0.0	1000.0	54165.0	0.022854430379746837	0.35314897	0.78943294	2.7706542	-1.7739267	2.653575	3.4217238	26.46662	-7.491604	7.450581e-09	-0.011677409	-2.2351742e-08	-0.03925198	0.34280825	-0.19789238	25.044159	-15.83785	0.49817958	0.00611946	43.0	1.6684684	0.012330951	2370000	3398.291432619095
79	2.33599	3.2970912	11.838663	-2.229412	42.208332	28.735836	94.0	0.0	1000.0	55342.0	0.023059166666666665	0.18450464	0.7094542	2.1302464	-1.6959801	2.7847261	3.6406233	32.659622	-3.7870603	6.0535967e-09	-0.011738464	2.2351742e-08	-0.03844794	0.24742365	-0.13563077	32.523415	-20.559555	0.50429904	0.008729219	29.0	1.6531448	0.012242103	2400000	3445.435191631317
80	4.2257442	3.8305895	13.425152	-1.9632877	38.625	37.69484	173.0	0.0	1000.0	56395.0	0.023207818930041153	0.2956046	0.715515	3.102356	-1.5186449	3.4270296	3.9619718	35.554386	-5.473597	3.7252903e-09	-0.012296196	0.0	-0.039251115	0.32214987	-0.18017878	36.387127	-22.154537	0.51302826	0.012215614	30.0	1.637598	0.012423782	2430000	3490.6283185482025
81	5.059925	2.8625813	11.563301	-0.35983235	38.5	26.851442	133.0	0.0	1000.0	57417.0	0.023340243902439023	0.40664276	0.73227674	2.7948165	-1.5249443	3.4478562	3.8167617	34.758087	-3.4959505	1.8626451e-09	-0.00090078654	-1.8626451e-09	-0.011868406	0.30452797	-0.15421864	22.31799	-11.97309	0.5252439	0.011982083	4.0	1.6239346	0.01165768	2460000	3532.832681655884
82	2.7194805	3.112829	8.243777	-1.3669679	43.916668	35.867718	137.0	0.0	1000.0	58731.0	0.023586746987951806	0.43668514	0.76663274	2.809735	-2.245609	3.559796	3.7040937	28.212667	-2.2102683	3.7252903e-09	-0.0013969413	2.6077032e-08	-0.0066774916	0.3441586	-0.18502036	37.226456	-21.254532	0.53722596	0.015422463	1.0	1.6228061	0.006394785	2490000	3574.58567070961
83	2.8739145	2.4454339	7.7547665	-2.294234	44.291668	37.012924	122.0	0.0	1000.0	60147.0	0.023867857142857142	0.24801713	0.8020527	3.2109704	-1.7253717	4.8115067	4.6692724	34.212254	-2.3336449	-1.8626451e-08	-0.0006840476	-5.2154064e-08	-0.007420716	0.26659837	-0.14051186	36.252464	-19.885098	0.5526484	0.019043684	1.0	1.6223794	0.007901985	2520000	3616.94966840744
84	3.1937568	3.734016	11.9951105	-3.264779	47.791668	52.42453	223.0	0.0	1000.0	61657.0	0.02417921568627451	0.3818593	0.72492874	2.490929	-1.6655401	4.5677466	4.574323	39.17874	-5.6315856	2.7939677e-09	-0.0008571213	0.0	-0.002097685	0.33012003	-0.16590647	57.399956	-39.45369	0.5716921	0.023017764	1.0	1.6221943	0.0022430338	2550000	3659.4658167362213
85	3.8347092	4.070344	15.667097	-2.5104003	50.833332	28.943432	104.0	0.0	1000.0	63098.0	0.024456589147286822	0.3487948	0.7716585	2.7337878	-1.7605468	4.7071915	5.48565	50.051704	-4.6578383	-3.7252903e-09	-0.0014789202	1.4901161e-08	-0.004853393	0.33660078	-0.19874467	30.753447	-18.280657	0.5947099	0.027122617	1.0	1.6223845	0.0028844816	2580000	3701.7337532043457
86	2.7144048	2.7806766	10.528793	-2.829193	52.958332	33.269707	118.0	0.0	1000.0	64592.0	0.024747892720306513	0.42198938	0.7835521	2.9074156	-1.5857353	4.7278624	5.44664	38.189438	-2.3013215	1.3969839e-09	-0.0008556198	7.450581e-09	-0.0028544972	0.34115857	-0.19180632	31.839886	-19.514324	0.6218325	0.031161964	1.0	1.6228461	0.0029591683	2610000	3743.542984008789
87	2.7341168	3.41961	11.696182	-2.7012987	59.708332	34.653618	133.0	11.0	1000.0	66363.0	0.0251375	0.23533928	0.75955	2.8639665	-1.9579955	5.490247	6.4603806	40.461304	-4.633464	9.313226e-10	-0.0026006957	5.5879354e-09	-0.0067068143	0.28409496	-0.15795754	50.81658	-34.73152	0.65299445	0.035842	3.0	1.6232567	0.003981667	2640000	3787.0070326328278
88	3.8424118	3.0536003	10.19039	-0.6776852	49.625	43.67762	186.0	0.0	1000.0	68058.0	0.02548988764044944	0.3466724	0.7628257	2.6538818	-1.5834537	5.7283344	5.956014	46.527042	-3.636501	1.4901161e-08	-0.0042212494	3.7252903e-08	-0.014546628	0.27996153	-0.14611141	50.459953	-33.588676	0.68883646	0.03874588	3.0	1.6242421	0.007535305	2670000	3830.394316673279
89	3.3547275	3.4723487	12.466578	-1.6550223	47.0	37.887993	138.0	0.0	1000.0	69490.0	0.025737037037037037	0.33256048	0.7197751	2.4347875	-1.6512861	5.3506384	6.4016247	43.563087	-4.1743236	-1.8626451e-09	-0.0015019223	-1.4901161e-08	-0.004120078	0.29643378	-0.15968639	34.750538	-20.440916	0.72758234	0.04089123	1.0	1.6248846	0.0024612048	2700000	3872.5742678642273
90	2.4404523	3.1937838	8.001977	-3.2661283	56.958332	58.64688	288.0	0.0	1000.0	71225.0	0.02608974358974359	0.3004455	0.75695026	2.7707052	-1.7323922	5.3149714	6.3271585	48.338627	-3.8734448	5.5879354e-09	-0.0023417347	0.0	-0.009233242	0.2941243	-0.16960338	60.068905	-40.660355	0.76847357	0.04451275	1.0	1.6251974	0.0078397645	2730000	3914.883640766144
91	4.1446753	2.8698752	11.638807	-2.4920633	69.375	51.95576	175.0	0.0	1000.0	73374.0	0.02658478260869565	0.3386907	0.73426306	2.8931084	-1.884974	5.9357176	7.1792607	52.398655	-4.5739536	4.4703484e-08	-0.0042857327	5.9604645e-08	-0.011982514	0.30994618	-0.18230164	61.73836	-39.73944	0.8129863	0.049016118	1.0	1.6258906	0.007764086	2760000	3956.533679008484
92	3.801178	3.9808013	14.472275	-1.3895314	81.416664	48.054585	186.0	17.0	1000.0	75773.0	0.027158781362007167	0.37915733	0.7713502	2.345527	-1.829931	7.3287396	7.927916	54.275043	-2.8938148	-4.656613e-09	-0.0028910008	1.1175871e-08	-0.023997545	0.3563699	-0.2019865	58.05285	-36.286858	0.86200243	0.05379188	2.0	1.6265122	0.025094923	2790000	3998.6483488082886
93	4.1724057	3.5357723	14.15532	-1.1826698	71.125	62.86448	229.0	0.0	1000.0	77882.0	0.027617730496453902	0.35632858	0.79791254	2.8498914	-1.8485494	7.41466	7.571791	58.21032	-3.8719482	-2.7939677e-08	-0.005183614	-7.0780516e-08	-0.017495599	0.34638354	-0.19960085	59.93539	-38.61335	0.9157943	0.057484448	2.0	1.6277964	0.0120885335	2820000	4042.555299758911
94	2.8518496	3.9028764	10.236858	-3.0840106	73.375	50.450317	180.0	0.0	1000.0	80075.0	0.028096491228070175	0.3334625	0.7680704	2.3853927	-1.5900474	7.1724343	7.8627887	59.172173	-5.458997	-8.381903e-09	-0.0049580326	-7.450581e-09	-0.016779292	0.31352693	-0.18597408	52.54428	-32.90642	0.97327876	0.061047077	2.0	1.6294742	0.015151501	2850000	4087.718937397003
95	4.095694	3.643974	10.974923	-1.9904112	83.916664	48.628624	165.0	0.0	1000.0	82438.0	0.028624305555555556	0.3770731	0.8004259	2.8156471	-1.9465715	8.242471	8.735918	65.701836	-5.4991417	-2.6077032e-08	-0.0046518724	-2.9802322e-08	-0.0269151	0.37520424	-0.21991307	60.180977	-38.89278	1.0343258	0.06492305	2.0	1.6306976	0.029531026	2880000	4132.275611877441
96	3.3106802	3.9633372	11.300576	-1.505601	52.666668	41.746925	153.0	0.0	1000.0	84115.0	0.028905498281786943	0.38092878	0.76286346	2.5206661	-2.361407	6.4552846	6.8780046	52.064613	-4.064929	0.0	-0.0020927554	0.0	-0.012300142	0.35159674	-0.2110149	39.984188	-27.136356	1.0992489	0.065463066	1.0	1.6310472	0.015981253	2910000	4175.514425039291
97	2.5148895	3.2044117	12.609459	-1.4920132	49.583332	46.685932	165.0	0.0	1000.0	85516.0	0.02908707482993197	0.29949674	0.81105965	3.233904	-1.6638821	5.18397	6.6017494	47.82765	-4.8018827	-9.313226e-09	-0.017479926	-7.450581e-09	-0.037247036	0.3237551	-0.19628222	33.36966	-22.005165	1.164712	0.06704354	14.0	1.6308827	0.013471032	2940000	4218.6620190143585
98	1.6372939	3.5817466	13.031779	-2.633142	60.291668	49.105736	176.0	0.0	1000.0	87211.0	0.029363973063973065	0.29481524	0.8159233	2.8642235	-1.8322632	4.2631364	6.216749	40.960888	-4.4941607	-1.1175871e-08	-0.012140775	-1.3038516e-08	-0.03070614	0.29862478	-0.16159336	42.162346	-29.136787	1.2317555	0.06817567	7.0	1.620891	0.0215594	2970000	4260.86252784729
99	2.9141839	3.359274	10.742381	-1.9953691	56.625	59.45083	215.0	0.0	1000.0	88921.0	0.029640333333333335	0.190367	0.7545581	3.0917356	-2.075548	5.6817026	8.116846	58.158722	-4.180594	0.0	-0.005190207	0.0	-0.01327129	0.30228683	-0.1633457	54.621845	-37.73044	1.2999312	0.06839359	2.0	1.6175034	0.009805625	3000000	4302.40515089035
100	2.6779702	4.137731	12.926853	-2.3813927	58.708332	40.041103	139.0	0.0	1000.0	90592.0	0.029898349834983497	0.24328321	0.7294296	2.5541208	-1.6175032	5.6271687	7.8713593	64.79175	-6.932999	0.0	-0.000980515	0.0	-0.014517697	0.32360902	-0.18701103	38.699886	-25.718346	1.3683248	0.06938708	1.0	1.6172686	0.024108537	3030000	4344.430181503296
101	1.4040103	2.2029667	5.930578	-2.3867292	59.166668	47.510235	188.0	0.0	1000.0	92131.0	0.030108169934640522	0.19799021	0.7637772	2.951505	-2.2833362	5.4398413	7.4497595	62.073826	-4.7362275	9.313226e-09	-0.015926082	1.4901161e-08	-0.0337615	0.25495535	-0.14223248	37.948826	-24.71676	1.4377118	0.07175624	11.0	1.6172237	0.01595883	3060000	4386.817795991898
102	0.6509324	2.3561342	5.494956	-2.7917175	37.75	32.807835	113.0	0.0	1000.0	93401.0	0.03022686084142395	0.15382278	0.7237541	3.210375	-1.9362272	3.955724	6.568351	60.610653	-5.867899	-2.7939677e-09	-0.0020223826	-1.6763806e-08	-0.008403715	0.29375896	-0.15489452	24.396084	-15.162546	1.5094681	0.06798184	2.0	1.610384	0.015478857	3090000	4429.3698670864105
103	1.5030073	2.7409778	6.4600534	-2.3163884	33.125	40.491062	143.0	0.0	1000.0	94380.0	0.03025	0.1390209	0.78525066	3.323487	-2.134413	4.05074	6.648038	56.82851	-4.2804046	-2.0489097e-08	-0.0034093366	-2.9802322e-08	-0.01393979	0.26871663	-0.14123622	29.144861	-22.485537	1.5774499	0.06436849	2.0	1.6085916	0.020854004	3120000	4472.019571065903
104	0.044942617	1.6860797	3.4503098	-2.775393	20.208334	40.90943	190.0	0.0	1000.0	95036.0	0.03017015873015873	0.19048612	0.82512003	2.7333686	-1.8717836	2.1119409	5.4865913	54.554836	-3.5559006	1.21071935e-08	-0.007991414	-3.7252903e-09	-0.018605001	0.2781427	-0.15632634	18.04664	-12.478509	1.6418184	0.058543682	8.0	1.607146	0.01629236	3150000	4515.218896865845
105	-0.3549764	2.3197765	5.591267	-3.592956	23.916666	27.564947	124.0	0.0	1000.0	95723.0	0.030101572327044024	0.0320419	0.74814	3.5755663	-2.0845728	1.837015	5.8407016	65.471985	-7.393014	1.6763806e-08	-0.0058371318	2.6077032e-08	-0.014233326	0.23960462	-0.09430006	16.442368	-12.705073	1.7003621	0.052761078	2.0	1.6056023	0.023468139	3180000	4560.350648164749
106	0.49517655	2.6512482	5.4469104	-2.934613	25.166666	30.154696	92.0	0.0	1000.0	96441.0	0.03004392523364486	0.008816691	0.7486267	3.133784	-2.0645058	2.253539	5.290226	43.580242	-4.020219	7.450581e-09	-0.0013612319	1.8626451e-08	-0.0048044543	0.3043693	-0.13856567	16.098173	-11.071932	1.7531232	0.048246384	2.0	1.6060815	0.010927454	3210000	4604.808345317841
107	0.6186201	2.520392	5.5447383	-2.7428906	29.0	30.126123	101.0	0.0	1000.0	97265.0	0.03002006172839506	-0.060571697	0.71479046	2.086957	-1.9693724	1.9660167	4.3679914	44.49859	-5.1570387	1.3038516e-08	-0.0023605193	7.450581e-09	-0.0050081555	0.26865572	-0.13182919	14.227463	-8.921471	1.8013695	0.045014143	2.0	1.60676	0.0058906535	3240000	4648.968520402908
108	-0.004648447	2.9045956	10.252486	-3.3923929	39.458332	61.785908	275.0	0.0	1000.0	98376.0	0.03008440366972477	0.096489586	0.7632506	2.8998997	-2.1788845	2.4606786	5.234211	45.722378	-7.9441547	-1.4901161e-08	-0.0041714236	-2.9802322e-08	-0.006524223	0.2517884	-0.12804285	28.31921	-19.741335	1.8463837	0.044536114	2.0	1.6069907	0.0041156523	3270000	4693.76515007019
109	1.1847204	2.6311095	7.3593144	-3.3639588	22.0	25.874699	109.0	0.0	1000.0	99013.0	0.030003939393939395	0.059849706	0.72389925	3.258915	-1.845685	2.4845107	5.2200837	52.92865	-5.4322386	-1.4901161e-08	-0.0071153613	-1.4901161e-08	-0.015724754	0.29681242	-0.15373503	19.360962	-13.674681	1.8909198	0.04011774	7.0	1.6072569	0.015425416	3300000	4739.396159648895
110	0.2715084	2.549659	5.173354	-3.5321238	15.458333	16.21722	55.0	0.0	1000.0	99580.0	0.029903903903903906	0.14140423	0.738649	2.8501453	-2.1323688	1.6208609	3.6369872	36.329567	-5.9941263	-3.7252903e-09	-0.0076425783	-3.7252903e-09	-0.017038643	0.2615835	-0.15082027	10.992955	-7.9913964	1.9310375	0.034220338	9.0	1.6065922	0.015201922	3330000	4784.445993900299
111	-0.68062574	1.7022969	3.064441	-3.798287	20.125	26.600927	106.0	0.0	1000.0	100084.0	0.02978690476190476	-0.0041812663	0.6923963	1.7224873	-1.7633632	1.5419002	3.8001769	43.286194	-4.136434	-3.7252903e-09	-0.0022545056	3.7252903e-09	-0.0065832534	0.23290735	-0.11994328	12.258214	-10.167572	1.9652579	0.02945447	2.0	1.6088147	0.011462286	3360000	4829.347390413284
112	-0.04848689	2.6428113	8.493759	-3.489117	17.375	18.243292	65.0	0.0	1000.0	100671.0	0.029696460176991152	-0.05292119	0.68144596	2.9870799	-2.0988438	1.0079823	2.9675627	33.880486	-5.8382096	2.2351742e-08	-0.002010396	3.3527613e-08	-0.0069591105	0.24339929	-0.122059256	11.783773	-9.16931	1.9947124	0.024720192	2.0	1.6096678	0.013090445	3390000	4874.244450092316
113	-0.28533304	1.5263863	2.7047777	-3.0140648	27.666666	25.07101	90.0	0.0	1000.0	101558.0	0.0296953216374269	-0.06658157	0.7023271	1.8625121	-2.0052602	1.5622135	4.4054227	40.51782	-7.574279	-1.8626451e-09	-0.008645595	-7.450581e-09	-0.01658716	0.18038984	-0.061444476	14.512949	-10.399237	2.0194325	0.02346754	8.0	1.6101825	0.016407434	3420000	4919.369543552399
114	-0.09195044	1.9425414	5.990438	-3.3282712	29.833334	36.252205	163.0	0.0	1000.0	102454.0	0.0296968115942029	-0.116678834	0.76986194	1.5506123	-2.2982872	2.5108352	5.428607	44.10291	-5.9133077	-7.916242e-09	-0.006126323	-8.381903e-09	-0.011397613	0.25400475	-0.12112678	17.735876	-12.105499	2.0429	0.0224092	4.0	1.6111859	0.014070969	3450000	4965.0275366306305
115	-0.339784	1.8502605	3.7367723	-3.6009183	15.958333	20.195873	89.0	0.0	1000.0	102920.0	0.029574712643678162	-0.03788249	0.72782063	1.6643734	-2.0954478	1.6937927	4.138187	47.369877	-5.769294	1.1175871e-08	-0.0016307705	1.4901161e-08	-0.004903768	0.19818282	-0.08184728	9.256268	-7.444563	2.0653093	0.01777482	2.0	1.6119294	0.008402322	3480000	5009.186045408249
116	-0.076695725	2.4442556	7.8761883	-3.436551	24.875	24.918722	74.0	0.0	1000.0	103678.0	0.029537891737891737	-0.039094523	0.7350728	1.7527702	-2.079111	1.4985658	4.331494	50.20077	-5.6220503	-1.071021e-08	-0.0018483549	-1.3504177e-08	-0.0059822854	0.220265	-0.08533104	12.460978	-9.45826	2.083084	0.016074657	2.0	1.6123092	0.016420512	3510000	5051.592814683914
117	-0.42112353	1.5112898	2.5675032	-3.0606165	16.291666	20.366392	80.0	0.0	1000.0	104145.0	0.029419491525423728	0.016829057	0.702054	4.9702315	-1.9316311	1.2322867	3.4215257	42.87515	-3.754465	-5.5879354e-09	-0.0010032887	3.7252903e-09	-0.009364335	0.18542224	-0.083361015	10.785408	-7.6650944	2.0991588	0.0121462345	1.0	1.6128442	0.024192596	3540000	5094.11855340004
118	-0.5079931	2.0330577	5.725184	-3.3673766	8.416667	15.601594	62.0	0.0	1000.0	104495.0	0.029270308123249298	0.029174348	0.68912137	1.6301672	-1.7674664	1.0990489	2.854146	39.819687	-9.46588	-3.7252903e-09	-0.0018457427	-7.450581e-09	-0.0061429814	0.24634615	-0.103994936	8.765165	-6.278349	2.111305	0.006506443	2.0	1.6130867	0.016367005	3570000	5136.965881347656
119	-0.3253039	1.9930139	3.8048303	-3.1901836	13.291667	17.176725	56.0	0.0	1000.0	104886.0	0.029135	-0.07714535	0.660952	1.721891	-2.1667566	1.2064445	3.513845	38.842525	-4.2275834	3.7252903e-09	-0.0031104079	9.313226e-09	-0.0059934575	0.19960074	-0.082782194	9.064062	-7.0037336	2.1178114	0.002701521	2.0	1.6130149	0.011107132	3600000	5180.832078456879
120	0.21685137	2.8959665	6.86907	-3.1653903	35.291668	34.675255	110.0	0.0	1000.0	105892.0	0.029171349862258954	-0.046089575	0.6970103	1.9459773	-1.9399785	1.6122091	4.3643637	43.244194	-5.1963334	9.313226e-09	-0.004549426	1.6763806e-08	-0.0104757175	0.2737617	-0.1447334	22.089579	-16.884579	2.120513	0.0052957535	3.0	1.612267	0.016770285	3630000	5225.921298742294
121	0.50649315	2.2515407	4.8100743	-3.903632	18.166666	15.131828	55.0	0.0	1000.0	106487.0	0.029094808743169397	-0.038749624	0.7048959	1.6551268	-2.0269299	1.9772812	4.8704815	48.937305	-6.090683	-3.7252903e-09	-0.002634475	-1.8626451e-09	-0.007885742	0.24828461	-0.13739529	11.1229	-8.607417	2.1258087	0.0029044151	2.0	1.6112173	0.013422952	3660000	5271.440173149109
122	-0.05888933	1.6326532	2.6552963	-3.3513405	15.583333	17.499802	54.0	0.0	1000.0	106946.0	0.028982655826558266	0.062129214	0.71878886	2.0633209	-1.9284337	1.2032927	3.4936242	32.73051	-9.008783	3.7252903e-09	-0.0053052474	0.0	-0.011422177	0.20249687	-0.088701606	8.635561	-6.0563374	2.1287131	0.00028777122	7.0	1.6108748	0.015344653	3690000	5317.1281905174255
123	0.13012682	2.2242737	4.4322	-3.5903828	27.458334	27.133894	99.0	0.0	1000.0	107890.0	0.02900268817204301	-0.019541418	0.7145296	2.1284797	-2.3782918	1.4811146	4.0108347	47.491287	-4.8575487	-2.9802322e-08	-0.0028365538	-3.7252903e-08	-0.015046044	0.21134028	-0.09770525	19.153015	-13.712922	2.129001	0.0007557869	2.0	1.6093295	0.036803722	3720000	5361.983168125153
124	0.270009	1.9786885	5.198167	-3.151029	17.041666	19.473228	77.0	0.0	1000.0	108463.0	0.028923466666666668	0.037153617	0.67930377	2.2671149	-2.1461504	2.0457175	4.716861	51.125355	-2.1270463	-5.5879354e-09	-0.0020140547	-3.7252903e-09	-0.0052974313	0.16890153	-0.07768374	11.517244	-7.8646536	2.1297567	-0.0014460087	3.0	1.6084623	0.011087719	3750000	5406.492094516754
125	0.42949548	2.1506777	4.1349187	-3.854505	14.708333	19.299135	73.0	0.0	1000.0	108901.0	0.028809788359788358	-0.023100093	0.68013155	2.5739367	-1.8339576	1.2763436	3.0001073	34.172783	-3.0106893	1.4901161e-08	-0.009174068	1.8626451e-08	-0.016717082	0.23700486	-0.12049027	8.059609	-5.6632075	2.1283107	-0.0038728714	8.0	1.6074183	0.013774719	3780000	5451.354934930801
126	0.6478837	2.38295	5.36437	-3.5586138	16.333334	27.136486	92.0	0.0	1000.0	109411.0	0.028716797900262468	0.07061924	0.6613956	2.4606783	-1.9826959	1.1065239	3.0088255	34.701176	-3.3557725	1.0244548e-08	-0.0015207723	1.3038516e-08	-0.008678544	0.18947718	-0.081872836	14.382883	-11.928307	2.1244378	-0.0061945915	1.0	1.6036141	0.018622503	3810000	5494.01119017601
127	-0.9356635	1.6625518	2.2940955	-4.3008585	17.541666	20.301846	66.0	0.0	1000.0	110019.0	0.02865078125	-0.025431313	0.66485924	1.6821415	-1.8642938	1.5276303	4.531087	43.415844	-3.9816318	0.0	-0.0057010767	0.0	-0.015196925	0.1808396	-0.090867355	12.442869	-10.412901	2.1182432	-0.0075724125	2.0	1.6026149	0.020724691	3840000	5536.951261043549
128	-0.5782127	1.6160522	3.4468331	-3.2547846	10.5	15.481172	63.0	0.0	1000.0	110437.0	0.02853669250645995	0.104181364	0.6516996	2.1330948	-1.8791106	1.1200215	3.905067	41.11736	-6.6451006	-1.3038516e-08	-0.0055355886	-1.8626451e-08	-0.011451365	0.22263305	-0.10714461	11.77523	-10.957292	2.1106708	-0.010543823	6.0	1.6013082	0.014914087	3870000	5580.2503209114075
129	0.038239766	2.0678532	4.8779035	-2.8793755	19.083334	19.561691	78.0	0.0	1000.0	111013.0	0.028464871794871796	-0.13771532	0.6897781	1.7708552	-1.9824623	0.88501114	3.8275576	56.614662	-5.423638	1.3969839e-08	-0.008532344	1.3038516e-08	-0.016291834	0.22982115	-0.09838333	12.41077	-10.410419	2.100127	-0.011031628	8.0	1.5989099	0.017779835	3900000	5623.7063999176025
130	-0.5159719	2.0325615	6.5688863	-3.5859118	12.25	22.39652	83.0	0.0	1000.0	111415.0	0.028349872773536896	-0.03458902	0.6591631	2.0307343	-1.9685711	0.9359116	4.012921	57.213783	-3.8765142	-7.450581e-09	-0.012047535	-1.21071935e-08	-0.020893242	0.17900713	-0.0808558	6.779766	-5.453925	2.0890954	-0.012908936	15.0	1.5947294	0.013960122	3930000	5670.228893041611
131	-0.9164203	1.7280816	3.670314	-3.1083171	8.375	12.445925	43.0	0.0	1000.0	111687.0	0.02820378787878788	-0.0304922	0.5930167	1.4605786	-1.6511126	0.8812013	3.1795425	41.42037	-7.745778	3.7252903e-09	-0.0037197217	6.519258e-09	-0.008255851	0.17481706	-0.059723623	3.5813007	-2.744475	2.0761864	-0.016503334	8.0	1.5866323	0.0121392105	3960000	5715.864625930786
132	-0.24436386	1.9375074	5.524969	-3.0509856	11.958333	18.449207	55.0	0.0	1000.0	112140.0	0.028105263157894737	-0.08222732	0.63445693	1.4472553	-2.1111069	0.7985969	2.9294183	34.845203	-4.8475223	1.8626451e-09	-0.0025175288	-7.450581e-09	-0.006195481	0.27182704	-0.12367855	8.339331	-7.01353	2.059683	-0.01886344	2.0	1.5838101	0.013212081	3990000	5759.14409160614
133	-0.07692132	2.0358915	4.8678627	-3.0748506	9.583333	12.089653	38.0	0.0	1000.0	112440.0	0.027970149253731345	-0.01899506	0.6452443	2.0659125	-2.1072154	0.6927103	2.8651648	38.126774	-8.562207	-7.450581e-09	-0.0036252744	-3.7252903e-09	-0.007346749	0.22077003	-0.098681	3.15338	-2.361987	2.0408196	-0.020997763	7.0	1.5834491	0.01300081	4020000	5805.179112911224
134	-0.024886826	3.580889	15.487613	-3.6012516	14.083333	23.244923	76.0	0.0	1000.0	112891.0	0.02787432098765432	-0.0027022948	0.65523994	1.8514923	-1.9500389	0.8387733	3.4860349	47.108627	-7.413999	3.7252903e-09	-0.018349536	3.7252903e-09	-0.031214297	0.26464918	-0.12928052	9.322777	-8.14016	2.019822	-0.021104217	18.0	1.5808167	0.016982745	4050000	5851.554699897766
135	-0.08749547	1.9178872	3.7317133	-3.7539606	10.75	14.333091	59.0	0.0	1000.0	113188.0	0.027742156862745098	-0.022669584	0.62670565	2.3256202	-1.7500322	0.9561617	3.791478	43.086372	-7.6620617	-1.1175871e-08	-0.006546383	-2.4214387e-08	-0.012669263	0.17852645	-0.07192139	7.2664585	-6.3246565	1.9987177	-0.023120642	8.0	1.5761342	0.014792707	4080000	5896.83429813385
