Epoch	AverageEpRet	StdEpRet	MaxEpRet	MinEpRet	AverageEpCost	StdEpCost	MaxEpCost	MinEpCost	EpLen	CumulativeCost	CostRate	AverageVVals	StdVVals	MaxVVals	MinVVals	AverageCostVVals	StdCostVVals	MaxCostVVals	MinCostVVals	LossPi	DeltaLossPi	SurrCost	DeltaSurrCost	LossV	DeltaLossV	LossVC	DeltaLossVC	Penalty	DeltaPenalty	StopIter	Entropy	KL	TotalEnvInteracts	Time
0	1.3605086	2.3128715	6.8429847	-2.5753891	68.708336	64.5016	243.0	0.0	1000.0	2365.0	0.07883333333333334	0.59895265	0.52872515	2.1215684	-1.3269107	-0.4122016	0.12227922	0.77547795	-0.9293244	2.6077032e-08	0.044320613	1.2293458e-07	-0.010057356	0.7045247	-0.53477573	176.545	-109.68651	0	0	1.0	1.837877	0.05810366	30000	34.233710050582886
1	0.83479863	1.506794	4.046952	-1.5556543	81.333336	46.289547	171.0	0.0	1000.0	4839.0	0.08065	0.24285345	0.30538258	1.1617457	-0.7639215	8.130226	6.5922575	21.752182	-5.788425	3.7252903e-09	0.055559307	2.9802322e-08	0.009152819	0.21057633	-0.050771683	65.21699	-9.133251	0	0	1.0	1.8372016	0.08236339	60000	66.8156304359436
2	1.0057627	1.5166947	4.403362	-1.3168192	88.541664	56.5862	217.0	10.0	1000.0	7260.0	0.08066666666666666	0.10503243	0.44171172	1.2491038	-1.0674311	9.187148	6.719118	25.637745	-3.442542	-1.6763806e-08	0.0007834494	7.4505806e-08	-0.00044599734	0.11202967	-0.029504798	66.50926	-12.282854	0	0	1.0	1.8376622	0.0033476283	90000	100.37938213348389
3	0.45438066	1.5263134	4.0219855	-1.7963136	90.833336	51.665325	181.0	0.0	1000.0	10028.0	0.08356666666666666	0.06501641	0.28583688	1.0291119	-0.7719176	7.8682017	5.7802963	26.778652	-2.0138605	3.7252903e-09	-0.00035419455	0.0	0.0064186268	0.11830571	-0.017352577	57.66604	-7.654682	0	0	1.0	1.8379245	0.005362021	120000	134.1478509902954
4	1.0079846	1.4797143	3.6782832	-1.8798637	79.416664	60.901505	226.0	0.0	1000.0	12449.0	0.08299333333333334	0.07662818	0.339687	1.2333544	-0.9548801	10.179205	5.9794865	27.63646	-2.3222737	4.656613e-09	-0.009009875	1.4901161e-08	0.004291797	0.10447337	-0.015170897	57.77512	-10.93812	0	0	79.0	1.8380123	0.0056468435	150000	174.81149697303772
5	1.4093337	1.963936	7.735051	-2.1482935	110.666664	71.76911	295.0	0.0	1000.0	15806.0	0.08781111111111112	0.10775197	0.32722282	1.2843592	-0.7431506	10.517325	5.8095946	27.995262	-2.78871	3.7252903e-09	-0.006334932	-7.450581e-09	0.0008686569	0.111547716	-0.013421735	99.70661	-13.766436	0	0	36.0	1.8226092	0.004380748	180000	211.71696996688843
6	1.6923056	2.0221753	6.6588054	-1.0442762	117.375	57.924385	233.0	0.0	1000.0	19300.0	0.0919047619047619	0.17627804	0.35829043	1.2792763	-0.7986998	11.266539	6.3764124	35.079826	-3.2673109	1.6763806e-08	-0.0007398899	7.450581e-09	-0.00057328586	0.123913825	-0.019215351	95.20151	-15.450473	0	0	1.0	1.8188065	0.0006511429	210000	244.56255078315735
7	1.9939908	2.0812893	7.6487336	-0.75123614	96.583336	74.74173	279.0	0.0	1000.0	22368.0	0.0932	0.186279	0.31287938	1.3720633	-0.66189003	10.845568	6.5419726	37.039604	-7.4991155	6.519258e-09	-0.0020077392	-2.9802322e-08	9.425171e-05	0.1472308	-0.033637322	100.678856	-15.517497	0	0	6.0	1.8184656	0.00082667096	240000	278.4385974407196
8	2.5060556	2.6264038	9.75995	-1.6885474	97.083336	59.88246	252.0	0.0	1000.0	25366.0	0.09394814814814814	0.24765027	0.37937093	1.5630244	-0.87832505	10.316217	7.278648	41.49213	-1.3918157	9.313226e-09	-0.010290358	-3.7252903e-08	-0.009064189	0.1269416	-0.022232506	74.93581	-19.460789	0	0	79.0	1.8166951	0.0059440313	270000	319.30019783973694
9	1.9335972	2.4427419	7.905851	-2.052654	122.541664	71.75768	289.0	18.0	1000.0	29003.0	0.09667666666666666	0.2803474	0.42213127	1.7284269	-0.73853815	11.152227	6.592035	37.95111	-3.3269339	1.8626451e-09	0.0008077603	-2.9802322e-08	0.000108595006	0.1595417	-0.049108807	99.78734	-19.78823	0	0	2.0	1.7847865	0.0041168965	300000	353.0623264312744
10	3.248378	3.0213933	10.946979	-0.71740466	113.208336	66.53256	214.0	0.0	1000.0	32404.0	0.09819393939393939	0.2447504	0.3485525	1.4865305	-0.7770524	12.550305	6.770284	43.28658	-5.115162	3.7252903e-09	-0.0008005798	5.9604645e-08	0.0020252983	0.2041916	-0.04765734	92.71985	-20.385656	0	0	1.0	1.7839613	0.0011824478	330000	387.42582726478577
11	3.0886638	2.7687829	10.332911	-1.5790857	125.166664	78.189766	285.0	16.0	1000.0	36079.0	0.10021944444444444	0.28671247	0.4047666	1.9580246	-0.77713066	11.813851	6.6531887	42.229664	-2.0436957	-4.656613e-09	-0.0014029008	8.195639e-08	0.0020860229	0.21921457	-0.04146504	98.75731	-25.911474	0	0	1.0	1.783274	0.0023353824	360000	421.5486388206482
12	3.0261161	3.1085865	11.949466	-2.4281807	118.0	62.55131	256.0	0.0	1000.0	39478.0	0.10122564102564102	0.3018619	0.47062248	2.1812994	-0.880725	12.171819	7.857199	51.0343	-4.5552053	5.5879354e-09	0.00056567765	7.450581e-09	-0.0054544397	0.20822993	-0.0658856	90.6223	-35.413433	0	0	1.0	1.7827482	0.007739717	390000	455.8139157295227
13	3.3172567	2.1609027	8.179543	-1.1019701	114.416664	58.392292	254.0	0.0	1000.0	42885.0	0.10210714285714285	0.32902452	0.4274099	2.5688705	-0.71269494	12.57643	7.4776907	49.061146	-1.6087118	9.313226e-09	0.0012505299	2.9802322e-08	-0.00050305855	0.17315964	-0.0472841	93.58532	-41.509468	0	0	1.0	1.7822695	0.0062543005	420000	489.10118556022644
14	1.993317	2.235331	7.1231146	-2.7381692	117.833336	67.727806	285.0	0.0	1000.0	46501.0	0.10333555555555556	0.28769407	0.3976709	2.54111	-0.8208921	11.499848	6.875105	40.615223	-4.074378	-1.6763806e-08	-0.00013401778	-2.9802322e-08	-0.0019865655	0.13797304	-0.033130586	87.08456	-34.952908	0	0	1.0	1.7819653	0.0038741664	450000	523.851851940155
15	2.92488	2.762185	8.638341	-1.144127	111.791664	52.284462	204.0	0.0	1000.0	49546.0	0.10322083333333333	0.301572	0.43426523	2.1036572	-0.9478349	12.803805	6.9935837	46.066006	-2.2803717	-7.450581e-09	-0.0012812534	0.0	-0.00021221349	0.19075596	-0.040875833	78.79368	-28.320461	0	0	1.0	1.7819462	0.0021580446	480000	557.9108250141144
16	3.5308151	3.0463924	10.938636	-0.87504625	121.708336	59.991997	257.0	16.0	1000.0	53112.0	0.10414117647058824	0.35966712	0.45739198	2.6696858	-0.83590937	10.607549	6.4579926	44.160892	-5.1305847	-1.0244548e-08	-0.0006908972	2.9802322e-08	0.0005782321	0.19449505	-0.042010874	83.370636	-28.97089	0	0	1.0	1.7818944	0.00026025285	510000	590.6754791736603
17	3.6990147	2.9151301	11.788423	-0.7977679	135.25	72.85274	265.0	0.0	1000.0	56983.0	0.10552407407407408	0.3843686	0.47973868	2.729322	-0.98014766	13.126269	8.279331	49.403557	-4.288979	-7.450581e-09	-0.00066797156	1.4901161e-08	0.0017999241	0.21628821	-0.052144967	86.754616	-27.590336	0	0	1.0	1.782001	0.000296434	540000	623.5909805297852
18	2.9201708	2.07985	6.8556423	-1.402581	122.75	55.750374	208.0	4.0	1000.0	60819.0	0.1067	0.19848317	0.4076721	2.073857	-1.0268316	12.720004	8.531016	51.09897	-5.572889	3.7252903e-09	-0.0016750562	2.9802322e-08	-0.0010129791	0.15596628	-0.048077617	85.538185	-29.765516	0	0	1.0	1.7821722	0.0007217195	570000	657.320506811142
19	4.1042156	3.0356688	13.782817	-0.71749794	89.875	60.412685	206.0	0.0	1000.0	63762.0	0.10627	0.39557293	0.47526947	2.8076491	-0.7892027	12.797634	7.2532277	48.300888	-3.6473246	4.656613e-09	-0.0014211459	1.4901161e-08	-0.00036402512	0.26080415	-0.06500253	84.82417	-34.666664	0	0	1.0	1.7822888	0.0015775769	600000	690.2723994255066
20	4.402158	2.5177321	11.034474	-0.89624906	98.25	54.851505	198.0	0.0	1000.0	66911.0	0.1062079365079365	0.48518488	0.46029162	2.6135175	-0.67529774	11.14403	7.4067807	52.30102	-9.135886	9.313226e-09	-0.001430097	1.1175871e-08	-0.0018696841	0.20863652	-0.055783875	72.382576	-25.529287	0	0	1.0	1.7823756	0.0019812065	630000	723.3922526836395
21	4.65214	3.2618709	10.436487	-1.0255911	133.91667	69.857544	275.0	28.0	1000.0	70571.0	0.10692575757575758	0.42829928	0.49642724	3.094754	-0.77706593	11.798187	6.758523	46.517365	-4.7174115	1.21071935e-08	-0.010259258	4.4703484e-08	-0.0041646305	0.25175193	-0.06610157	90.51511	-37.259247	0	0	79.0	1.7825155	0.0061436966	660000	765.087867975235
22	4.8147397	3.054231	10.829574	-1.04018	107.291664	61.92097	290.0	15.0	1000.0	74089.0	0.10737536231884058	0.49143016	0.48829603	2.6336854	-0.61153406	12.432217	7.1031575	49.629543	-3.967141	-1.3038516e-08	-0.010860814	1.8626451e-08	-0.008650325	0.26365966	-0.07791765	88.27876	-36.494728	0	0	79.0	1.7553594	0.005732583	690000	805.736141204834
23	5.9328628	2.9776678	12.220483	1.2861667	119.75	67.773674	241.0	19.0	1000.0	77701.0	0.10791805555555556	0.51442873	0.5440301	3.1448667	-0.6673725	11.136889	7.1178284	48.831783	-10.496004	-9.313226e-09	-0.010799544	7.0780516e-08	-0.010983305	0.3962331	-0.11793278	90.358376	-44.524727	0	0	79.0	1.7342701	0.006874879	720000	846.2450048923492
24	6.3095984	3.455952	14.591347	0.39260265	116.416664	68.25498	335.0	7.0	1000.0	81313.0	0.10841733333333334	0.6179693	0.5736112	3.6607296	-0.8537957	14.290494	8.127209	54.006977	-6.2229586	1.8626451e-09	-0.010942302	6.7055225e-08	-0.012313168	0.31239098	-0.12520857	104.28744	-47.18439	0	0	79.0	1.7105573	0.0056884307	750000	886.9562275409698
25	7.5046463	4.40089	19.992825	0.93832535	121.041664	70.173874	284.0	0.0	1000.0	84819.0	0.1087423076923077	0.6592889	0.53246933	3.158702	-0.7871347	11.536636	7.1350107	46.400715	-7.095641	1.4901161e-08	-0.011266005	4.4703484e-08	-0.009491226	0.38386652	-0.13181423	81.83044	-34.25433	0	0	79.0	1.6991436	0.005933113	780000	927.7693982124329
26	8.586587	2.6846702	13.720619	3.0459144	135.66667	68.09654	338.0	59.0	1000.0	88875.0	0.10972222222222222	0.7512599	0.5890928	3.7786152	-0.64787644	13.204311	8.506827	64.934006	-3.447917	7.450581e-09	-0.010847326	-2.2351742e-08	-0.0048097903	0.2998358	-0.104293816	131.54066	-66.02489	0	0	79.0	1.6808815	0.006127118	810000	969.8679630756378
27	7.5017295	3.798958	15.763769	0.038010567	125.083336	53.323635	209.0	17.0	1000.0	92538.0	0.11016428571428571	0.8357642	0.53704274	3.3580527	-0.42306432	13.998824	7.198467	53.635555	-3.161527	-8.381903e-09	-0.009173254	-6.3329935e-08	8.462276e-05	0.31425893	-0.09122053	100.55453	-43.403698	0	0	79.0	1.6560683	0.009594694	840000	1012.0833339691162
28	8.965545	2.4964132	15.888619	4.1841125	121.041664	55.548386	240.0	33.0	1000.0	96279.0	0.11066551724137931	0.7973489	0.54987866	3.091873	-0.59160876	12.516028	7.0599923	51.5234	-2.083854	-7.450581e-09	0.0011568381	-8.195639e-08	-0.002197558	0.3003836	-0.10302957	95.59368	-49.611164	0	0	2.0	1.6259537	0.0072976295	870000	1046.648029088974
29	9.011234	3.7351084	17.251469	1.4464014	140.66667	47.07677	276.0	37.0	1000.0	100226.0	0.11136222222222222	0.9409112	0.55402124	3.0848231	-0.5487407	13.62747	7.1458826	50.64651	-5.5984683	2.6077032e-08	0.024681956	5.2154064e-08	-0.0049660783	0.3707679	-0.14342469	116.68643	-63.091602	0	0	1.0	1.6255198	0.03938134	900000	1081.200410604477
30	9.104667	3.7092733	14.436286	1.9915533	111.291664	62.947388	292.0	0.0	1000.0	103645.0	0.11144623655913978	0.92879856	0.60837495	3.4916954	-0.6079718	14.14574	7.839802	56.366245	-5.1949263	0.0	0.0014907022	-8.940697e-08	0.00074169715	0.32241815	-0.12943013	105.85074	-57.67327	0	0	1.0	1.6252649	0.006088552	930000	1114.3116600513458
31	9.488159	4.1289277	20.60303	2.068014	128.5	65.03717	274.0	18.0	1000.0	107562.0	0.11204375	0.95958567	0.5926748	3.3234313	-0.69495547	12.760456	7.0118933	49.16456	-5.3443546	-7.450581e-09	0.0013487912	5.5879354e-08	-0.011331907	0.37281924	-0.13665795	116.60957	-59.676384	0	0	1.0	1.6252241	0.011008566	960000	1147.572410583496
32	10.043473	3.8642342	18.667564	2.4314775	110.333336	70.68926	259.0	11.0	1000.0	110702.0	0.11182020202020201	1.0078142	0.6008386	3.2769685	-0.62232333	12.437769	7.1078553	50.84587	-5.5443892	4.656613e-09	0.0028989112	5.9604645e-08	-0.00226733	0.37536255	-0.1686806	105.08845	-59.583523	0	0	1.0	1.625303	0.009750166	990000	1180.6043992042542
33	8.538079	4.192302	15.170725	0.96772367	88.375	45.36042	179.0	15.0	1000.0	113340.0	0.11111764705882353	0.9707697	0.6110835	3.164865	-0.6791041	10.705662	7.1268034	69.098946	-7.6999545	9.313226e-10	-0.00042475195	7.450581e-09	-0.0010276446	0.35859913	-0.16386165	80.73335	-44.136406	0	0	1.0	1.6256583	0.0036862753	1020000	1213.611836194992
34	10.042618	2.8166585	15.515902	4.27412	114.708336	50.30447	239.0	31.0	1000.0	116680.0	0.11112380952380953	1.0333533	0.604459	3.0599308	-0.6803114	9.926438	6.385406	50.280495	-3.612258	4.656613e-10	-0.00076321396	-1.4901161e-08	-0.0038904203	0.37049612	-0.16171092	87.17253	-44.72706	0	0	1.0	1.6260555	0.0053297337	1050000	1247.8002259731293
35	11.637473	3.7202911	18.729025	3.4440455	80.125	42.25647	159.0	0.0	1000.0	119138.0	0.11031296296296296	1.0409065	0.5778607	2.931789	-0.48294586	11.296306	6.48001	61.448765	-5.9951687	7.916242e-09	4.5390945e-05	8.195639e-08	-0.0041280743	0.3890641	-0.16454694	77.37911	-41.758408	0	0	1.0	1.6263953	0.0058051064	1080000	1282.6832447052002
36	12.954427	4.2988586	25.079012	4.653591	101.416664	43.147923	204.0	21.0	1000.0	122252.0	0.11013693693693694	1.2669672	0.65124035	4.2289777	-0.6478279	9.615078	6.6872497	50.068554	-6.967945	1.3969839e-08	-0.0010651888	2.2351742e-08	0.0004021572	0.353904	-0.14537749	82.41171	-41.623146	0	0	1.0	1.6269294	0.0021846425	1110000	1317.4830334186554
37	10.753445	5.284128	20.389662	2.8891141	85.916664	68.71373	259.0	17.0	1000.0	125001.0	0.10965	1.2298123	0.64375293	3.60364	-0.628472	10.214337	6.1791296	54.330082	-6.6667747	1.0244548e-08	-0.0006814371	-9.685755e-08	-0.00029774918	0.5119225	-0.22510883	89.972	-48.215523	0	0	1.0	1.6272995	0.0022970955	1140000	1352.1590309143066
38	10.479958	5.1417823	18.5634	1.0010384	91.458336	70.2863	285.0	0.0	1000.0	127935.0	0.10934615384615384	1.1488765	0.66046774	3.2832189	-0.8642203	9.486547	6.8635845	56.522896	-6.8140855	-5.5879354e-09	-0.0011586072	-2.9802322e-08	0.00030331453	0.50665736	-0.24351534	96.99066	-53.63265	0	0	1.0	1.6274393	0.0014840901	1170000	1386.4021339416504
39	11.896812	3.0667236	19.498856	7.5180926	122.0	76.04549	339.0	7.0	1000.0	131321.0	0.10943416666666667	1.1336979	0.65066284	3.2774816	-0.493428	10.240289	7.7448206	58.965126	-7.121143	-6.519258e-09	-0.0010140049	-4.4703484e-08	-0.002765894	0.3812737	-0.16849539	132.3219	-74.93588	0	0	1.0	1.6273578	0.0020126752	1200000	1419.4061665534973
40	13.09285	4.966222	24.346552	4.99508	102.5	49.130775	229.0	10.0	1000.0	134371.0	0.10924471544715447	1.2231246	0.62407446	2.8931081	-0.7011057	11.052463	7.1759305	57.35782	-6.6516166	-1.5832484e-08	-0.0012879695	0.0	-0.0040191547	0.49996585	-0.20725861	85.87721	-47.76125	0	0	1.0	1.6271797	0.0021818844	1230000	1452.6596791744232
41	13.6636505	3.728154	18.430754	3.8547685	89.916664	60.123432	256.0	0.0	1000.0	137223.0	0.10890714285714286	1.4149754	0.61711097	3.9528556	-0.3777048	10.495114	6.0106373	47.731964	-5.3507395	3.7252903e-09	-0.0017799494	-1.4901161e-08	0.00018107146	0.38669357	-0.17452286	106.43245	-62.82093	0	0	1.0	1.6271019	0.0027974872	1260000	1485.5227460861206
42	14.648107	4.6422515	26.21926	8.168968	89.458336	57.853245	226.0	0.0	1000.0	139761.0	0.10834186046511628	1.4326289	0.6035661	4.158196	-0.55366427	9.912108	6.2866054	55.901745	-5.957894	3.7252903e-09	-0.0013364807	1.4901161e-08	-0.0027585365	0.36023673	-0.14688149	86.85011	-47.703255	0	0	1.0	1.6271724	0.0029035993	1290000	1518.4592912197113
43	14.550194	4.3525686	21.27508	4.031895	93.791664	56.701687	187.0	0.0	1000.0	142473.0	0.10793409090909091	1.5424322	0.6389958	3.4936109	-0.3705625	9.185743	7.133152	54.71865	-10.168063	-1.1641532e-08	-0.00094812457	-1.4901161e-08	-0.0010097371	0.4989636	-0.2526411	98.74718	-62.77727	0	0	1.0	1.6271161	0.0012569593	1320000	1551.5337636470795
44	13.130692	4.9155636	22.385328	0.14382087	98.625	56.4888	238.0	21.0	1000.0	145359.0	0.10767333333333333	1.4733932	0.59893423	3.453576	-0.22199062	9.260723	6.3651776	50.626198	-10.208188	7.450581e-09	-0.00047861645	-3.7252903e-08	-0.0010474639	0.4941986	-0.2626436	92.37111	-55.504677	0	0	1.0	1.6271365	0.0005586059	1350000	1585.343668460846
45	15.686118	3.8713746	21.390081	9.644545	93.25	44.650726	164.0	8.0	1000.0	148336.0	0.10748985507246377	1.5113224	0.617716	3.9352415	-0.2988635	10.314361	7.150422	58.01271	-8.935851	9.313226e-09	-0.0009690018	-2.2351742e-08	0.0008236058	0.37179598	-0.1690915	84.4957	-51.02544	0	0	1.0	1.6272311	0.0008143454	1380000	1618.3988392353058
46	15.6922455	4.900885	26.343475	7.483563	107.458336	49.338947	239.0	25.0	1000.0	151193.0	0.1072290780141844	1.6339874	0.5858031	3.3996038	-0.03518547	9.671337	7.0213337	53.81195	-8.726268	-2.7939677e-09	-0.0009963219	2.4214387e-08	-0.00032363134	0.4057379	-0.18875732	101.901436	-60.772774	0	0	1.0	1.627394	0.000865143	1410000	1651.5391392707825
47	13.120984	3.5459728	18.642153	6.01616	91.416664	50.334644	186.0	6.0	1000.0	153821.0	0.10682013888888889	1.5577254	0.7057168	3.642869	-0.439654	9.684975	6.4702587	52.73176	-5.5012255	9.313226e-09	-0.0014854863	5.029142e-08	-0.0014022663	0.3715875	-0.19192642	83.44617	-51.154076	0	0	1.0	1.6273708	0.0019067832	1440000	1684.6779236793518
48	14.038592	4.0624185	21.30453	6.3556213	72.291664	35.201183	137.0	19.0	1000.0	156004.0	0.10612517006802721	1.4302902	0.61394465	3.1444213	-0.8787098	8.6590395	6.1526604	54.939323	-9.924174	7.450581e-09	-0.001207541	-2.9802322e-08	0.0009033012	0.45265806	-0.21933936	69.922714	-41.182976	0	0	1.0	1.6273351	0.0016337561	1470000	1717.9037086963654
49	14.630989	3.3054812	21.633509	7.3214226	89.791664	60.266064	227.0	7.0	1000.0	158671.0	0.10578066666666666	1.5063317	0.6582452	3.5752451	-0.55384463	8.458942	5.324836	47.165497	-9.391724	-4.1909516e-09	-0.0013264802	7.450581e-09	0.0021561761	0.45435208	-0.22009024	78.628876	-46.99569	0	0	1.0	1.6272027	0.0016747877	1500000	1750.9034917354584
50	13.892166	4.690659	25.927956	4.303002	84.583336	52.28361	187.0	0.0	1000.0	161351.0	0.10545816993464052	1.517783	0.6286136	3.7980204	-0.3083545	8.9578905	5.9718285	45.943584	-14.795755	-1.8626451e-09	-0.0008984079	0.0	0.0050043706	0.40886846	-0.20878577	80.748795	-48.80931	0	0	8.0	1.626749	0.004666129	1530000	1784.6855840682983
51	13.754035	4.0869513	20.01779	7.1738763	98.791664	51.795254	236.0	11.0	1000.0	164165.0	0.10523397435897436	1.474805	0.6669776	3.46685	-0.35888663	9.145125	6.038444	46.396843	-8.614904	1.0244548e-08	-0.0005826723	-7.0780516e-08	-0.0013528913	0.3399629	-0.17109859	96.46094	-60.61457	0	0	1.0	1.6259978	0.0008812528	1560000	1818.0554258823395
52	15.578995	3.9868019	19.633541	3.6068554	96.541664	58.051685	262.0	28.0	1000.0	167032.0	0.10505157232704403	1.4502885	0.60969865	3.429867	-0.38093945	9.100004	6.2582006	50.57595	-10.470406	4.656613e-09	-0.00050039636	1.4901161e-08	0.0014332142	0.38158393	-0.19467768	97.36928	-59.289696	0	0	1.0	1.6260568	0.00076454226	1590000	1851.876222372055
53	14.557312	3.2864022	21.472775	7.7637815	103.458336	42.011883	173.0	0.0	1000.0	170253.0	0.10509444444444445	1.5645945	0.62739074	3.3360639	-0.36953625	9.747813	6.8306546	51.031284	-8.199278	1.3038516e-08	-0.0008227361	-8.195639e-08	7.3906034e-05	0.382639	-0.19543618	95.95241	-60.544018	0	0	1.0	1.6261804	0.00091217837	1620000	1886.0558035373688
54	15.119847	3.9144928	23.388367	5.139743	90.166664	57.49976	289.0	0.0	1000.0	173051.0	0.10487939393939394	1.5579022	0.61192006	3.7139535	-0.36650944	10.603188	7.2191753	55.29045	-7.529457	0.0	-0.0010927959	7.636845e-08	-0.0012897961	0.35482526	-0.17323512	119.895805	-77.4963	0	0	1.0	1.6263952	0.0010028621	1650000	1919.973218679428
55	14.652202	4.0421395	20.62806	2.5655732	89.833336	59.018826	227.0	0.0	1000.0	175704.0	0.10458571428571428	1.6103463	0.6052223	3.5876105	-0.60793287	8.552405	6.090315	51.636482	-9.7337	7.450581e-09	-0.00049019326	2.2351742e-08	-0.00037791184	0.4218232	-0.23800063	83.56652	-51.665733	0	0	1.0	1.6265233	0.00055866764	1680000	1953.819299697876
56	15.290736	2.7421	20.81935	11.440369	124.125	77.388794	254.0	0.0	1000.0	179346.0	0.10488070175438596	1.6876554	0.6242417	3.4146652	-0.8033167	10.2376585	7.4494348	56.962387	-14.662923	2.0489097e-08	-0.0009136135	2.9802322e-08	-0.0022367314	0.34213814	-0.1589616	140.4162	-92.20418	0	0	1.0	1.6265967	0.0009003178	1710000	1986.8921060562134
57	15.03532	4.68687	23.546616	4.244061	80.583336	50.326366	174.0	16.0	1000.0	181842.0	0.10450689655172414	1.5768969	0.5797024	3.8528574	-0.520798	10.796804	7.592449	57.033756	-13.012595	1.0244548e-08	-0.0017301925	4.8428774e-08	0.00054396223	0.43158484	-0.2154029	70.315636	-44.456856	0	0	1.0	1.6265175	0.0016389578	1740000	2020.2355980873108
58	15.032084	2.877819	20.78335	8.862088	109.791664	52.610977	220.0	17.0	1000.0	185152.0	0.10460564971751413	1.6732779	0.64126414	3.3559706	-0.30039322	10.554763	6.997932	54.927467	-9.054455	1.8626451e-09	-0.00096959324	-1.0430813e-07	-0.0012126965	0.3385995	-0.17788976	97.37048	-59.29367	0	0	1.0	1.6263485	0.001072638	1770000	2053.1863808631897
59	15.347741	3.7738903	23.260805	9.541357	87.125	63.21149	262.0	0.0	1000.0	187866.0	0.10437	1.5742354	0.5844456	3.642096	-0.540062	10.7024145	7.704465	57.231037	-9.224858	-7.450581e-09	-0.0006294661	0.0	-0.0002693804	0.34847254	-0.20078564	99.72153	-63.217266	0	0	1.0	1.6260478	0.00042948677	1800000	2087.366497039795
60	16.543934	3.2178733	22.907917	9.383702	91.75	48.717083	188.0	18.0	1000.0	190561.0	0.10413169398907104	1.636507	0.5771481	3.448206	-0.206001	10.315444	6.670557	55.622154	-9.891357	-1.9092113e-08	-0.00955498	4.4703484e-08	0.002669382	0.36944064	-0.19279319	80.424484	-51.914787	0	0	79.0	1.6256279	0.0050727213	1830000	2130.1507110595703
61	16.142904	3.9136782	22.150278	4.1817884	97.25	64.97387	262.0	0.0	1000.0	193507.0	0.10403602150537634	1.6593487	0.60388726	3.5360942	-0.46753025	9.799739	7.0398836	62.33658	-15.046899	5.5879354e-09	-0.010163689	-5.5879354e-08	-0.0093278885	0.40393543	-0.21969251	112.926926	-73.39259	0	0	79.0	1.5998132	0.0058676656	1860000	2171.4465959072113
62	16.296324	3.5516026	25.766169	10.913716	96.708336	52.66836	233.0	17.0	1000.0	196559.0	0.1039994708994709	1.7218797	0.62401426	3.3863287	-0.22560117	9.418123	6.6965003	57.33195	-11.068774	9.313226e-10	-0.0102100475	-2.9802322e-08	-0.007868648	0.36056927	-0.19054076	95.58132	-58.59147	0	0	79.0	1.5827591	0.0064363694	1890000	2214.835006713867
63	16.311037	2.9561906	20.5788	8.683209	112.833336	73.54798	305.0	8.0	1000.0	199802.0	0.10406354166666666	1.7408339	0.5572892	3.5796552	-0.15322718	10.711785	7.666629	59.68574	-11.948824	7.450581e-09	-0.010813409	-6.7055225e-08	-0.0039046481	0.35937876	-0.18451467	128.2742	-90.475494	0	0	79.0	1.5513158	0.0057613766	1920000	2258.266036748886
64	18.13091	3.2569635	22.83455	11.571918	109.541664	53.241573	255.0	13.0	1000.0	203158.0	0.10418358974358974	1.8059238	0.59221035	3.9869142	-0.16309941	11.474908	8.189956	59.172962	-15.023711	1.5832484e-08	0.0012314831	5.2154064e-08	-0.004577967	0.36954987	-0.19994467	104.63752	-67.11881	0	0	2.0	1.5337409	0.0051110154	1950000	2292.4007234573364
65	18.098358	3.2597597	25.94597	10.812755	87.166664	51.846462	248.0	7.0	1000.0	205830.0	0.10395454545454545	1.8156013	0.56157875	3.570762	0.12211162	11.126471	6.049319	52.20607	-7.3783035	1.5832484e-08	0.004410964	2.2351742e-08	0.0031934353	0.35915333	-0.18386567	77.7258	-48.56369	0	0	1.0	1.5333369	0.012724025	1980000	2327.282952785492
66	17.355314	3.3166864	25.486496	9.7132225	111.333336	74.69252	316.0	0.0	1000.0	208898.0	0.10392935323383085	1.8073854	0.6016005	3.8197103	-0.44034055	9.53764	6.6413255	52.80155	-16.656893	3.7252903e-09	0.005278264	5.5879354e-08	-0.0014448361	0.3176856	-0.17855947	115.82258	-71.68528	0	0	1.0	1.5327559	0.012933584	2010000	2362.1846222877502
67	16.704878	3.2923143	21.542364	9.268076	96.833336	56.25216	252.0	0.0	1000.0	211604.0	0.10372745098039216	1.7525667	0.6109793	3.973863	-0.35239008	9.61657	6.7882867	63.037334	-10.673732	3.7252903e-09	-0.00070614554	-4.4703484e-08	-0.001663697	0.3670607	-0.20099771	91.75183	-59.36572	0	0	1.0	1.531995	0.0027317256	2040000	2396.788824558258
68	17.220152	5.0094438	26.845852	3.115149	118.166664	81.828415	346.0	0.0	1000.0	215025.0	0.1038768115942029	1.7168722	0.56675696	3.3380494	-0.1847424	11.461713	7.6124563	52.477287	-7.433583	-4.656613e-09	-0.001026848	0.0	-0.00027951505	0.45094192	-0.25732335	120.56599	-80.028824	0	0	1.0	1.5316291	0.0020354558	2070000	2430.586148738861
69	17.261454	3.8321793	25.398788	6.505459	82.333336	42.096783	165.0	5.0	1000.0	217555.0	0.10359761904761905	1.8564514	0.65500915	4.0240283	-0.22569734	11.459125	6.836766	54.919846	-6.711761	-1.4901161e-08	-0.00017778517	-1.6763806e-07	0.0029688925	0.34919444	-0.20408146	85.987976	-57.841988	0	0	1.0	1.531398	0.0017022294	2100000	2464.3118920326233
70	16.382214	3.526354	23.976336	8.856901	111.125	67.10707	356.0	9.0	1000.0	220786.0	0.10365539906103287	1.8250166	0.6376628	3.964825	-0.4806265	9.111042	5.9138336	40.09241	-9.790259	1.4901161e-08	-0.0009991839	7.4505806e-08	0.0005082794	0.35763687	-0.20637192	105.15623	-67.74025	0	0	1.0	1.531385	0.00056069344	2130000	2497.800451040268
71	18.050444	3.7610784	24.828648	11.789215	110.375	68.7173	302.0	3.0	1000.0	224104.0	0.10375185185185185	1.8498203	0.6034167	3.5087376	0.04558692	10.589926	7.201755	64.8091	-8.34092	-8.381903e-09	-0.00071186153	-5.2154064e-08	-0.001284197	0.3083551	-0.16890156	110.937035	-63.235348	0	0	1.0	1.5314665	0.0022851932	2160000	2530.361212491989
72	17.406862	4.1226134	24.078308	4.2826223	110.5	68.65129	289.0	24.0	1000.0	227463.0	0.10386438356164383	1.8178016	0.6356219	3.8031092	-0.2620476	11.990281	7.7190413	59.01158	-10.756166	-1.5832484e-08	-0.0009919383	-2.9802322e-08	-0.00078728795	0.3549225	-0.21146153	105.99627	-64.06372	0	0	1.0	1.5316917	0.0011464385	2190000	2563.1741921901703
73	17.918064	3.6899593	26.461275	11.801041	86.583336	56.97435	219.0	0.0	1000.0	230014.0	0.10360990990990991	1.8374307	0.6081512	3.8819528	-0.23698904	10.522708	7.0824976	58.14741	-8.411491	5.5879354e-09	-0.00076303724	2.9802322e-08	-0.0019260366	0.40479463	-0.21722604	87.95159	-52.042526	0	0	1.0	1.5317845	0.001599404	2220000	2595.863842725754
74	17.097624	3.126606	22.599596	12.761212	84.625	46.14724	185.0	0.0	1000.0	232513.0	0.10333911111111112	1.8154061	0.62047035	3.9720194	-0.15742849	9.334817	6.154103	53.53918	-6.9703894	3.7252903e-09	-0.0005836114	1.4901161e-08	-0.00017194054	0.37872446	-0.23643763	71.55981	-41.33839	0	0	1.0	1.5317807	0.0020496133	2250000	2628.733340024948
75	17.066523	2.4679732	20.973251	12.149535	104.791664	65.27249	240.0	0.0	1000.0	235394.0	0.10324298245614034	1.8270079	0.6189935	3.7808552	-0.27424127	8.597234	5.890155	45.16866	-11.466142	9.313226e-09	-0.0006103527	-3.7252903e-08	-0.00030073524	0.3890278	-0.2146577	107.84146	-66.1552	0	0	1.0	1.5316327	0.0007663695	2280000	2661.6332290172577
76	16.45258	4.4886208	21.751318	3.777186	96.833336	66.89585	252.0	0.0	1000.0	238227.0	0.10312857142857143	1.7668469	0.6626582	3.8661962	-0.17417504	9.32195	7.9511824	63.661057	-10.24564	-1.8626451e-09	-0.0006666429	-2.9802322e-08	-0.0023179706	0.41490227	-0.24809888	94.89214	-57.74807	0	0	1.0	1.5314779	0.0014959015	2310000	2694.3366289138794
77	18.452465	3.4054146	26.113737	10.99401	91.083336	46.229427	206.0	20.0	1000.0	241228.0	0.10308888888888888	1.8137709	0.5958517	3.6531792	-0.044466145	10.614446	7.4385004	61.84165	-8.167793	1.1175871e-08	-0.0007719062	6.7055225e-08	0.0035968684	0.46864456	-0.26766682	84.837585	-48.831253	0	0	1.0	1.5311809	0.0013510908	2340000	2726.843787908554
78	17.109291	3.400724	25.45311	9.685812	99.333336	56.135002	289.0	14.0	1000.0	244328.0	0.10309198312236287	1.8046639	0.6594925	4.1790805	-0.08421698	10.808664	6.684213	58.12319	-5.621343	-2.0489097e-08	-0.0007872991	-6.7055225e-08	-0.0024067364	0.38825494	-0.23635818	97.47577	-55.979004	0	0	1.0	1.5308268	0.0013731691	2370000	2759.31445479393
79	19.768951	4.34635	28.408237	11.150266	77.125	43.72386	155.0	0.0	1000.0	246934.0	0.10288916666666667	1.8822763	0.6146424	3.8729594	-0.24608184	9.9753685	6.258231	57.460793	-12.281687	9.313226e-10	-0.00045460812	1.4901161e-08	-0.00073725963	0.40105942	-0.24692541	89.61249	-57.284176	0	0	1.0	1.5306509	0.0006420142	2400000	2792.045415878296
80	18.368942	2.6495905	23.871334	14.310979	104.666664	49.89879	190.0	3.0	1000.0	249960.0	0.1028641975308642	1.8734448	0.61958116	3.8086822	-0.060711123	10.394627	7.683126	66.29555	-12.056104	-6.519258e-09	-0.0006433413	-2.9802322e-08	0.00018187799	0.41501072	-0.23867123	99.70776	-61.18185	0	0	1.0	1.5304954	0.0005248687	2430000	2824.8264644145966
81	16.546028	5.408721	26.842949	-1.8324498	97.375	59.72563	251.0	0.0	1000.0	252720.0	0.10273170731707316	1.8168737	0.68871325	4.167835	-0.20593502	9.4199295	7.0350623	58.192165	-10.934659	-1.0244548e-08	-0.0006880504	-3.3527613e-08	0.000527933	0.50802547	-0.3416608	87.82355	-52.590347	0	0	1.0	1.5305445	0.0010185622	2460000	2857.333921432495
82	18.988869	3.5715764	29.965662	13.66691	94.875	40.33228	157.0	0.0	1000.0	255471.0	0.10259879518072289	1.848701	0.6393631	4.1447043	-0.34296632	10.054088	6.5368905	54.08928	-12.595392	4.656613e-09	-0.0010654776	5.9604645e-08	0.0008154623	0.49070406	-0.27841476	91.95203	-54.9905	0	0	1.0	1.5309398	0.0011258051	2490000	2889.971071243286
83	19.27443	2.6745932	24.865185	12.447375	88.583336	48.863686	201.0	0.0	1000.0	258084.0	0.10241428571428571	1.9695907	0.6208531	4.1541457	-0.15953316	9.500892	5.798096	49.964375	-16.604885	-1.8626451e-09	-0.00047184358	5.9604645e-08	0.0012327926	0.3888883	-0.21382721	82.250404	-48.523155	0	0	1.0	1.5312717	0.0004267017	2520000	2923.2073826789856
84	18.32572	3.4571927	26.00598	11.868622	104.458336	54.860413	257.0	13.0	1000.0	261231.0	0.10244352941176471	1.980995	0.59150493	3.805733	-0.012477096	9.331702	5.8729043	51.296093	-8.3876295	1.0244548e-08	-0.00054305675	-5.9604645e-08	-0.00030636042	0.40936705	-0.2241867	92.41771	-52.46956	0	0	1.0	1.5314952	0.0004510444	2550000	2956.5067925453186
85	19.287205	3.1803234	28.99078	14.660587	98.5	79.004745	358.0	3.0	1000.0	263941.0	0.10230271317829458	1.9541284	0.58305824	3.994334	0.10902646	10.26524	6.486089	49.457687	-9.41347	8.614734e-09	-0.009046481	1.1920929e-07	-0.009321672	0.4281342	-0.24490097	113.97895	-73.01692	0	0	79.0	1.5315795	0.005461029	2580000	2998.4232606887817
86	18.869608	3.497802	24.99154	12.921632	97.666664	60.912968	240.0	0.0	1000.0	266614.0	0.10215095785440613	2.0181527	0.5989595	4.008224	-0.52796775	10.268939	7.796381	58.051266	-13.508594	-7.450581e-09	-0.009926904	-1.4901161e-08	-0.009825388	0.4425864	-0.27024972	96.57013	-60.859753	0	0	79.0	1.508206	0.0058937874	2610000	3041.3670094013214
87	17.604502	4.034997	27.816929	8.75841	123.708336	75.107414	277.0	9.0	1000.0	270338.0	0.10240075757575758	1.9361922	0.57834136	4.4278383	0.10931002	9.952	7.5073867	55.869385	-9.083781	3.7252903e-09	-0.010339359	-6.7055225e-08	-0.0064304303	0.3560549	-0.20655271	123.90706	-78.898125	0	0	79.0	1.4715834	0.0055969036	2640000	3082.9616754055023
88	19.114927	3.136345	23.99628	12.890475	98.041664	48.92978	175.0	16.0	1000.0	273391.0	0.1023936329588015	1.8737216	0.5675925	3.896726	-0.1642616	12.5622	8.274813	54.343395	-10.572794	9.313226e-09	-0.010456264	-1.4901161e-08	-0.017403778	0.36522835	-0.22156852	116.53708	-73.800705	0	0	79.0	1.4427011	0.0055669993	2670000	3124.0183885097504
89	18.889923	3.8604462	26.864206	10.348182	91.375	44.624184	218.0	23.0	1000.0	276205.0	0.10229814814814815	1.9290099	0.5748456	3.7493207	-0.039463513	10.484118	6.8858023	53.769104	-7.1302624	-1.21071935e-08	-0.010702843	7.450581e-09	-0.0072863437	0.36153516	-0.21499032	91.554276	-53.3061	0	0	79.0	1.4268544	0.0061670514	2700000	3165.0431344509125
90	19.041304	2.327093	24.120508	14.677846	107.291664	58.217606	234.0	19.0	1000.0	279657.0	0.10243846153846153	1.9513553	0.57748145	3.8683467	-0.14451638	11.001629	6.716374	58.03354	-7.627278	-1.8626451e-09	-0.011170236	0.0	-0.00012078788	0.3418628	-0.19366997	115.37224	-59.874535	0	0	79.0	1.4096587	0.005597042	2730000	3205.7618992328644
91	19.034386	3.602708	24.90418	8.113228	76.458336	57.851086	185.0	0.0	1000.0	282139.0	0.10222427536231884	1.9815456	0.57770234	3.6637537	0.22554004	10.085798	6.425509	54.178577	-9.673686	-1.1175871e-08	-0.00096592284	0.0	0.0041326736	0.42231333	-0.26767492	90.586075	-52.300526	0	0	5.0	1.3982005	0.004062618	2760000	3239.956397294998
92	18.63761	3.3687155	23.979403	11.6169	83.666664	62.5311	214.0	0.0	1000.0	284752.0	0.1020616487455197	1.9565203	0.5728004	3.9737484	0.014264896	9.605627	6.7750654	47.612164	-14.7765875	-7.450581e-09	0.0087458845	2.9802322e-08	0.0014620926	0.42138648	-0.2740587	103.436325	-63.272026	0	0	1.0	1.3958367	0.01632969	2790000	3273.6860110759735
93	19.662035	3.2269862	25.004816	14.553184	104.875	70.64307	313.0	23.0	1000.0	287912.0	0.10209645390070922	2.019403	0.5635312	3.8002636	-0.07114693	9.628076	7.2202435	61.748333	-8.293302	3.7252903e-09	-0.0005883492	-1.8626451e-08	-0.00033943728	0.3898359	-0.23328286	94.27007	-52.990517	0	0	1.0	1.3949611	0.001001756	2820000	3307.7878494262695
94	19.080612	3.7716403	28.089819	9.643055	96.0	60.50482	215.0	19.0	1000.0	290929.0	0.10208035087719299	1.9599458	0.5544002	3.81214	0.2982087	9.73135	6.491395	60.19518	-10.185499	7.450581e-09	-0.0012495485	4.4703484e-08	-0.0027636262	0.45048645	-0.27576184	99.996506	-57.643597	0	0	1.0	1.3943763	0.0014916805	2850000	3340.4072942733765
95	19.662304	2.8138971	23.676205	13.182629	100.041664	69.56141	294.0	8.0	1000.0	294104.0	0.10211944444444444	2.016318	0.59829545	3.7388647	0.08667348	10.802284	7.193221	56.475174	-12.066004	5.5879354e-09	-0.00030466908	-7.450581e-09	0.0013517495	0.36156836	-0.20832837	116.3788	-69.56839	0	0	1.0	1.3943071	0.0009999414	2880000	3373.4201786518097
96	19.452513	4.465061	26.837254	4.156636	90.0	39.40812	187.0	23.0	1000.0	296827.0	0.10200240549828178	2.026672	0.5920128	3.8353596	-0.02492573	10.721043	7.765979	69.41069	-15.188703	-1.0244548e-08	-0.0008422709	-4.0978193e-08	-0.0016709436	0.48700398	-0.3216881	95.50604	-56.338158	0	0	1.0	1.3945229	0.0013431443	2910000	3405.953835248947
97	18.754414	3.3717258	26.846493	11.960759	113.583336	80.23918	268.0	11.0	1000.0	299955.0	0.10202551020408163	2.0436375	0.61991495	4.083615	0.1687465	9.337914	6.594052	57.10889	-10.094869	-3.7252903e-09	-0.00072994607	-4.4703484e-08	0.0011873404	0.3978769	-0.25565952	130.64404	-77.17759	0	0	1.0	1.3950372	0.00316778	2940000	3438.377410173416
98	20.18432	2.4250622	24.684998	16.538036	124.041664	79.636406	379.0	13.0	1000.0	303441.0	0.10216868686868687	2.0163689	0.5796772	3.9435997	-0.06956877	11.138458	8.484894	56.335884	-11.635	-7.450581e-09	-0.0010897999	8.940697e-08	0.0014274521	0.4445605	-0.28234684	117.911644	-74.53058	0	0	1.0	1.3957357	0.000906529	2970000	3471.004001379013
99	17.970968	4.307659	25.169512	4.111997	87.458336	55.390266	247.0	0.0	1000.0	306346.0	0.10211533333333334	2.0686722	0.5859774	4.112841	0.3015476	10.585273	7.73438	67.30507	-14.753934	1.8626451e-09	-0.000670587	-2.9802322e-08	-0.00023722928	0.5183222	-0.3552273	103.499084	-63.10731	0	0	1.0	1.3964918	0.00043203708	3000000	3503.5310571193695
100	19.559034	3.8395715	25.818607	10.842626	98.083336	58.56543	227.0	20.0	1000.0	309243.0	0.10206039603960396	1.9515445	0.60931927	4.4092865	-0.015092157	9.980723	7.313201	55.82515	-14.005667	-5.5879354e-09	-0.0008570566	5.9604645e-08	-0.0028647939	0.45085493	-0.30204794	104.629234	-63.147953	0	0	1.0	1.3973416	0.0010090892	3030000	3537.035368204117
101	19.907686	3.572645	26.718613	6.87689	90.916664	46.40395	214.0	4.0	1000.0	311932.0	0.10193856209150327	2.039859	0.60811913	4.202241	0.033706374	8.938907	6.6280727	57.68301	-13.410157	1.8626451e-09	-0.00053867046	-1.1175871e-07	0.000758552	0.52783257	-0.34416473	79.69968	-47.88379	0	0	1.0	1.398146	0.0007245891	3060000	3569.6062772274017
102	19.885641	3.192959	25.542652	12.241441	104.041664	61.85095	271.0	0.0	1000.0	314867.0	0.10189870550161813	2.0464268	0.60904783	4.271348	0.20273614	9.635781	7.042539	52.96161	-10.580157	1.0244548e-08	-0.0008740568	7.450581e-09	-0.0017388745	0.3459632	-0.205907	96.92183	-56.86682	0	0	1.0	1.3990289	0.0015570972	3090000	3602.3286125659943
103	19.543215	3.6425352	25.489681	13.196067	102.291664	45.740646	227.0	23.0	1000.0	317851.0	0.10187532051282051	2.0693858	0.592494	3.9707165	0.14156532	9.977936	7.023402	55.971905	-12.561769	-1.1175871e-08	-0.0005309379	-2.9802322e-08	-0.002980385	0.41105947	-0.25404388	96.29291	-54.61207	0	0	1.0	1.3998847	0.001472695	3120000	3634.9826645851135
104	18.97389	3.312273	24.679337	12.730584	133.83333	70.67689	288.0	0.0	1000.0	321420.0	0.10203809523809523	2.0068367	0.57362765	3.8465903	-0.024174519	10.187239	6.9558277	58.83424	-8.285471	1.4901161e-08	-4.6367524e-05	9.126961e-08	-0.001594854	0.40657625	-0.25507936	129.47519	-75.115974	0	0	1.0	1.40067	0.0023125801	3150000	3667.684994697571
105	21.091475	2.8020258	27.353483	16.491573	85.333336	56.770493	272.0	10.0	1000.0	323920.0	0.10186163522012578	2.023688	0.5938441	4.1501775	0.091152966	10.786463	6.306506	62.276352	-8.051722	-1.1175871e-08	0.0008511473	-1.4901161e-08	-0.0006210611	0.35876092	-0.19842641	77.86733	-46.924194	0	0	1.0	1.401414	0.0058872877	3180000	3700.5658400058746
106	20.052088	5.3315825	29.065714	3.0658252	85.625	62.55785	291.0	0.0	1000.0	326440.0	0.10169470404984424	2.0744731	0.5989966	3.833253	0.07917589	8.822284	5.6586366	61.667118	-11.134199	-1.4901161e-08	0.0005824417	-6.7055225e-08	-0.0021321522	0.5001977	-0.310441	82.41436	-45.122063	0	0	1.0	1.4020255	0.0050481586	3210000	3733.140858888626
107	18.414238	4.225758	24.614487	6.2245617	107.416664	91.57052	351.0	0.0	1000.0	329587.0	0.10172438271604939	1.9773937	0.6711084	3.9215062	-0.46739435	8.749488	6.871975	61.682674	-9.850521	9.313226e-10	0.0019867884	2.2351742e-08	0.0010522604	0.41140276	-0.2553324	132.36148	-87.53883	0	0	1.0	1.4027256	0.008891851	3240000	3765.7226910591125
108	18.946592	1.9652948	23.73125	15.29458	85.75	56.773857	249.0	0.0	1000.0	332006.0	0.10153088685015291	1.9865904	0.6280547	3.7183418	-0.55397683	9.281528	7.9582777	64.995224	-11.475039	1.8626451e-09	0.00092666416	1.1920929e-07	0.0005257125	0.2747113	-0.1630566	75.33145	-44.408096	0	0	1.0	1.403603	0.00768996	3270000	3798.670496702194
109	21.193136	3.4114354	28.96535	14.913867	126.5	73.242744	309.0	27.0	1000.0	335754.0	0.10174363636363637	2.0069687	0.5184067	3.7084122	-0.023152076	9.1725	6.86647	59.889126	-8.914146	-1.3038516e-08	0.000952421	0.0	-0.0075836843	0.38662833	-0.22057658	130.4804	-77.86055	0	0	1.0	1.4043571	0.007827403	3300000	3833.8145587444305
110	19.17193	3.4059868	24.47381	13.390553	98.625	60.179462	271.0	0.0	1000.0	338883.0	0.10176666666666667	2.0976925	0.5698062	4.073668	0.31180134	12.089152	7.8578873	57.757187	-8.4617605	5.5879354e-09	0.00024391233	-3.7252903e-08	0.001826846	0.35647792	-0.21064016	120.376595	-72.18251	0	0	1.0	1.4053066	0.004006608	3330000	3867.577404499054
111	18.757204	3.6265924	25.130365	7.0259767	83.125	54.401527	238.0	0.0	1000.0	341326.0	0.10158511904761905	1.9632063	0.5489923	3.5564156	0.026624827	10.069246	6.231436	60.051468	-12.710547	2.6077032e-08	-0.00086967065	1.6763806e-08	-0.0010258579	0.4400897	-0.27387434	76.257385	-44.10234	0	0	1.0	1.4061618	0.0011078343	3360000	3901.8369476795197
112	20.947027	3.360759	25.769325	11.554546	81.666664	58.910713	189.0	0.0	1000.0	343834.0	0.1014259587020649	2.0314374	0.54526037	3.728818	0.094403416	8.273498	6.606502	66.59548	-10.509091	1.21071935e-08	-0.000381245	1.8626451e-09	-0.0003612521	0.5569991	-0.32882655	81.48044	-44.859497	0	0	1.0	1.4070164	0.00061991636	3390000	3936.7035415172577
113	20.368322	2.2633967	25.765131	16.484009	101.083336	52.1855	212.0	6.0	1000.0	346635.0	0.10135526315789474	2.1974819	0.6130896	4.5692816	0.26307845	9.249288	6.718318	52.75644	-12.499012	-1.8626451e-09	-4.56883e-05	1.1920929e-07	0.0060859653	0.4364338	-0.28472492	94.519	-54.99224	0	0	1.0	1.4078459	0.006178769	3420000	3970.942149877548
114	20.13101	3.295159	28.615843	14.483301	94.833336	48.28273	229.0	13.0	1000.0	349491.0	0.10130173913043478	2.0632045	0.59380245	3.9322143	0.19054683	10.215976	6.5528345	50.90732	-7.850958	6.519258e-09	-0.0005508323	1.8626451e-08	-0.0002596539	0.38288411	-0.2360247	82.1983	-44.803585	0	0	1.0	1.4084389	0.0004699426	3450000	4004.1186928749084
115	19.269907	3.0925562	26.303455	11.864232	118.75	57.294743	221.0	0.0	1000.0	353086.0	0.10146149425287357	2.0342672	0.539247	4.0518	-0.3072277	10.948176	7.105416	59.512234	-7.6532884	1.4901161e-08	-0.0007337363	2.9802322e-08	0.0020890813	0.3738156	-0.23508435	98.21608	-52.0668	0	0	1.0	1.4090465	0.00209894	3480000	4037.5658781528473
116	19.320976	3.7398977	24.415127	6.215726	97.458336	61.7913	273.0	0.0	1000.0	356106.0	0.10145470085470086	2.0329962	0.58805186	4.431771	0.04457666	10.387171	6.974133	57.715538	-12.2460375	1.8626451e-09	-0.001217377	1.0430813e-07	-0.0010769535	0.35355538	-0.22661167	101.122955	-61.968483	0	0	1.0	1.4097607	0.0021849833	3510000	4070.8077840805054
117	19.278112	4.1213846	24.993856	3.607168	82.958336	54.44759	200.0	2.0	1000.0	358540.0	0.10128248587570622	2.0238283	0.5400364	3.7936854	0.07898939	9.4708395	6.1830187	62.889557	-11.6460285	1.8626451e-09	-0.0008848223	-3.7252903e-08	0.0009779911	0.49136576	-0.31726825	71.14476	-43.79135	0	0	1.0	1.4104303	0.001392571	3540000	4103.784940958023
118	20.84676	3.5493562	25.824081	10.564628	102.583336	72.586105	226.0	0.0	1000.0	361631.0	0.10129719887955183	1.9846373	0.58244205	4.244119	0.12389356	8.909997	6.974264	53.459694	-11.332603	5.5879354e-09	-0.0008563182	2.2351742e-08	-0.0022515245	0.5444259	-0.33603093	115.07892	-73.61266	0	0	1.0	1.4111772	0.00074511	3570000	4136.987407684326
119	19.467703	3.430908	29.843245	14.088986	111.958336	63.828857	264.0	21.0	1000.0	364930.0	0.10136944444444444	2.060038	0.62228996	4.672265	0.054949664	10.397475	7.292112	55.694336	-9.727061	3.0267984e-09	-0.0005823537	3.7252903e-08	-0.00055342214	0.4263807	-0.27759212	106.92522	-61.56534	0	0	1.0	1.4119954	0.00083400036	3600000	4170.482702732086
120	19.88856	3.2484663	25.432013	10.615592	109.375	74.50269	344.0	0.0	1000.0	368100.0	0.10140495867768595	2.1091661	0.62135875	4.515304	0.2659674	10.915023	7.331336	61.218452	-10.4374485	7.450581e-09	-0.000699784	7.8231096e-08	0.0003081453	0.39822853	-0.26849523	121.37306	-75.94331	0	0	1.0	1.412694	0.0005369482	3630000	4203.767437458038
121	20.476095	2.455989	24.10762	14.193028	110.833336	65.400475	320.0	23.0	1000.0	371458.0	0.10149125683060109	2.0479944	0.5717557	3.8398142	-0.082745746	12.441308	8.536915	63.978577	-6.0107093	8.381903e-09	-0.0010588771	-3.7252903e-08	-0.0026528724	0.31468588	-0.18699403	106.69013	-63.20396	0	0	1.0	1.4132371	0.0019641411	3660000	4237.066823005676
122	20.812841	3.5159771	26.539318	13.117932	101.916664	62.22668	236.0	0.0	1000.0	374673.0	0.10153739837398373	2.097056	0.545338	4.242189	0.018935347	10.89094	6.2569213	49.397766	-8.042955	3.7252903e-09	-0.0012080064	-7.450581e-09	-0.0008206051	0.4336976	-0.23915029	108.5115	-63.969097	0	0	1.0	1.413594	0.0011808155	3690000	4270.139807462692
123	19.165604	4.111968	27.09484	8.008232	87.25	52.992332	257.0	18.0	1000.0	377558.0	0.10149408602150538	2.0378761	0.5682388	3.997402	-0.00032050163	10.85379	7.9683843	61.291264	-13.735945	-7.450581e-09	-0.0009563066	4.0978193e-08	-0.0014507561	0.379114	-0.23737873	91.66182	-56.242428	0	0	1.0	1.4138001	0.0013083653	3720000	4305.026130199432
124	19.402918	2.349899	22.548162	14.229464	103.0	71.17701	306.0	0.0	1000.0	380582.0	0.10148853333333334	1.973338	0.5486565	4.2301097	0.16581209	10.471638	7.580597	62.721813	-14.978972	0.0	-0.0003465471	2.9802322e-08	-0.0012015942	0.33483356	-0.20428291	100.94782	-62.28067	0	0	1.0	1.414084	0.0003842709	3750000	4339.021420001984
125	20.77794	3.3211389	28.563972	13.638365	99.125	66.87259	265.0	13.0	1000.0	383672.0	0.1015005291005291	2.0581653	0.5669424	3.960111	0.13254382	9.4549055	7.7386804	62.72462	-14.647657	9.313226e-09	-0.00058640214	-5.9604645e-08	-0.00017141458	0.43430364	-0.26760095	99.18234	-54.457	0	0	1.0	1.4142427	0.00045947474	3780000	4372.573010921478
126	20.337584	4.3216696	27.516098	7.428039	99.0	62.230755	202.0	0.0	1000.0	386642.0	0.10148083989501312	2.0634503	0.5993841	4.52038	0.3487859	9.407728	7.2867455	64.416145	-8.178858	3.7252903e-09	-0.0005320927	-2.2351742e-08	-0.00013009692	0.50990283	-0.33606434	104.04036	-60.47513	0	0	1.0	1.4142058	0.0006832052	3810000	4406.662846565247
127	20.003918	3.8253758	23.91605	4.725065	93.833336	57.26595	204.0	0.0	1000.0	389565.0	0.10144921875	2.0914218	0.6605461	4.684264	-0.28525722	10.999968	8.219248	63.208763	-8.406218	1.1175871e-08	-0.0020095115	-5.2154064e-08	-0.001701911	0.38627094	-0.26565546	92.32376	-53.537384	0	0	6.0	1.4140213	0.001861521	3840000	4441.712431430817
128	19.595924	3.7804089	24.615778	6.3240037	98.625	64.026566	325.0	26.0	1000.0	392435.0	0.10140439276485788	2.0036147	0.55799925	3.9134758	-0.4191274	10.342415	7.971077	66.78611	-13.279896	-1.3038516e-08	-0.00027671154	8.195639e-08	0.0012486845	0.4386826	-0.29766408	97.877396	-54.819553	0	0	1.0	1.4104695	0.00042799825	3870000	4476.196624279022
129	19.788908	2.922091	25.791155	13.353602	101.666664	77.10581	300.0	0.0	1000.0	395473.0	0.10140333333333333	2.0764825	0.5689901	4.2885485	0.42010126	10.431465	7.9519477	63.697163	-13.5684805	0.0	-0.0016066745	0.0	-0.0013816815	0.4398725	-0.26396516	101.02716	-61.686947	0	0	3.0	1.4091744	0.0017114651	3900000	4510.931743621826
130	21.132185	2.9442332	28.297098	16.781582	108.333336	83.364	316.0	0.0	1000.0	398758.0	0.10146513994910941	2.093142	0.6123195	4.5589843	-0.18065748	10.359972	8.782838	64.53761	-11.431478	-2.3283064e-09	-0.010578782	-9.685755e-08	-0.019270506	0.43336514	-0.2738845	127.20409	-79.38469	0	0	79.0	1.407107	0.0053068274	3930000	4553.650796413422
131	19.632998	4.743898	27.070873	7.745663	98.041664	64.16416	245.0	0.0	1000.0	401613.0	0.10141742424242424	2.1189651	0.5839462	4.2172794	0.40279695	10.81533	8.094469	71.765495	-12.829941	-9.313226e-10	-0.010231823	-5.2154064e-08	-0.00040490972	0.56114584	-0.37186098	118.71571	-77.05693	0	0	79.0	1.396855	0.0054796357	3960000	4594.496464729309
132	20.62441	2.1967816	26.721867	15.178839	91.5	59.091736	289.0	1.0	1000.0	404399.0	0.1013531328320802	2.114864	0.62323457	4.1589055	-0.014160154	9.870939	6.4828196	58.1993	-9.642772	-9.313226e-09	-0.011009411	-1.4901161e-08	-0.005581742	0.38334432	-0.23964864	87.14923	-48.02088	0	0	79.0	1.3707707	0.0057987804	3990000	4635.763659477234
133	21.002708	2.8324564	28.433372	15.288299	92.458336	63.258053	238.0	0.0	1000.0	407223.0	0.10129925373134328	2.1161945	0.5935916	3.8644307	0.11380358	9.199956	6.9351993	58.08774	-11.454959	1.8626451e-09	-0.010578102	-2.9802322e-08	-0.008496245	0.33294177	-0.20090306	93.366684	-51.034035	0	0	79.0	1.3381139	0.0051721926	4020000	4677.494240760803
134	21.698385	3.4603195	28.702589	14.348482	91.208336	61.290955	271.0	17.0	1000.0	409897.0	0.10120913580246914	2.120014	0.56621253	3.8692272	0.26865408	10.070785	7.2308407	54.45332	-15.443043	-1.4901161e-08	-0.010346049	5.9604645e-08	-0.006978728	0.42301133	-0.26092905	92.409935	-54.94142	0	0	79.0	1.3302224	0.0055685695	4050000	4719.036540031433
135	20.592129	3.181838	26.233994	14.961839	79.541664	55.14298	250.0	13.0	1000.0	412378.0	0.10107303921568628	2.1241412	0.5971191	3.9722772	-0.017555047	7.925423	6.1270866	52.616573	-12.940323	-1.21071935e-08	-0.01031152	4.4703484e-08	-0.009841325	0.46691045	-0.2695781	85.837654	-52.86181	0	0	79.0	1.3003529	0.0056999363	4080000	4760.4406061172485
136	20.994987	2.7604184	25.700302	13.124601	91.5	73.409805	292.0	4.0	1000.0	415187.0	0.10101873479318735	2.1786525	0.58220154	4.5252833	0.23456518	8.911321	6.9329257	77.20636	-13.773281	5.5879354e-09	-0.011463396	4.4703484e-08	-0.009980166	0.34928638	-0.2095994	107.05861	-64.185165	0	0	79.0	1.2763603	0.006016158	4110000	4801.160034894943
137	19.947342	3.7883644	28.768047	8.702687	91.458336	65.843864	217.0	0.0	1000.0	418009.0	0.10096835748792271	2.0946512	0.60378945	3.995922	0.2887042	8.485761	7.4504757	64.686325	-10.470171	9.313226e-09	0.0022753954	5.2154064e-08	-0.004751013	0.3786928	-0.23476559	99.3547	-59.93624	0	0	5.0	1.2569842	0.009997226	4140000	4835.186090230942
138	20.921509	3.2103755	31.562717	15.087544	94.416664	63.09643	241.0	0.0	1000.0	420728.0	0.10089400479616308	2.1183107	0.5367627	3.9418736	0.057735935	9.9408655	7.3943987	56.04262	-10.92116	-1.3038516e-08	0.016529392	4.4703484e-08	0.011852438	0.37783125	-0.22147122	98.325836	-52.871933	0	0	1.0	1.2545922	0.027980424	4170000	4868.724098682404
139	22.03247	3.2886891	27.923763	15.250497	112.833336	81.2161	361.0	0.0	1000.0	424055.0	0.10096547619047619	2.1392648	0.55307645	4.453724	-0.026140219	10.419764	7.0920477	54.393215	-8.476764	1.8626451e-09	0.005494253	4.4703484e-08	0.004600363	0.36969903	-0.21477711	117.999725	-70.97756	0	0	1.0	1.2535386	0.01384172	4200000	4901.963451862335
140	19.640305	4.27637	26.711632	5.0768704	134.91667	76.81304	278.0	25.0	1000.0	427969.0	0.10117470449172576	2.180332	0.55462366	4.2593303	0.28494498	10.688067	8.286903	65.14892	-10.956936	-1.8626451e-09	0.0016305221	2.9802322e-08	-7.04159e-05	0.41200918	-0.26813006	123.175644	-77.94141	0	0	1.0	1.252897	0.004903729	4230000	4936.677285432816
141	20.958218	2.835857	28.261312	13.868158	137.125	70.378334	321.0	0.0	1000.0	431670.0	0.10133098591549296	2.107241	0.57332945	4.0422273	0.22859597	13.716879	7.965563	59.422806	-14.546258	-1.21071935e-08	-0.001291168	-1.4901161e-08	0.0002742745	0.3190238	-0.18935594	113.49188	-66.53851	0	0	1.0	1.2525978	0.0024829158	4260000	4971.1837246418
142	20.500023	3.7416277	28.43725	7.7515373	109.166664	59.624287	215.0	0.0	1000.0	434992.0	0.10139673659673659	2.1115787	0.5581483	3.8938463	0.35959864	11.866065	7.509324	59.03145	-6.143242	9.313226e-09	-0.00073028216	-1.4901161e-08	-0.0027083824	0.39768457	-0.2514757	110.73506	-66.545044	0	0	1.0	1.2525874	0.0024251435	4290000	5007.259857177734
143	20.879236	2.8715835	26.067705	14.940575	97.291664	61.6519	260.0	22.0	1000.0	437907.0	0.10136736111111111	2.1353922	0.5766106	3.8048701	0.056493573	10.987517	8.487677	64.05692	-12.801006	1.8626451e-09	-0.0009247693	5.9604645e-08	-0.00031916844	0.43012774	-0.27412614	95.21953	-59.16217	0	0	1.0	1.2526698	0.0016302444	4320000	5040.949385643005
144	20.244265	3.3452883	26.954998	14.542393	89.458336	44.352734	180.0	19.0	1000.0	440697.0	0.10130965517241379	2.1910713	0.6050048	4.760954	0.13421585	8.935036	7.31925	63.6319	-15.643403	-1.5832484e-08	-0.00034385012	0.0	-0.00071237516	0.42145532	-0.25975206	99.04968	-56.226185	0	0	1.0	1.2530558	0.0029169703	4350000	5074.047966718674
145	20.158216	2.0589318	23.675062	16.029516	84.25	60.05293	212.0	0.0	1000.0	443427.0	0.10123904109589041	2.0549662	0.573864	4.254096	0.19094402	10.727425	7.4981914	63.13456	-15.861067	7.450581e-09	-0.00047439034	-7.450581e-09	-0.0017569307	0.31895465	-0.19150996	101.942566	-61.249825	0	0	1.0	1.253799	0.0017301898	4380000	5107.866966724396
146	20.367683	3.5715928	25.67706	10.27947	88.75	65.86935	246.0	0.0	1000.0	446251.0	0.10119070294784581	2.0891206	0.58151156	3.9801013	0.12912592	9.541038	7.648297	59.579605	-8.399515	4.656613e-10	-0.0007367123	9.685755e-08	0.0011207554	0.3853137	-0.24451324	93.50833	-55.725426	0	0	1.0	1.2546608	0.003187316	4410000	5142.16500544548
147	20.619982	3.7788477	28.00315	8.980472	96.166664	65.413216	282.0	0.0	1000.0	448978.0	0.10112117117117117	2.1091397	0.54869807	3.7634976	0.26349473	9.519258	6.828593	59.984737	-12.700727	1.8626451e-08	0.00022475212	-7.450581e-09	-0.0011420548	0.44405565	-0.2819355	105.91562	-66.34689	0	0	1.0	1.2554743	0.004446554	4440000	5175.75471162796
148	20.471857	3.2207198	24.877174	12.481653	90.833336	63.04672	262.0	8.0	1000.0	451847.0	0.10108434004474273	2.0984628	0.5767263	4.7064934	-0.009404227	10.1555	7.49143	67.72624	-8.874917	-9.313226e-10	-0.00037370622	0.0	-0.0010699611	0.45174196	-0.2744732	96.281425	-57.735794	0	0	1.0	1.2562983	0.0022494886	4470000	5209.5786073207855
149	20.68682	3.1389186	27.524355	15.601475	115.666664	72.326614	286.0	0.0	1000.0	455107.0	0.10113488888888889	2.1473858	0.57888144	4.1871786	0.45220223	10.947503	8.784291	65.218056	-11.379488	6.519258e-09	-0.0006952153	4.0978193e-08	-0.0026210458	0.40596327	-0.23862457	107.859055	-60.368584	0	0	1.0	1.2572303	0.0009011505	4500000	5243.170379638672
150	19.342415	4.109126	24.47289	3.051054	95.666664	62.140743	314.0	24.0	1000.0	457961.0	0.10109514348785872	2.1473436	0.5798275	3.923703	0.15472412	10.791995	8.153272	61.23999	-9.543575	-7.450581e-09	-0.00027746218	-5.2154064e-08	-0.0027942574	0.41593814	-0.2547791	80.62192	-43.746643	0	0	1.0	1.2582072	0.0024419469	4530000	5277.192234754562
151	20.158167	2.5026689	23.541887	13.974221	116.5	60.660942	277.0	14.0	1000.0	461725.0	0.10125548245614036	2.0343893	0.55063903	4.0787477	-0.1680938	10.401464	7.8135347	60.827305	-12.517607	0.0	0.00026761834	4.4703484e-08	-0.00851528	0.37549713	-0.19246772	106.02529	-60.325516	0	0	1.0	1.2591891	0.008100177	4560000	5310.58181810379
152	21.362396	3.329323	29.948952	14.3085785	103.208336	87.4638	399.0	8.0	1000.0	464831.0	0.10127037037037037	2.0960867	0.5582288	3.9581017	0.20008905	11.84943	7.954784	61.979176	-10.75869	-1.8626451e-09	-0.00034925187	1.1175871e-07	-0.0028591827	0.43064624	-0.23809712	121.9513	-77.533905	0	0	1.0	1.2602875	0.0050286544	4590000	5343.829692363739
153	20.025747	2.7484531	24.883852	13.986492	120.25	60.04252	254.0	32.0	1000.0	468506.0	0.10140822510822511	2.1827521	0.6239136	4.5353413	0.2831209	10.965039	8.615397	67.21107	-8.064838	-1.8626451e-08	0.00097118434	4.4703484e-08	0.0032745413	0.3349598	-0.19749075	121.51926	-70.537636	0	0	1.0	1.2612607	0.0075778617	4620000	5377.4292821884155
154	20.877312	2.977402	29.629063	16.061314	97.666664	51.38958	216.0	25.0	1000.0	471551.0	0.10140881720430107	2.0759664	0.54457486	3.9189095	0.2203075	12.55014	8.302428	58.835747	-5.9462886	1.3038516e-08	-0.00044910272	2.2351742e-08	0.0014710939	0.39014405	-0.21058762	97.89042	-55.10872	0	0	1.0	1.2620054	0.0026192681	4650000	5411.279535531998
155	19.478605	3.6847131	27.348473	9.595086	118.333336	60.790398	254.0	0.0	1000.0	474958.0	0.10148675213675214	2.1212935	0.532391	4.17441	0.41422138	9.752348	6.705316	61.510628	-6.967065	-1.4901161e-08	0.00015528081	7.4505806e-08	-0.007843411	0.33478296	-0.1796276	116.107025	-61.452034	0	0	1.0	1.2628332	0.0056213997	4680000	5445.684875488281
156	20.957865	3.181826	26.856153	13.6381445	83.125	44.791473	212.0	15.0	1000.0	477723.0	0.10142738853503185	2.117726	0.5684383	3.9878998	0.044053927	11.103564	6.9654975	58.94752	-7.6068726	1.7229468e-08	-0.0012820596	4.4703484e-08	-0.0013505542	0.31086004	-0.17402382	77.895065	-43.12699	0	0	1.0	1.2636013	0.0014778089	4710000	5478.836949586868
157	22.305214	3.209078	27.321133	12.957946	88.791664	52.626812	195.0	0.0	1000.0	480498.0	0.10137088607594937	2.1515942	0.5577918	4.0407557	0.3376527	9.502548	6.995669	61.81122	-8.045651	1.1641532e-08	-0.0009536054	-5.5879354e-08	-0.0011326382	0.37075078	-0.20211974	79.87195	-43.001	0	0	1.0	1.2643175	0.0013023214	4740000	5512.1827092170715
158	20.727135	3.900153	31.173243	13.7045765	91.625	60.882957	223.0	0.0	1000.0	483209.0	0.10130167714884696	2.2252617	0.5610612	4.3647647	0.36083046	9.0470295	6.203929	56.11132	-8.332697	5.5879354e-09	-0.00037495675	-5.2154064e-08	8.4504485e-05	0.39029223	-0.1917094	84.913	-45.81625	0	0	1.0	1.2649345	0.000364231	4770000	5546.315810203552
159	20.038473	3.3714807	27.575886	14.16896	115.958336	85.92607	322.0	16.0	1000.0	486822.0	0.10142125	2.142598	0.5264015	3.8208973	-0.10655731	10.230173	7.825754	63.45296	-11.632631	0.0	-0.000389504	2.9802322e-08	-0.0015991819	0.37693703	-0.18179035	152.36603	-89.73885	0	0	1.0	1.2654996	0.0005202724	4800000	5579.700653553009
160	21.448334	3.2274911	28.503517	16.468475	93.125	56.311123	224.0	5.0	1000.0	489547.0	0.10135548654244306	2.1087859	0.53231925	4.1515822	0.21191028	12.29915	8.963862	83.89661	-6.281122	-7.450581e-09	-0.0004922482	6.3329935e-08	0.0006012488	0.32213026	-0.1484625	109.341354	-59.360367	0	0	1.0	1.2661145	0.00047623046	4830000	5613.5363347530365
161	20.960138	3.21825	28.144264	15.833928	96.166664	51.204384	193.0	0.0	1000.0	492209.0	0.10127757201646091	2.1420112	0.52134216	3.87566	0.087391496	9.401656	6.5161076	55.39481	-12.77546	-2.7939677e-09	-0.00078830693	-1.4901161e-08	6.0640275e-05	0.3319062	-0.14996281	77.86455	-38.701866	0	0	1.0	1.2666419	0.00089783	4860000	5647.642617940903
162	21.442392	2.875426	28.787613	16.9299	93.791664	64.81511	224.0	0.0	1000.0	495372.0	0.10130306748466257	2.1378589	0.5563857	3.6210968	0.18736406	9.411444	6.5597625	59.46483	-6.737896	-7.916242e-09	-0.0008268277	-1.4901161e-08	-0.00048091356	0.35401106	-0.17271644	127.5805	-77.529724	0	0	1.0	1.2672544	0.0014073004	4890000	5680.732686281204
163	20.46665	5.0850306	30.561954	2.364045	82.791664	45.72379	200.0	0.0	1000.0	497731.0	0.10116483739837398	2.1629596	0.55930126	4.089216	0.119229645	9.190777	7.208122	80.06981	-12.798201	6.519258e-09	-0.0013048584	1.4901161e-08	-0.00066210143	0.5814259	-0.32047713	73.31744	-38.03067	0	0	1.0	1.267858	0.0013389256	4920000	5713.647496700287
164	20.658432	1.8857492	26.41196	16.072124	91.458336	68.9571	250.0	6.0	1000.0	500708.0	0.10115313131313132	2.1852295	0.6004343	4.1691613	0.08580655	9.581982	7.5468183	58.628723	-10.207438	-1.1175871e-08	-0.00077320146	-3.3527613e-08	-0.0003890535	0.35251856	-0.17717256	95.01732	-50.873802	0	0	1.0	1.2683442	0.0018022314	4950000	5746.6909811496735
165	20.462097	3.5714092	26.44852	13.354616	93.75	43.54141	227.0	0.0	1000.0	503512.0	0.10110682730923695	2.113202	0.52029234	3.9576595	0.20125146	9.982833	6.970068	61.819366	-10.193772	-3.7252903e-09	-0.0004745978	1.4901161e-08	5.4711476e-05	0.38227093	-0.20027074	79.13054	-39.723877	0	0	1.0	1.2686489	0.000577488	4980000	5780.235139846802
166	20.93395	2.727691	27.818378	15.726848	116.291664	82.0419	317.0	6.0	1000.0	506984.0	0.10119441117764472	2.1252015	0.5732794	3.7427526	0.13371783	10.127347	7.0736384	61.442375	-12.850499	-3.7252903e-09	-0.0004291061	1.6391277e-07	-7.1004033e-06	0.364245	-0.19738348	128.33167	-69.33403	0	0	1.0	1.2688766	0.00028374413	5010000	5813.217003583908
167	20.17513	6.153798	29.747515	0.80190456	105.666664	77.2629	296.0	0.0	1000.0	509932.0	0.10117698412698413	2.1768003	0.5176024	4.1573567	0.35162976	10.949334	8.082785	63.889935	-10.614951	9.313226e-10	-0.00061957573	5.9604645e-08	6.848015e-05	0.5461855	-0.34260458	115.564705	-68.96447	0	0	1.0	1.2689757	0.00069494586	5040000	5846.635078668594
168	20.651962	2.833059	26.86396	15.702917	100.541664	45.28243	186.0	0.0	1000.0	513172.0	0.10121735700197239	2.1552	0.6227345	4.174393	-0.21671814	10.190812	7.9362435	74.11863	-10.468343	-1.8626451e-09	-0.00034627225	-1.4901161e-08	0.0010149488	0.41704205	-0.2207751	120.82031	-63.288643	0	0	1.0	1.2690027	0.0006078705	5070000	5879.765131235123
169	20.949114	2.7778642	27.450193	15.914182	105.166664	68.73298	284.0	28.0	1000.0	516446.0	0.10126392156862746	2.2263474	0.55354005	3.9030485	0.39393106	12.012056	8.036023	68.760155	-7.56114	7.450581e-09	-0.00020146277	-1.4901161e-08	0.0003447407	0.34702373	-0.18996316	109.49629	-63.47358	0	0	1.0	1.2689412	0.00018252125	5100000	5912.941518783569
170	19.986044	2.4265532	26.357176	15.839145	105.208336	59.312714	248.0	0.0	1000.0	519442.0	0.10125575048732943	2.1346946	0.5359668	4.12773	0.24348803	9.599712	7.763232	71.029045	-15.014166	-2.142042e-08	-0.00047916477	-1.0430813e-07	0.0006601233	0.3149715	-0.17356245	109.317535	-60.927807	0	0	1.0	1.2689435	0.00026303713	5130000	5946.936917304993
171	18.085943	4.4424653	25.034472	4.746276	103.166664	73.244835	365.0	0.0	1000.0	522392.0	0.10123875968992248	2.0751927	0.5220656	3.9763505	0.19248569	10.509274	7.550909	64.18606	-7.8867106	-6.0535967e-09	-0.0010346065	0.0	-0.001827236	0.39338505	-0.24899496	103.048355	-60.78125	0	0	1.0	1.2688454	0.0017407394	5160000	5980.172853708267
172	21.358988	2.7515287	27.154833	15.819155	122.916664	81.73428	288.0	11.0	1000.0	525938.0	0.10133680154142582	1.9933167	0.54059273	3.7937245	-0.05805767	10.745001	7.918264	63.343052	-8.984711	-2.9802322e-08	-0.00097559206	-2.2351742e-08	-0.0011167829	0.4406825	-0.22810498	121.18477	-65.21845	0	0	1.0	1.2687501	0.00089467264	5190000	6013.841558933258
173	20.335777	2.727385	25.440823	15.680353	92.333336	68.948456	224.0	0.0	1000.0	528722.0	0.10128773946360153	2.177947	0.587474	4.2266197	0.06007264	11.013002	7.2863717	65.05843	-14.009438	5.5879354e-09	-0.0008328148	2.9802322e-08	-0.0003546559	0.2994057	-0.16389716	112.18299	-66.139885	0	0	1.0	1.2685016	0.000512572	5220000	6048.724572181702
174	20.919447	2.5278747	24.923944	12.971031	87.791664	49.444397	197.0	0.0	1000.0	531561.0	0.10124971428571429	2.1133244	0.54927707	4.006813	0.13788918	9.950948	7.5381207	69.46261	-12.281873	7.450581e-09	-0.0010280847	3.7252903e-08	0.00022017863	0.45842984	-0.27370673	90.7569	-48.61571	0	0	1.0	1.2681084	0.0014557943	5250000	6083.378012895584
175	22.360758	3.209773	29.57248	17.768482	90.458336	46.538498	183.0	11.0	1000.0	534467.0	0.1012248106060606	2.1110551	0.513808	3.629052	0.18464051	10.257619	6.829051	56.596355	-9.577486	2.2351742e-08	-0.0010452159	4.8428774e-08	-0.0011338927	0.5069932	-0.28584486	101.22331	-54.190163	0	0	1.0	1.2678045	0.0035624683	5280000	6117.6966688632965
176	20.841375	3.2532272	25.601143	11.849922	96.125	69.491196	267.0	0.0	1000.0	537272.0	0.10118116760828626	2.2458804	0.58343726	4.210692	-0.6039773	9.850361	7.252847	67.657585	-13.497518	-9.313226e-09	-0.010663631	0.0	-0.014368078	0.39267832	-0.22262755	93.49019	-47.9235	0	0	79.0	1.2675118	0.005510767	5310000	6158.303975105286
177	21.758934	3.6807303	28.840982	13.959319	77.416664	51.22981	213.0	0.0	1000.0	539720.0	0.10107116104868914	2.2257166	0.53603107	3.8050702	0.23096338	8.711773	6.2453213	60.698112	-13.969852	-3.7252903e-09	-0.010123138	-7.450581e-09	-0.014851234	0.38077417	-0.20264482	86.68533	-42.75853	0	0	79.0	1.2476858	0.0055575687	5340000	6199.912928581238
178	21.324976	3.3490443	28.457514	13.78076	95.0	71.32321	297.0	12.0	1000.0	542708.0	0.10106294227188083	2.1993694	0.5349567	3.9541085	0.23462956	8.75529	6.271815	64.724266	-6.6578717	-6.9849193e-09	-0.011242919	-5.9604645e-08	-0.012730835	0.34921268	-0.18858403	111.994095	-67.76474	0	0	79.0	1.2212244	0.005946898	5370000	6241.720161437988
179	21.071909	2.9730232	26.325666	14.624801	100.625	57.653282	280.0	26.0	1000.0	545809.0	0.10107574074074074	2.1960196	0.53989816	4.3106055	0.41735893	11.274154	8.44212	61.25125	-13.131424	5.5879354e-09	-0.010431498	8.940697e-08	-0.013290256	0.4220696	-0.23145945	102.245544	-55.96903	0	0	79.0	1.206166	0.0058271047	5400000	6283.437326669693
180	19.86605	2.955925	24.528383	10.202985	77.666664	64.85668	317.0	0.0	1000.0	548294.0	0.10097495395948435	2.0931916	0.54872006	3.8301048	0.39933798	9.0144615	6.7336135	56.18531	-9.739142	-1.1175871e-08	-0.011492644	-1.4901161e-08	-0.0041205576	0.37235856	-0.19662955	88.84923	-48.9645	0	0	79.0	1.1835666	0.006298156	5430000	6326.694746255875
181	20.50256	4.388102	27.512093	8.110755	120.541664	74.31015	276.0	0.0	1000.0	551715.0	0.1010467032967033	2.1167178	0.56095916	4.452541	0.37152052	10.475607	7.6360426	65.32419	-10.692954	-5.5879354e-09	-0.011072812	-8.940697e-08	-0.014372088	0.4404183	-0.24158117	129.22874	-77.77815	0	0	79.0	1.1704386	0.0057013147	5460000	6367.446000576019
182	20.766188	3.798952	26.578213	11.845839	119.666664	71.0655	244.0	0.0	1000.0	555044.0	0.10110091074681239	2.137296	0.577927	4.060131	0.33788016	10.656627	7.524609	63.657726	-11.891816	5.5879354e-09	-0.011792695	-7.4505806e-08	-0.0062201745	0.34567147	-0.19873166	115.075615	-64.57318	0	0	79.0	1.1514564	0.0062790317	5490000	6408.0213849544525
183	20.718504	2.810448	25.70991	15.914397	90.041664	62.714622	327.0	21.0	1000.0	557661.0	0.10102554347826087	2.142487	0.5555008	4.099555	-0.14702079	9.912957	6.995128	56.7374	-8.88468	-5.5879354e-09	-0.011710896	-2.6077032e-08	-0.004996129	0.34649104	-0.1811738	91.50242	-52.767956	0	0	79.0	1.1247311	0.0059471815	5520000	6448.712333679199
