Epoch	AverageEpRet	StdEpRet	MaxEpRet	MinEpRet	AverageEpCost	StdEpCost	MaxEpCost	MinEpCost	EpLen	CumulativeCost	CostRate	AverageVVals	StdVVals	MaxVVals	MinVVals	AverageCostVVals	StdCostVVals	MaxCostVVals	MinCostVVals	LossPi	DeltaLossPi	SurrCost	DeltaSurrCost	LossV	DeltaLossV	LossVC	DeltaLossVC	Penalty	DeltaPenalty	StopIter	Entropy	KL	TotalEnvInteracts	Time
0	1.3605086	2.3128715	6.8429847	-2.5753891	68.708336	64.5016	243.0	0.0	1000.0	2365.0	0.07883333333333334	0.59895265	0.52872515	2.1215684	-1.3269107	-0.4122016	0.12227922	0.77547795	-0.9293244	7.636845e-08	0.025100749	1.2293458e-07	-0.034571763	0.7045247	-0.53477573	176.545	-109.68651	0.99999994	0.032029927	1.0	1.837877	0.1343995	30000	33.594571352005005
1	0.87928265	2.027023	5.4941607	-2.0193334	85.25	45.069622	181.0	0.0	1000.0	4886.0	0.08143333333333333	0.25427818	0.31148982	1.1756492	-0.7675881	8.483312	6.821434	21.928778	-6.9258533	1.6298145e-08	0.009142365	2.9802322e-08	-0.035903104	0.22302511	-0.03925144	61.864338	-10.169032	1.0320299	0.032579303	1.0	1.8381226	0.08821783	60000	66.30691933631897
2	0.97139454	2.7398472	8.655207	-2.77821	88.75	46.225216	197.0	23.0	1000.0	7270.0	0.08077777777777778	0.19236588	0.34017828	1.206759	-0.87140775	8.5601015	5.713393	22.977709	-3.7874234	-7.450581e-09	-0.0018487102	-7.450581e-09	-0.0035371687	0.2668118	-0.056238912	62.35072	-12.491995	1.0646092	0.03326118	1.0	1.8380014	0.001571014	90000	99.0604100227356
3	1.5227185	1.9937512	6.469145	-2.0470822	81.041664	45.06059	213.0	24.0	1000.0	9938.0	0.08281666666666666	0.1654892	0.4394302	1.1495111	-1.3238999	7.9215374	5.191594	26.272774	-2.415024	3.3527613e-08	-0.008502397	5.9604645e-08	-0.023468276	0.2843737	-0.051011167	69.02922	-12.42594	1.0978703	0.033991575	4.0	1.8379031	0.013922757	120000	132.0177619457245
4	1.1211472	2.792889	9.16547	-2.83416	90.166664	49.88626	188.0	0.0	1000.0	12855.0	0.0857	0.20109268	0.46126246	1.2969847	-1.3435082	8.7754965	6.6382647	30.955393	-2.3338697	-3.7252903e-09	-0.0051514106	-2.2351742e-08	-0.021369912	0.29626343	-0.058468208	82.898026	-17.319626	1.1318619	0.034583926	3.0	1.8366971	0.02186683	150000	165.13667678833008
5	0.418327	2.1776216	5.244299	-3.073685	61.041668	52.272903	213.0	0.0	1000.0	14378.0	0.07987777777777778	0.21486238	0.39333594	1.2972379	-1.3633982	8.073023	7.0880175	35.91051	-4.0712132	-2.2351742e-08	-0.0025825207	-4.4703484e-08	-0.021784794	0.23208131	-0.0753952	53.5831	-19.382557	1.1664459	0.033904314	1.0	1.8361882	0.02324976	180000	197.85577964782715
6	0.5035493	2.455844	6.130592	-2.3012736	38.375	31.814322	120.0	0.0	1000.0	15556.0	0.07407619047619048	0.11905231	0.52939266	1.7458398	-1.7199345	4.248145	4.754174	34.884377	-3.830053	-7.450581e-09	-0.0074824705	-1.8626451e-08	-0.02151071	0.23330724	-0.060068663	32.81801	-11.683363	1.2003502	0.032081842	8.0	1.8362429	0.013897603	210000	231.3621964454651
7	-0.97946197	1.3172795	1.4028878	-3.3420498	25.583334	25.971004	114.0	0.0	1000.0	16427.0	0.06844583333333333	0.12987964	0.61477226	1.9974825	-1.8603715	2.593721	4.247125	39.17158	-3.666588	2.7939677e-09	-0.0075065056	-3.7252903e-09	-0.020259967	0.21752845	-0.06885597	25.484407	-10.319725	1.232432	0.028926969	10.0	1.8377541	0.013295094	240000	265.0683162212372
8	-0.90930194	1.636967	1.7697227	-3.4481905	25.416666	28.422287	109.0	0.0	1000.0	17367.0	0.06432222222222223	-0.008510086	0.6525896	1.6361674	-1.8912297	2.6339016	5.0302415	41.448345	-3.5492115	-7.450581e-09	-0.0025842446	0.0	-0.0047767926	0.17571577	-0.04352608	30.814564	-11.98249	1.261359	0.025576115	2.0	1.8395869	0.0043515335	270000	298.1268787384033
9	-0.73907715	2.0711424	3.2793486	-3.5287454	22.416666	27.575527	95.0	0.0	1000.0	18190.0	0.06063333333333333	-0.02740214	0.65555954	1.999835	-1.7445704	3.178567	5.1519413	35.633068	-2.6667712	1.4901161e-08	-0.0086675305	7.450581e-09	-0.022080645	0.1887815	-0.061541717	33.481678	-15.486572	1.2869351	0.023042083	7.0	1.8397593	0.014471399	300000	331.614070892334
10	-0.9488683	2.131829	4.9464417	-4.212943	28.5	26.969118	81.0	0.0	1000.0	19030.0	0.057666666666666665	-0.018683292	0.7046089	1.5267407	-2.0202825	1.9549946	3.7581403	42.684353	-3.773117	2.6077032e-08	-0.008146092	3.7252903e-08	-0.016759556	0.19386011	-0.05449841	26.787249	-12.025251	1.3099772	0.021306396	7.0	1.8391149	0.011753505	330000	365.2396709918976
11	-0.14529595	1.9878832	4.1955433	-2.8019626	18.166666	25.87416	90.0	0.0	1000.0	19721.0	0.054780555555555555	-0.05520617	0.67867893	1.6046364	-1.9986653	2.3946521	4.0040007	41.77749	-3.9308734	2.4214387e-08	-0.01012994	4.4703484e-08	-0.022917839	0.15438083	-0.053598844	22.064877	-8.135124	1.3312836	0.018666387	12.0	1.8388109	0.0138401445	360000	399.27242946624756
12	-0.4681482	1.4923295	1.6953627	-3.5171638	23.375	26.219923	104.0	0.0	1000.0	20477.0	0.052505128205128204	0.005243284	0.63372	1.3045213	-1.7999752	1.6941936	3.068615	38.73545	-3.5396917	7.450581e-09	-0.002757288	2.9802322e-08	-0.0045136446	0.14589563	-0.054209713	26.089552	-10.534853	1.34995	0.016245723	2.0	1.837332	0.0041716485	390000	432.67677116394043
13	-0.38896737	1.7259744	4.974903	-2.7451072	16.041666	20.100744	95.0	0.0	1000.0	20894.0	0.04974761904761905	-0.018340467	0.62393427	1.513238	-1.9977405	2.2469478	3.7105353	41.03038	-1.8798869	-1.8626451e-08	-0.0026954424	-1.6763806e-08	-0.0058991984	0.14311653	-0.05269234	15.236941	-8.781574	1.3661957	0.013616443	4.0	1.837151	0.0065525034	420000	466.10169792175293
14	0.31349963	2.2198114	4.667001	-2.8980246	31.208334	35.829433	157.0	0.0	1000.0	21777.0	0.04839333333333333	-0.009264611	0.6518785	1.7119887	-1.9668913	1.2414466	2.3893976	30.881422	-4.421024	-2.2351742e-08	-0.0021609133	-5.9604645e-08	-0.0052125864	0.1454739	-0.05302621	36.93969	-20.049345	1.3798121	0.013094425	2.0	1.8369287	0.012632952	450000	499.3126037120819
15	0.55167586	2.1277852	7.246196	-2.388148	26.583334	28.31801	90.0	0.0	1000.0	22570.0	0.04702083333333333	0.021372095	0.60238284	1.3417606	-1.7814912	2.9164188	5.3197575	45.89252	-2.7742295	2.0489097e-08	-0.0051091784	4.4703484e-08	-0.010623259	0.16001688	-0.06510283	27.211039	-13.035059	1.3929065	0.012217522	4.0	1.8365035	0.010103488	480000	532.8466763496399
16	0.18278654	1.7574303	4.4628477	-2.696674	26.583334	32.562653	134.0	0.0	1000.0	23297.0	0.045680392156862745	0.0642701	0.66653085	1.7899698	-1.9782447	2.0138621	3.8728836	39.72676	-5.247861	-2.2351742e-08	-0.0032846269	-2.9802322e-08	-0.0069149868	0.1425393	-0.051622353	27.358864	-13.155137	1.4051241	0.011378884	5.0	1.8360978	0.008279938	510000	566.3564231395721
17	-0.43616343	1.881735	4.952602	-3.3065147	21.541666	26.534536	108.0	0.0	1000.0	23901.0	0.04426111111111111	-0.0071528186	0.5939348	1.573668	-1.8074658	2.3332162	4.202958	38.630405	-4.031225	-1.8626451e-08	-0.0054036514	-2.4214387e-08	-0.017576642	0.14152795	-0.048855808	22.137306	-11.726223	1.416503	0.009890437	4.0	1.836104	0.016888924	540000	599.9525389671326
18	0.1399699	2.526025	9.848094	-3.6954553	17.791666	24.09699	77.0	0.0	1000.0	24368.0	0.042750877192982456	0.08899	0.62412906	1.879852	-1.7512846	1.7038394	3.0437517	37.884476	-5.4282084	-2.2351742e-08	-0.0039456296	-2.9802322e-08	-0.012598405	0.15859552	-0.05371563	17.539251	-8.070486	1.4263934	0.00818193	6.0	1.8352139	0.01528283	570000	633.5528552532196
19	-0.64836925	1.7029482	3.86193	-2.7610483	11.75	14.157595	41.0	0.0	1000.0	24860.0	0.041433333333333336	0.043316305	0.61560357	1.7096263	-1.7992104	1.4920459	2.826897	37.50443	-2.857627	3.7252903e-09	-0.013053805	0.0	-0.026458144	0.12308867	-0.047689125	16.666191	-8.690813	1.4345753	0.006669879	19.0	1.8350255	0.013465877	600000	668.453822851181
20	-0.60745144	1.5678741	3.0145068	-3.197816	15.666667	22.197346	82.0	0.0	1000.0	25350.0	0.04023809523809524	-0.01716437	0.57444686	1.8707608	-1.7633288	1.6264918	3.854265	44.471027	-5.757823	9.080395e-09	-0.010438637	2.4214387e-08	-0.02048642	0.113343336	-0.04636032	16.413609	-9.438006	1.4412452	0.004556179	11.0	1.8355501	0.010660551	630000	702.7472281455994
21	-0.64127654	1.5757452	3.2021575	-2.6864939	8.958333	12.54485	44.0	0.0	1000.0	25637.0	0.038843939393939396	-0.061917026	0.575341	1.248496	-1.7579238	1.2485404	2.722786	38.879787	-4.3049645	5.122274e-09	-0.014882207	9.313226e-09	-0.030543502	0.13662791	-0.04781713	10.015032	-4.3501053	1.4458014	0.0023678541	17.0	1.8306937	0.016349196	660000	737.4818606376648
22	0.03615574	1.9799951	5.624986	-2.4685428	22.0	27.115494	82.0	0.0	1000.0	26351.0	0.038189855072463766	0.011424047	0.6162962	1.6752157	-1.9302533	0.8326526	1.688315	20.33143	-2.5969324	-7.450581e-09	-0.008270504	-2.2351742e-08	-0.018186277	0.13204324	-0.05116668	34.155113	-18.377226	1.4481692	0.0012791157	8.0	1.836559	0.015782837	690000	771.2613253593445
23	0.3239857	1.969789	5.849319	-3.0919998	23.958334	31.011395	138.0	0.0	1000.0	26945.0	0.03742361111111111	0.035313696	0.6378705	1.8258308	-1.8525745	2.0256076	4.4579735	40.665516	-5.6193204	2.9802322e-08	-0.002827218	5.2154064e-08	-0.009593501	0.1312797	-0.042293996	28.508625	-15.432398	1.4494483	0.00028645992	1.0	1.8410614	0.012956547	720000	804.4470374584198
24	0.93693894	2.5927558	5.484917	-2.6867619	11.0	16.36816	59.0	0.0	1000.0	27414.0	0.036552	0.05285798	0.6319572	1.7642006	-1.7587016	1.8915483	3.9551506	53.0145	-10.280054	-3.7252903e-09	-0.011310402	-1.3969839e-08	-0.023249112	0.1523155	-0.04984647	18.838997	-10.186029	1.4497348	-0.00053191185	14.0	1.8414365	0.011121295	750000	838.7281036376953
25	-0.7912219	1.9354851	3.5448258	-3.6655943	13.625	20.395695	73.0	0.0	1000.0	27774.0	0.035607692307692305	0.069218986	0.66151196	1.8496029	-1.8001657	1.1543084	2.3766513	46.360916	-5.992429	5.5879354e-09	-0.0018760399	2.2351742e-08	-0.003906388	0.14830357	-0.062137492	14.14049	-5.24407	1.4492029	-0.0031683445	2.0	1.8409433	0.0035234299	780000	872.359049320221
26	-0.5826422	1.7285129	2.7311792	-4.5189795	5.0	7.0887237	22.0	0.0	1000.0	27995.0	0.034561728395061726	-0.004102378	0.60186577	1.7639824	-1.7450848	1.3488232	3.2480414	32.85646	-7.199831	3.7252903e-09	-0.0028238988	0.0	-0.0040769246	0.14500785	-0.06403665	8.983915	-6.2767663	1.4460346	-0.005697131	4.0	1.8406053	0.0034288312	810000	905.8538744449615
27	-0.64808536	1.9253778	2.8576849	-3.9142125	8.833333	18.17431	67.0	0.0	1000.0	28230.0	0.033607142857142856	-0.014675159	0.5876561	2.285642	-1.7721446	0.50205755	1.066703	13.946256	-4.712402	7.450581e-09	-0.011053569	7.450581e-09	-0.020000905	0.15620773	-0.06555281	9.766464	-4.410397	1.4403374	-0.0065068007	20.0	1.8403881	0.012275	840000	941.8366503715515
28	0.15153842	2.199226	4.8489833	-3.1860862	12.208333	15.272469	58.0	0.0	1000.0	28623.0	0.0329	-0.03530174	0.64440805	2.7425523	-1.8235147	0.85758144	2.1617782	33.72027	-8.454563	6.519258e-09	-0.0030878377	0.0	-0.010029087	0.17968927	-0.07816026	10.719269	-4.020321	1.4338306	-0.008866072	2.0	1.8353304	0.009592699	870000	975.5303435325623
29	-0.7448047	1.4205939	3.9875407	-2.518374	7.9166665	15.143526	55.0	0.0	1000.0	28840.0	0.032044444444444445	0.06726222	0.5815012	1.8831972	-1.5642701	0.8634346	1.7591193	28.56783	-3.5823088	-2.0489097e-08	-0.0036094892	-4.284084e-08	-0.008973469	0.1429541	-0.06459323	7.127559	-3.2735157	1.4249645	-0.010026336	10.0	1.8343534	0.009333344	900000	1009.4744470119476
30	-0.40027165	2.0083513	5.7101116	-3.4117923	9.916667	19.381945	90.0	0.0	1000.0	29106.0	0.031296774193548385	0.006625114	0.5759283	2.970403	-1.6203469	0.6173104	1.8708702	33.235382	-5.3281827	-3.7252903e-09	-0.0024466915	-7.450581e-09	-0.0033113267	0.120570414	-0.0595774	10.609643	-7.6588697	1.4149382	-0.011850238	3.0	1.8321676	0.001965461	930000	1043.1390478610992
31	-0.008424382	2.5714872	10.507418	-3.4526775	8.666667	14.524882	45.0	0.0	1000.0	29467.0	0.030694791666666665	-0.045915574	0.6148394	1.6012136	-1.8123661	0.88169754	2.7828183	34.873737	-5.1218534	7.450581e-09	-0.0046176426	7.450581e-09	-0.009452411	0.12728691	-0.04609482	18.83036	-12.843349	1.403088	-0.013146877	3.0	1.8319585	0.008463495	960000	1076.4274096488953
32	0.7662838	2.053418	4.9877987	-1.9625775	16.041666	26.52747	98.0	0.0	1000.0	29956.0	0.03025858585858586	-0.0055428133	0.5815117	2.3080661	-1.7420512	0.8381714	2.7548816	44.67856	-8.755741	0.0	-0.0028743395	7.450581e-09	-0.006673178	0.13497527	-0.049931213	18.349504	-11.574402	1.3899411	-0.013366342	1.0	1.8318614	0.0045078234	990000	1109.5567529201508
33	-0.30831203	1.9929004	5.030834	-3.9324105	9.416667	17.12434	58.0	0.0	1000.0	30218.0	0.029625490196078432	0.03447904	0.5948876	1.5460868	-1.7126215	1.2871394	3.172377	39.17169	-5.3763304	-1.1175871e-08	-0.0016759085	-1.4901161e-08	-0.0027008075	0.11916673	-0.046754748	11.621924	-7.99323	1.3765748	-0.014418483	1.0	1.8316908	0.004756745	1020000	1142.6254336833954
34	-0.11417807	1.5337132	3.6593456	-2.7085662	18.5	22.645823	93.0	0.0	1000.0	30669.0	0.029208571428571427	-0.004618142	0.6140972	1.7128456	-1.685722	0.6848446	2.1002135	40.561478	-7.0279274	1.1175871e-08	-0.0018364163	1.3038516e-08	-0.003006723	0.13159564	-0.05244407	21.312256	-13.236228	1.3621563	-0.014043808	1.0	1.8314512	0.0033620219	1050000	1175.9201610088348
35	-0.41195288	2.018148	5.050482	-4.134332	6.1666665	9.838982	33.0	0.0	1000.0	30902.0	0.02861296296296296	-0.0056169163	0.59879375	1.5614532	-1.8937246	0.88321215	2.0763023	38.413258	-3.9586842	-1.6763806e-08	-0.0017818715	-1.6763806e-08	-0.003738227	0.12272118	-0.045315765	6.645285	-2.8377066	1.3481125	-0.015382409	3.0	1.8312645	0.0042994097	1080000	1209.726753950119
36	-0.64647895	1.6522598	3.898318	-3.6229303	2.625	5.3991704	20.0	0.0	1000.0	30965.0	0.027896396396396395	0.013004931	0.62372994	2.15177	-1.8331722	0.5392011	1.1892607	29.978445	-5.5781107	1.071021e-08	-0.000655967	1.0244548e-08	-0.0002340056	0.13399313	-0.048662186	1.6410377	-1.0088947	1.33273	-0.017288685	1.0	1.8310366	0.0020141322	1110000	1242.887079000473
37	0.96702075	2.6265469	6.1854243	-2.5029478	12.583333	17.204449	54.0	0.0	1000.0	31357.0	0.027506140350877194	0.005661252	0.6700677	1.9564166	-1.7399818	0.22432278	0.5945917	11.284584	-6.243116	1.1175871e-08	-0.0034188179	5.5879354e-09	-0.005341487	0.20377448	-0.10131885	15.14221	-7.8021774	1.3154414	-0.01736772	3.0	1.830942	0.0045900415	1140000	1276.3722078800201
38	0.5196261	2.0866342	4.853801	-2.6741512	9.5	15.1547575	49.0	0.0	1000.0	31612.0	0.02701880341880342	0.1007069	0.6986524	2.5138621	-1.7241203	1.0935968	2.7376232	36.100426	-4.3447776	8.8475645e-09	-0.007897381	1.3969839e-08	-0.01971477	0.20554945	-0.0976685	12.127319	-6.4725986	1.2980736	-0.017574072	7.0	1.8309315	0.016432885	1170000	1310.1899654865265
39	-0.119818754	1.9243107	4.7224827	-2.537654	15.916667	32.02462	151.0	0.0	1000.0	32040.0	0.0267	0.0723756	0.6641994	2.48356	-1.769362	1.0192767	2.2542005	31.564375	-3.3549323	3.7252903e-09	-0.0071518924	0.0	-0.01333431	0.14440683	-0.073871985	22.97091	-15.034857	1.2804996	-0.017095327	7.0	1.8314247	0.006909296	1200000	1344.2145059108734
40	-0.13035186	1.4698586	2.9908202	-2.3635378	10.041667	12.488258	43.0	0.0	1000.0	32381.0	0.0263260162601626	0.02000853	0.6755778	2.4506264	-1.8711623	1.1430159	2.3451192	36.65105	-4.7072144	-7.450581e-09	-0.0032210066	-7.450581e-09	-0.0071077487	0.13968012	-0.06606564	12.833372	-7.6805344	1.2634043	-0.018042088	2.0	1.8323671	0.005194679	1230000	1377.8297972679138
41	0.7692631	2.365436	5.420036	-2.7708912	16.708334	26.997652	94.0	0.0	1000.0	32797.0	0.02602936507936508	0.06492684	0.63560426	1.8340241	-1.6335038	1.1219946	2.0143306	21.214846	-8.080932	-1.1175871e-08	-0.0020143557	-1.3038516e-08	-0.004413167	0.14927486	-0.07271077	15.022512	-9.945438	1.2453622	-0.017616749	1.0	1.8324997	0.0063472623	1260000	1410.9183149337769
42	-0.3569195	1.6111604	3.9856145	-2.6243649	11.791667	17.587824	75.0	0.0	1000.0	33130.0	0.02568217054263566	0.03834288	0.6180664	2.6032104	-2.0629067	0.7498548	1.8366272	24.534086	-9.073508	-5.5879354e-09	-0.0015763855	-3.7252903e-09	-0.0025043017	0.113273345	-0.05544116	7.719621	-4.5753555	1.2277454	-0.017737627	3.0	1.8325217	0.003991687	1290000	1444.4195449352264
43	0.36786374	1.6276933	5.5762954	-1.8526542	7.875	11.776787	44.0	0.0	1000.0	33370.0	0.02528030303030303	0.029375803	0.59852487	1.9327309	-1.588733	0.9278211	2.16043	23.991467	-3.7049475	3.7252903e-09	-0.013829233	-9.313226e-10	-0.028043997	0.13152793	-0.055665556	7.259144	-4.6435757	1.2100078	-0.01655364	22.0	1.8326744	0.011835977	1320000	1479.6276414394379
44	0.12060378	1.9512479	3.8256528	-3.2119331	9.375	13.021816	41.0	0.0	1000.0	33640.0	0.024918518518518517	0.031408414	0.63791287	2.0537317	-1.6674529	0.6024667	1.2392485	22.157854	-5.307962	4.656613e-09	-0.0015296368	1.21071935e-08	-0.005244147	0.12064782	-0.050766274	9.461472	-6.1533055	1.1934541	-0.018269181	6.0	1.825496	0.0076361923	1350000	1513.2324662208557
45	0.041700393	1.8439268	6.3297973	-1.9408652	3.625	8.980593	37.0	0.0	1000.0	33762.0	0.024465217391304347	0.035925195	0.58353966	1.6856716	-1.6785446	0.46431023	1.366773	19.677914	-4.000838	-1.21071935e-08	-0.09082226	-1.7695129e-08	-0.17806266	0.09216668	-0.040591	2.5398188	-1.7381514	1.175185	-0.01817739	25.0	1.8228142	0.030683562	1380000	1548.59641289711
46	0.13296507	1.9713879	7.253071	-2.3813186	7.0416665	15.073375	55.0	0.0	1000.0	34063.0	0.024158156028368793	-0.009936759	0.6314751	1.8253554	-1.6780102	0.46233243	1.4783114	16.389828	-6.0522075	1.4901161e-08	0.0035307154	2.2351742e-08	-0.0008319388	0.13940908	-0.06684166	9.164366	-5.989622	1.1570076	-0.02054441	2.0	1.8199303	0.025134273	1410000	1581.918597459793
47	0.27794635	2.3063169	7.8308873	-2.2354255	4.7083335	9.347366	35.0	0.0	1000.0	34190.0	0.023743055555555555	0.01561676	0.59318066	3.3422482	-1.7068052	0.738366	1.8910401	22.21992	-4.939707	-1.1641532e-08	0.00095334125	-1.4901161e-08	-0.0024182056	0.1566013	-0.09115129	5.073923	-3.4210775	1.1364632	-0.021417141	2.0	1.8199816	0.009548709	1440000	1615.1630885601044
48	1.248139	1.9556317	6.0809474	-1.47842	11.208333	14.792958	51.0	0.0	1000.0	34505.0	0.023472789115646257	0.06348644	0.6331233	2.1352534	-1.6412231	0.7118207	1.4980391	16.809078	-4.45867	0.0	-0.0110180145	0.0	-0.021701945	0.17076845	-0.09019078	6.11689	-3.727045	1.115046	-0.01480031	56.0	1.8197205	0.0122464765	1470000	1653.925712108612
49	0.49443567	2.216838	7.5232215	-1.9249076	9.833333	13.274872	41.0	0.0	1000.0	34778.0	0.023185333333333332	0.057253517	0.61719483	2.2922995	-1.6058002	0.6923925	1.4644288	23.769608	-6.1290746	-9.313226e-10	0.0006013592	5.5879354e-09	-0.0019846275	0.12948185	-0.07243707	6.198684	-3.6177216	1.1002457	-0.021093607	2.0	1.8130631	0.0063649463	1500000	1687.3807125091553
50	-0.6043442	1.2826402	2.4355943	-2.7096982	5.9583335	12.548171	44.0	0.0	1000.0	34990.0	0.022869281045751633	0.017964277	0.596947	1.7319468	-1.664941	0.7169376	1.5942603	18.60281	-6.689248	7.916242e-09	0.0008160853	7.450581e-09	0.0007085549	0.07304962	-0.031067912	6.553333	-4.2314467	1.0791521	-0.021806479	1.0	1.8129284	0.00993002	1530000	1721.0237247943878
51	1.1798594	2.1640797	5.605261	-1.9978082	10.5	12.573119	36.0	0.0	1000.0	35309.0	0.02263397435897436	0.0012662242	0.60618234	2.4548619	-1.724408	0.8444913	1.8304214	22.788336	-6.46937	9.313226e-10	-0.0006616455	9.313226e-09	-0.0026671975	0.13830021	-0.06871356	8.568642	-5.195245	1.0573456	-0.021597385	1.0	1.812789	0.0063614547	1560000	1754.2867777347565
52	0.59026605	1.9820554	7.089454	-1.7944251	9.333333	19.605839	88.0	0.0	1000.0	35593.0	0.02238553459119497	0.06256576	0.62418836	2.0097713	-1.7122155	0.6821813	1.4244092	19.573942	-6.167488	-5.5879354e-09	-0.0012370073	-1.3969839e-08	-0.0026987912	0.1370263	-0.076484226	8.189499	-5.080118	1.0357482	-0.021541476	1.0	1.8125751	0.0052286144	1590000	1787.3634793758392
53	1.1502073	2.614845	10.184504	-2.1754832	7.625	9.118719	28.0	0.0	1000.0	35823.0	0.022112962962962963	0.032945544	0.6398602	2.6315446	-1.708517	1.0691826	2.3403625	26.693594	-11.614607	1.1175871e-08	-0.0012561855	1.4901161e-08	-0.0026196702	0.20553339	-0.12839177	6.5209045	-4.519598	1.0142068	-0.021694064	1.0	1.8124326	0.0029209852	1620000	1820.7877638339996
54	1.5807768	3.0101237	8.753681	-2.3271194	18.666666	34.698303	148.0	0.0	1000.0	36323.0	0.022013939393939395	0.13321286	0.6390013	2.5125115	-1.6480097	0.723698	1.4672434	13.896864	-8.268252	3.7252903e-09	-0.001661968	-1.4901161e-08	-0.0033338573	0.18614061	-0.11271702	25.49297	-17.943096	0.9925127	-0.020338595	1.0	1.812186	0.00644583	1650000	1854.2142646312714
55	0.9974659	2.3882804	8.805785	-2.1415877	15.5	19.021917	73.0	0.0	1000.0	36805.0	0.021907738095238095	0.09909873	0.68444085	3.2557142	-1.6944135	1.4716126	2.8014421	33.986652	-6.280046	-7.450581e-09	-8.441752e-05	-3.7252903e-09	-0.008758582	0.15991849	-0.083403826	20.458246	-13.014648	0.9721741	-0.019573987	1.0	1.8120086	0.012724439	1680000	1887.9180700778961
56	0.27885616	1.5766004	3.80893	-1.9435321	12.0	17.69887	65.0	0.0	1000.0	37233.0	0.021773684210526317	0.10432637	0.6375577	2.4305813	-1.6510322	1.3467282	2.3856366	31.326885	-6.3707976	-7.450581e-09	-0.00056152325	-7.450581e-09	-0.001598503	0.1902242	-0.091015145	22.608707	-15.832851	0.9526001	-0.01931727	1.0	1.8118918	0.0022508567	1710000	1921.2258322238922
57	0.5616395	1.9042155	5.018745	-2.5046418	5.0	8.371579	28.0	0.0	1000.0	37440.0	0.021517241379310346	0.12091096	0.674727	1.9857998	-1.6987458	1.245829	2.603603	31.75649	-9.8313875	9.313226e-10	-0.00066199555	-7.450581e-09	-0.0005285511	0.1478347	-0.07936174	6.0823445	-4.722722	0.93328285	-0.019942641	1.0	1.8117765	0.0007873934	1740000	1954.6885466575623
58	0.7257238	1.9999496	7.6249204	-2.1018279	11.833333	26.113	103.0	0.0	1000.0	37741.0	0.021322598870056497	0.038648725	0.65581816	3.0913815	-1.8349458	0.5565715	1.2467053	18.908356	-5.5638366	-4.656613e-09	-0.0015975805	-1.1175871e-08	-0.0025529582	0.19122	-0.10835352	15.485056	-10.940027	0.9133402	-0.019625664	1.0	1.8117708	0.002541219	1770000	1987.8870811462402
59	1.5040346	3.224757	12.472977	-2.0724087	18.291666	35.514645	168.0	0.0	1000.0	38223.0	0.021235	0.1334818	0.68098986	2.9836984	-1.6827956	0.87729585	2.5187805	36.25085	-5.700103	7.450581e-09	-0.0021616118	2.9802322e-08	-0.0038700812	0.16550885	-0.09610441	26.609116	-18.2375	0.89371455	-0.018492162	1.0	1.811844	0.003513575	1800000	2021.2342455387115
60	0.62537503	2.282022	7.1585813	-2.24732	13.041667	14.336663	50.0	0.0	1000.0	38602.0	0.021093989071038252	0.08416844	0.66968536	2.0463908	-1.7159718	1.1662909	1.98537	33.244843	-4.8923044	-5.5879354e-09	-0.0013843484	-1.1175871e-08	-0.0029714168	0.14568672	-0.074806586	10.538115	-5.0670815	0.8752224	-0.017974615	3.0	1.8119323	0.0024270648	1830000	2055.075850009918
61	1.4263617	2.9155414	7.6388683	-2.002864	9.25	16.931849	78.0	0.0	1000.0	38947.0	0.020939247311827957	0.14846972	0.75125194	3.8184385	-1.7259669	1.3864648	2.3457386	42.77946	-6.748631	5.5879354e-09	-0.001119355	1.8626451e-08	-0.007098864	0.17797337	-0.09821436	11.151641	-8.046395	0.85724777	-0.01830101	1.0	1.8122151	0.010669442	1860000	2088.384533882141
62	0.41932508	2.0939898	5.4622684	-2.6012352	4.4583335	8.592531	26.0	0.0	1000.0	39094.0	0.020684656084656083	0.08470005	0.66135895	2.7353826	-1.6048255	0.84360963	1.730645	31.436806	-9.6684065	-2.3283064e-09	-0.00067482213	-1.3969839e-08	-0.0025880763	0.13632283	-0.07090888	4.8945494	-3.8918993	0.83894676	-0.018970788	1.0	1.8121984	0.0038350292	1890000	2121.74795293808
63	0.7194925	2.406007	7.7260537	-2.6596675	21.0	25.619003	79.0	0.0	1000.0	39656.0	0.020654166666666668	0.09563042	0.6444828	2.6052253	-1.7129254	0.4058407	1.0326277	17.62789	-4.525028	5.5879354e-09	-0.0023036941	7.450581e-09	-0.0041005765	0.14164451	-0.06984262	30.012535	-20.38102	0.819976	-0.017341435	3.0	1.8119633	0.003898555	1920000	2155.3327572345734
64	1.1447258	2.4963129	7.9052424	-1.731201	16.625	14.415884	47.0	0.0	1000.0	40242.0	0.020636923076923077	0.060472734	0.6390301	2.0034192	-1.571679	1.710743	3.895187	41.518215	-6.6305075	2.3283064e-09	-0.009968381	5.5879354e-09	-0.023303255	0.14541703	-0.078820184	17.800104	-11.266783	0.80263454	-0.015720367	13.0	1.8109274	0.009522778	1950000	2189.8283545970917
65	1.143303	2.4918368	9.851436	-2.0620003	11.916667	21.216969	98.0	0.0	1000.0	40581.0	0.020495454545454546	0.13537672	0.6321539	2.260041	-1.4961112	1.1837641	2.207143	41.434517	-5.9391556	6.9849193e-09	-0.012113701	-9.313226e-09	-0.030969212	0.17570505	-0.09985983	18.11568	-12.189262	0.78691417	-0.01380378	23.0	1.8048607	0.012239092	1980000	2225.669481277466
66	1.6729565	2.1524584	5.8719196	-2.4778001	5.75	9.211632	31.0	0.0	1000.0	40827.0	0.020311940298507462	0.13679792	0.70519096	2.5263562	-1.632017	1.173559	1.920387	22.768604	-6.534403	-3.7252903e-09	-0.01024751	7.450581e-09	-0.026869062	0.1888149	-0.1175449	9.406465	-6.0854387	0.7731104	-0.013917506	26.0	1.7946048	0.016093733	2010000	2261.450063228607
67	0.7802541	1.8727337	5.4347405	-1.8125808	17.541666	18.40738	63.0	0.0	1000.0	41302.0	0.02024607843137255	0.15048555	0.7212115	2.4805174	-1.6808448	0.8081048	1.3870968	24.538586	-10.56439	-3.7252903e-09	-0.0007221071	-1.4901161e-08	-0.00437785	0.16259436	-0.10181008	15.859367	-6.9733443	0.7591929	-0.016128838	2.0	1.7810087	0.005052222	2040000	2295.082210302353
68	1.0889753	2.4284449	8.082567	-1.5136344	7.625	14.18571	62.0	0.0	1000.0	41584.0	0.02008888888888889	0.10037847	0.6880385	3.0058823	-1.626976	1.1529208	1.6179849	14.575476	-4.287218	-4.656613e-09	0.0008053423	-4.656613e-09	-0.0023886675	0.14203826	-0.08205064	7.44337	-4.086425	0.74306405	-0.01648438	3.0	1.7797774	0.007525294	2070000	2328.566869735718
69	0.8001712	1.9544053	5.610698	-2.2523582	9.75	11.741132	35.0	0.0	1000.0	41871.0	0.019938571428571427	0.13738902	0.6754114	2.6801994	-1.547673	0.8754243	1.7229712	14.614455	-5.8452682	3.7252903e-09	-0.0006962556	0.0	-0.00018782273	0.18186283	-0.11388746	5.515668	-3.0077784	0.72657967	-0.016761303	1.0	1.7782953	0.00232145	2100000	2361.8097751140594
70	1.8560497	2.5603635	6.768527	-2.7996237	11.875	12.537651	36.0	0.0	1000.0	42230.0	0.01982629107981221	0.13678282	0.69743884	2.761016	-1.6211022	0.8737393	1.7351419	17.742033	-4.707648	-9.313226e-10	-0.000523995	-1.1175871e-08	-6.9536676e-05	0.20711322	-0.1273536	6.6881304	-3.3948946	0.70981836	-0.016506672	1.0	1.7777469	0.00096861226	2130000	2395.197476387024
71	0.6495461	1.8823895	4.126032	-2.385994	7.0833335	8.703049	25.0	0.0	1000.0	42431.0	0.01964398148148148	0.13546765	0.74532217	2.8922637	-1.8056128	0.9577232	1.6562457	19.412134	-5.811858	6.519258e-09	-0.00065127964	1.1175871e-08	0.0003798711	0.13381031	-0.084076464	5.527838	-2.8589892	0.6933117	-0.016804457	1.0	1.7774051	0.0034645414	2160000	2428.557432413101
72	2.0333443	3.7497208	11.077221	-1.6568791	12.083333	16.866922	63.0	0.0	1000.0	42784.0	0.01953607305936073	0.11643858	0.62777877	2.478306	-1.7208551	0.72516984	1.3271161	12.107738	-7.53631	-1.8626451e-09	-0.0008446395	-9.313226e-10	-0.00036096066	0.2178714	-0.1270113	9.568122	-4.7815065	0.67650723	-0.016467452	1.0	1.7771461	0.005747867	2190000	2461.8564569950104
73	1.6071755	2.1058192	5.431436	-2.326619	16.791666	14.730862	57.0	0.0	1000.0	43290.0	0.0195	0.16915134	0.6570299	2.8881636	-1.6535233	1.1344464	1.891154	22.849985	-6.017758	-5.5879354e-09	-0.00074794353	-7.450581e-09	-4.9951486e-05	0.1550411	-0.08800855	15.726613	-7.15561	0.6600398	-0.015614569	1.0	1.7768615	0.0011376613	2220000	2495.217726945877
74	1.9795016	2.398781	9.040407	-1.8182007	10.708333	11.429054	44.0	0.0	1000.0	43665.0	0.019406666666666666	0.119730584	0.66446334	2.1346698	-1.6384246	1.4519774	1.8978542	20.729145	-7.3545103	-1.1175871e-08	-0.0008158919	-1.7695129e-08	-0.0020364728	0.1841549	-0.10999288	9.330027	-3.8847065	0.6444252	-0.015531957	1.0	1.7766061	0.0014857415	2250000	2528.581866502762
75	1.8297839	2.7635493	7.7248445	-1.3405597	17.166666	17.461067	62.0	0.0	1000.0	44177.0	0.019375877192982456	0.25312045	0.6805185	2.8491054	-1.5244114	1.4446607	2.3768032	24.73317	-5.8392625	-4.656613e-09	-0.00080482813	-2.7939677e-09	-0.0017973986	0.20865631	-0.11898202	11.705957	-6.0079713	0.62889326	-0.014716327	1.0	1.7762936	0.00084823073	2280000	2562.243465423584
76	3.2238472	3.2126753	9.985555	-1.8818532	20.375	26.245337	111.0	0.0	1000.0	44758.0	0.019375757575757577	0.26729608	0.7505064	3.4623697	-1.4331954	1.525299	2.036831	18.36879	-8.156188	5.5879354e-09	-0.00161754	2.9802322e-08	-0.0018857666	0.25209934	-0.16825542	20.526566	-13.395901	0.6141769	-0.013619304	1.0	1.776088	0.004024893	2310000	2595.6541936397552
77	1.2572794	1.7824556	5.3838325	-1.6533346	18.041666	24.987463	105.0	0.0	1000.0	45234.0	0.01933076923076923	0.29021654	0.6974648	2.6246328	-1.6547322	1.6610141	2.9434967	27.167885	-6.9764123	-3.7252903e-09	-0.0015088189	7.450581e-09	-0.002265242	0.16401146	-0.11150295	19.568043	-12.199219	0.6005576	-0.012916446	1.0	1.7758013	0.0049007623	2340000	2629.0313115119934
78	2.466817	3.1257825	8.726089	-1.9968894	18.166666	23.118656	95.0	0.0	1000.0	45829.0	0.019337130801687762	0.17961682	0.6543288	2.252769	-1.6058314	1.7321985	2.5417168	23.178272	-6.451001	-3.7252903e-09	-0.00048332335	-3.7252903e-09	-0.001430383	0.2248244	-0.13175139	23.995266	-15.76162	0.5876412	-0.01228106	1.0	1.7755196	0.0012179953	2370000	2662.5054833889008
79	3.4821613	3.847603	12.372914	-1.9425355	17.666666	21.898758	77.0	0.0	1000.0	46490.0	0.019370833333333334	0.31946874	0.71993893	2.869049	-1.5955608	1.966155	2.682648	29.888561	-5.6664906	5.5879354e-09	-0.00076815917	7.450581e-09	-0.0019022543	0.22552776	-0.14216852	29.821964	-20.922127	0.5753601	-0.011754096	1.0	1.7752926	0.0009173858	2400000	2695.932869195938
80	3.0899546	3.0873144	9.684769	-1.4191934	16.875	15.972144	57.0	0.0	1000.0	47020.0	0.01934979423868313	0.29060116	0.7451713	2.5466535	-1.77783	2.1669562	2.773	30.679386	-5.7844067	1.8626451e-09	-0.0008082951	1.8626451e-08	-0.0026404276	0.19551393	-0.10564999	15.9583	-11.423664	0.563606	-0.011372626	1.0	1.775128	0.0010240881	2430000	2729.666813135147
81	3.4456291	3.8720505	14.3303995	-1.2293875	20.791666	20.740417	73.0	0.0	1000.0	47683.0	0.019383333333333332	0.3711549	0.70732164	2.7289019	-1.4722092	1.5863	2.1977942	20.444344	-6.0568295	-4.656613e-09	-0.0005053779	-5.5879354e-09	-0.002485881	0.20556678	-0.13008098	22.803972	-15.613012	0.5522334	-0.01050806	3.0	1.7749555	0.002824997	2460000	2763.1520977020264
82	1.9229727	2.898813	8.241317	-2.502572	17.375	17.128954	68.0	0.0	1000.0	48197.0	0.019356224899598394	0.21514797	0.70775074	2.5528216	-1.6809752	2.1189153	2.787307	24.051344	-9.94476	4.656613e-09	-0.00065543957	-1.6763806e-08	-0.0011042724	0.18631184	-0.12296311	17.634594	-13.449987	0.54172534	-0.010293901	1.0	1.7744355	0.000507186	2490000	2796.568947315216
83	2.4203122	3.2386198	8.65679	-1.5397811	9.833333	17.747458	73.0	0.0	1000.0	48524.0	0.019255555555555557	0.25627628	0.73065245	3.0329528	-1.5031531	1.5432974	2.5982172	34.989986	-5.5901294	5.5879354e-09	-0.0002602762	3.7252903e-09	-0.00042189518	0.20050624	-0.13267457	12.751364	-8.907225	0.53143144	-0.010764003	1.0	1.7741369	0.00030906027	2520000	2830.0190196037292
84	2.3066328	1.9410299	5.6000004	-1.4281986	11.625	17.01424	66.0	0.0	1000.0	48904.0	0.019178039215686275	0.253456	0.6717025	2.7207527	-1.616164	1.4133898	2.3033023	23.743448	-5.5279117	0.0	-0.00082970964	-3.7252903e-09	-0.0013389206	0.16535239	-0.09515506	14.457858	-10.256931	0.52066743	-0.010975301	1.0	1.7737517	0.0009503036	2550000	2863.382289171219
85	2.6290038	3.0129387	10.793415	-2.5303273	26.416666	27.001415	115.0	0.0	1000.0	49557.0	0.01920813953488372	0.2638771	0.70217836	2.8654041	-1.4146134	1.2792743	2.507506	35.62784	-6.3583026	7.450581e-09	-0.00197283	2.142042e-08	-0.003742285	0.17849034	-0.11578047	22.983822	-16.145807	0.50969213	-0.009546578	3.0	1.7733334	0.0019412076	2580000	2897.3040421009064
86	3.1204185	1.9973123	6.8898015	-0.9681372	10.291667	10.95247	35.0	0.0	1000.0	49840.0	0.019095785440613026	0.3126858	0.71151423	2.27193	-1.512829	1.5222255	2.288539	25.246878	-11.364881	-5.5879354e-09	-0.0011607669	-7.450581e-09	-0.0006805351	0.21295305	-0.13628411	7.1837287	-4.6313443	0.50014555	-0.010076255	1.0	1.772295	0.0023045768	2610000	2930.7627305984497
87	3.1127045	2.1816866	6.7145405	-1.6340094	22.75	26.567917	107.0	0.0	1000.0	50513.0	0.01913371212121212	0.3551452	0.75806284	3.5666635	-1.9156018	1.2658069	2.2017941	27.346579	-6.044521	-6.519258e-09	-0.012601145	1.8626451e-09	-0.030643092	0.20758742	-0.14348432	21.903717	-13.42305	0.4900693	-0.0042334795	58.0	1.7718742	0.012252739	2640000	2969.5233676433563
88	2.812727	2.8960738	9.017237	-1.705699	22.583334	25.782612	91.0	0.0	1000.0	51169.0	0.01916441947565543	0.28945455	0.6918453	2.3740377	-1.5372075	2.2584796	3.4209592	26.392742	-5.0495005	9.313226e-09	-0.0022710625	7.450581e-09	-0.013037405	0.19487527	-0.12025025	30.845898	-24.159914	0.48583582	-0.0076722205	6.0	1.7737184	0.007258652	2670000	3003.440221309662
89	2.6720302	3.1727352	9.731936	-2.1864352	15.041667	16.694508	50.0	0.0	1000.0	51788.0	0.01918074074074074	0.32868215	0.6455465	2.3375869	-1.3944188	2.4063878	4.93264	51.043686	-7.1542587	1.4901161e-08	-0.0015170679	1.6763806e-08	-0.0053753527	0.19798478	-0.12640953	35.82693	-26.004513	0.4781636	-0.008476585	1.0	1.7741289	0.0049695405	2700000	3036.8007576465607
90	3.3970835	2.4176173	9.563405	-1.5150813	8.541667	12.185986	42.0	0.0	1000.0	52010.0	0.01905128205128205	0.32659402	0.7058408	2.272637	-1.6841854	1.8755136	2.4308386	24.446024	-4.5969253	2.0954758e-09	-0.0012061448	-1.1175871e-08	-0.0018707648	0.20382284	-0.12625657	9.599442	-6.1669483	0.469687	-0.009154171	1.0	1.7740178	0.002805893	2730000	3070.6354644298553
91	2.323984	2.6987484	8.976949	-1.8803647	19.375	30.172853	122.0	0.0	1000.0	52644.0	0.01907391304347826	0.2934395	0.7438042	2.8058045	-1.8058763	1.1533445	1.9408932	18.883102	-6.389925	0.0	-0.0015138959	-1.4901161e-08	-0.0032559254	0.20965385	-0.1497792	35.124664	-26.26537	0.46053284	-0.008684367	1.0	1.7739521	0.002201167	2760000	3104.3871965408325
92	3.6168203	3.3209643	10.465098	-1.5254985	13.75	17.71828	65.0	0.0	1000.0	53030.0	0.01900716845878136	0.34647968	0.7224066	2.8997345	-1.4997079	1.7586432	2.843298	34.630352	-7.953983	-1.3504177e-08	-0.0014186122	-4.0978193e-08	-0.002408508	0.26309103	-0.19206297	16.049824	-9.876812	0.45184848	-0.00881663	1.0	1.7738502	0.0020220259	2790000	3137.8409371376038
93	4.0828414	3.994706	13.937858	-1.6599599	20.958334	25.780287	110.0	0.0	1000.0	53742.0	0.01905744680851064	0.3986326	0.740383	2.9200666	-1.5329349	1.4359783	2.1832137	18.021496	-9.507586	-7.450581e-09	-0.0020356847	-9.313226e-09	-0.0020582168	0.25147232	-0.17399102	31.656282	-17.6577	0.44303185	-0.0082552135	1.0	1.7738554	0.0039035762	2820000	3171.286237716675
94	4.4563212	3.6452942	12.582917	-1.0209842	28.208334	29.206133	122.0	0.0	1000.0	54451.0	0.01910561403508772	0.46191296	0.7918214	3.1890628	-1.6048012	1.9698883	2.259558	45.186222	-5.3565187	5.5879354e-09	-0.000635122	2.0489097e-08	-0.0024911892	0.26722795	-0.18644527	23.130709	-10.039024	0.43477663	-0.007062137	1.0	1.7739937	0.0022130543	2850000	3204.7955164909363
95	3.1870654	3.6630316	11.621377	-1.6592689	22.083334	24.931435	84.0	0.0	1000.0	55042.0	0.019111805555555555	0.43831447	0.73894376	2.7322981	-1.5099235	2.4977856	3.1392438	31.347998	-3.7499068	-3.7252903e-09	-0.0009602078	3.7252903e-09	-0.00042475876	0.29119736	-0.2180377	24.396936	-15.226685	0.4277145	-0.0065888762	1.0	1.7741766	0.0021713	2880000	3238.5727331638336
96	2.7159767	2.7645743	8.631342	-2.180823	14.625	20.611107	81.0	0.0	1000.0	55464.0	0.01905979381443299	0.39143926	0.7768848	3.5617685	-1.7373879	2.0548859	3.514475	41.82146	-8.70226	-3.7252903e-09	-0.0006901412	-1.1175871e-08	-0.0011246025	0.22589768	-0.1783078	22.441319	-15.555368	0.42112562	-0.006851077	1.0	1.7743136	0.0010718079	2910000	3272.1667997837067
97	3.2118409	3.3995984	12.379791	-2.8218994	12.75	23.963947	117.0	0.0	1000.0	56012.0	0.019051700680272107	0.30856785	0.67549217	2.276621	-1.3886534	1.6246748	2.2592695	29.018084	-7.6942	9.313226e-09	-0.0010275145	2.2351742e-08	-0.0011927299	0.2462286	-0.18413438	31.910988	-23.740335	0.41427454	-0.0072372556	1.0	1.7745136	0.0011639469	2940000	3305.722051382065
98	3.6577065	3.1013596	12.097919	-0.93734485	21.5	23.001812	72.0	0.0	1000.0	56599.0	0.019056902356902355	0.36533356	0.7152244	3.1377585	-1.5094469	1.8236223	3.1753416	42.25586	-7.457895	0.0	-0.002020027	-2.3283064e-08	-0.004682588	0.30603847	-0.23913833	22.636335	-11.415795	0.4070373	-0.006670624	3.0	1.7746537	0.002388395	2970000	3339.399552345276
99	4.924333	3.9684029	11.850124	-1.2655393	17.125	17.239279	57.0	0.0	1000.0	57160.0	0.019053333333333332	0.5305809	0.7274894	3.6602037	-1.6444877	1.7679228	2.1516626	25.791414	-5.931926	9.313226e-10	-0.0013619007	-7.450581e-09	-0.0033082673	0.27060246	-0.21570346	19.688635	-8.864086	0.40036666	-0.0066818595	3.0	1.7745781	0.0016265878	3000000	3373.000346183777
100	2.4693625	2.7389023	7.56891	-1.5435079	17.083334	26.723766	123.0	0.0	1000.0	57700.0	0.01904290429042904	0.37060174	0.71184325	3.4554815	-1.5876595	1.7088919	2.1805782	23.44427	-6.990544	0.0	-0.012276111	1.1175871e-08	-0.03741225	0.21395168	-0.15776464	25.181374	-14.485537	0.3936848	-0.0004942715	57.0	1.7740316	0.012219122	3030000	3412.1672406196594
101	3.1684768	2.8265433	11.321443	-1.58267	7.4166665	11.579136	40.0	0.0	1000.0	57998.0	0.01895359477124183	0.32996225	0.67932403	2.7577827	-1.8940659	1.743478	2.5641348	41.892006	-8.635477	0.0	-0.012597411	-1.1175871e-08	-0.02845781	0.1966515	-0.13709928	12.625727	-8.315711	0.39319053	-0.00087848306	79.0	1.7430435	0.009980071	3060000	3453.2758708000183
102	3.9106233	2.8896313	9.553317	-0.898314	14.0	15.400217	59.0	0.0	1000.0	58448.0	0.018915210355987054	0.399025	0.71118003	3.164008	-1.4146329	1.0462435	1.4429673	25.426834	-6.6805096	8.8475645e-09	-0.009699139	3.7252903e-09	-0.015924625	0.23111519	-0.1670864	13.265663	-6.328348	0.39231205	-0.004975438	79.0	1.7103946	0.0065935827	3090000	3494.254485845566
103	3.4167497	3.197188	8.738189	-2.3068671	20.0	46.403126	229.0	0.0	1000.0	59065.0	0.018931089743589744	0.42539555	0.67422	2.8108394	-1.4957331	1.5971724	2.3884606	23.5419	-5.062873	3.7252903e-09	0.0015108397	1.4901161e-08	-0.0018764702	0.23423614	-0.16765624	36.966927	-28.26685	0.3873366	-0.0074808598	2.0	1.6909091	0.008673908	3120000	3527.801155567169
104	3.4598856	3.271524	11.41948	-1.1190528	22.958334	38.53838	158.0	0.0	1000.0	59765.0	0.018973015873015874	0.35450694	0.6822572	3.4376776	-1.5069788	1.4400505	2.0791543	24.090431	-8.375223	-4.656613e-09	0.0040626144	-2.6077032e-08	0.0013469653	0.2502838	-0.19009203	34.618263	-22.632797	0.37985575	-0.0068762302	1.0	1.6902231	0.014831228	3150000	3561.242246866226
105	3.6843784	3.077554	11.609308	-0.8834423	17.166666	21.703815	83.0	0.0	1000.0	60342.0	0.018975471698113207	0.39515865	0.7887842	2.996229	-1.5627922	1.9024086	3.2430458	40.629997	-8.787406	-1.0244548e-08	-0.00040768096	7.450581e-09	-0.00026664743	0.23170784	-0.16899219	18.829048	-9.701241	0.37297952	-0.0067799985	1.0	1.6898493	0.0029458294	3180000	3595.135280609131
106	4.753632	3.6492906	12.532986	-0.20685479	10.208333	12.013809	41.0	0.0	1000.0	60635.0	0.018889408099688473	0.46899667	0.70853674	3.0091069	-1.5207018	1.9804434	2.4563637	28.749063	-6.261698	-1.1175871e-08	-0.0006708102	0.0	-0.0016022015	0.267941	-0.19830146	8.6903305	-5.2507954	0.36619952	-0.007257879	1.0	1.6896992	0.002831805	3210000	3628.5712587833405
107	2.849099	3.5319848	13.159551	-0.57614774	17.5	17.7717	67.0	0.0	1000.0	61154.0	0.018874691358024692	0.41992623	0.6872472	2.917574	-1.4489163	0.9505518	1.6277608	26.515804	-8.750532	2.7939677e-09	-0.0005987367	-2.4214387e-08	0.00023300713	0.2430684	-0.18789214	16.925804	-9.259892	0.35894164	-0.0070557594	1.0	1.6896764	0.0010817684	3240000	3662.059809446335
108	2.8952324	3.0824506	11.966414	-1.8694081	21.083334	38.445763	166.0	0.0	1000.0	61715.0	0.01887308868501529	0.3277603	0.687541	2.9873059	-1.5094305	1.453762	2.0558453	30.33951	-5.993867	0.0	0.00051004416	0.0	-0.0022876177	0.18621317	-0.13785997	34.29176	-16.95609	0.35188589	-0.0065870583	1.0	1.6897072	0.00836974	3270000	3695.5635771751404
109	4.789429	2.872066	10.09259	-0.72736084	23.583334	28.959621	99.0	0.0	1000.0	62476.0	0.018932121212121213	0.45163658	0.7182449	3.070546	-1.3151107	2.0586584	2.5331438	23.845814	-8.700859	3.7252903e-09	-0.00086996774	0.0	-0.0025961148	0.2148923	-0.15583688	38.313194	-27.275143	0.34529883	-0.0059708655	1.0	1.6899152	0.0012532291	3300000	3729.20524930954
110	4.0654125	3.2612417	11.677891	-1.3329043	22.541666	23.904287	84.0	0.0	1000.0	63159.0	0.018966666666666666	0.45347497	0.7244069	2.7613752	-1.1978717	2.3805516	3.1628292	36.94162	-6.532108	-1.4901161e-08	-0.00093807327	-1.4901161e-08	-0.0023230496	0.22902492	-0.1605443	28.622936	-16.578571	0.33932796	-0.0055004954	1.0	1.6901674	0.0020115685	3330000	3763.7338848114014
111	3.7267876	3.8897402	13.068017	-1.745309	17.041666	14.788733	45.0	0.0	1000.0	63748.0	0.018972619047619047	0.39606205	0.7168819	3.084663	-1.8448611	2.325433	2.6992445	30.441767	-6.4939413	1.0244548e-08	-8.260901e-05	1.1175871e-08	-0.0010252001	0.29488808	-0.21041231	18.303568	-10.375767	0.33382747	-0.005528927	1.0	1.690299	0.006923761	3360000	3798.3831498622894
112	4.782273	4.0429435	15.786683	-0.50336045	23.5	27.605856	107.0	0.0	1000.0	64398.0	0.01899646017699115	0.43282208	0.69991523	3.4205477	-1.4563144	1.9737201	2.5559325	25.041157	-6.1882796	7.450581e-09	-0.0005129501	1.4901161e-08	-0.003092479	0.29578435	-0.22661683	23.452145	-14.141769	0.32829854	-0.0050480664	1.0	1.6905451	0.008022474	3390000	3832.1656742095947
113	5.2978206	4.4068027	18.993086	-0.5649101	27.916666	31.264887	136.0	0.0	1000.0	65189.0	0.019061111111111112	0.526838	0.8101837	3.8778293	-1.5635535	2.4501216	2.8345063	31.915747	-6.0885205	9.313226e-10	-0.0009810886	-2.2351742e-08	-0.0013317035	0.40032408	-0.33176556	23.655651	-13.177124	0.32325047	-0.004274428	1.0	1.690872	0.0041838596	3420000	3865.760707616806
114	4.895119	3.0974176	10.116048	-0.73041934	34.708332	41.011665	130.0	0.0	1000.0	66366.0	0.019236521739130433	0.48044613	0.7231287	2.975046	-1.3883809	2.4599938	2.7946613	25.336475	-7.5812874	1.8626451e-09	-0.001332489	-2.9802322e-08	-0.0018237894	0.25304896	-0.19271165	55.89187	-37.770424	0.31897604	-0.0030277967	1.0	1.690965	0.0022105975	3450000	3899.526123523712
115	3.6515567	3.092135	10.299186	-0.93319535	39.0	37.586567	149.0	0.0	1000.0	67353.0	0.019354310344827586	0.46199155	0.68729013	2.7496088	-1.4769412	3.6001348	4.0398636	36.357117	-8.501534	-4.656613e-09	-0.00075804815	1.8626451e-09	-0.0025791489	0.20403704	-0.1378135	42.3172	-27.82869	0.31594825	-0.0015624762	1.0	1.6910647	0.0013103419	3480000	3934.08699798584
116	5.762352	3.6539378	15.558678	-0.6286273	25.708334	25.749561	96.0	0.0	1000.0	68081.0	0.019396296296296297	0.49601498	0.6894806	2.7128568	-1.323272	3.3017952	4.0029125	48.931236	-6.4140377	9.313226e-09	-0.00065865635	7.450581e-09	-0.00063226745	0.2293533	-0.1488415	35.02021	-20.55538	0.31438577	-0.0013312101	1.0	1.6913459	0.0009278666	3510000	3967.75114774704
117	4.8912287	3.9603245	13.216556	-2.286958	33.666668	43.397064	160.0	0.0	1000.0	69002.0	0.019492090395480225	0.52480435	0.7898363	3.0947812	-1.4926286	2.6867037	3.3278472	43.872227	-6.444791	0.0	-0.0012154595	2.9802322e-08	-0.004910964	0.2247377	-0.15910926	40.16884	-23.744123	0.31305456	-0.0004892945	1.0	1.6916037	0.00272698	3540000	4001.5307631492615
118	5.849777	2.9132252	11.320357	-0.6855088	27.916666	30.404108	116.0	0.0	1000.0	69773.0	0.01954425770308123	0.53723395	0.73130286	2.8577986	-1.5385606	2.5566	3.4545393	37.978855	-7.6588564	0.0	-0.0015671075	3.7252903e-08	-0.0038511981	0.2635926	-0.18854445	35.029655	-22.80413	0.31256527	-0.00019484758	1.0	1.6919049	0.0023508822	3570000	4035.4406073093414
119	6.209992	3.6901882	11.71823	0.013488177	25.75	29.385725	133.0	0.0	1000.0	70568.0	0.019602222222222222	0.6325145	0.7044293	2.9606583	-1.2829548	2.3880293	3.4284863	38.60739	-7.3082566	7.450581e-09	-0.00081991556	-7.450581e-09	-0.0033692745	0.2957175	-0.20847638	35.421402	-18.234858	0.31237042	-0.00010877848	1.0	1.692225	0.0024198033	3600000	4069.2992844581604
120	3.5559666	3.122457	11.304808	-1.6837996	24.916666	32.567772	119.0	0.0	1000.0	71358.0	0.01965785123966942	0.49255815	0.7151211	3.0476868	-1.3703086	2.3849978	3.1420703	39.183025	-11.235545	-1.3969839e-08	-0.00040203112	-4.4703484e-08	-0.00065700756	0.22917503	-0.15431932	33.440067	-22.546595	0.31226164	-9.405613e-05	1.0	1.6925098	0.00091645936	3630000	4103.524631977081
121	4.4241223	3.4209964	11.673153	-2.0666595	18.958334	20.533466	70.0	0.0	1000.0	71989.0	0.019669125683060108	0.44487065	0.711075	2.6340754	-1.5370352	2.5401015	3.593814	38.63731	-8.323622	9.313226e-10	-0.0012379994	4.8428774e-08	-0.003911791	0.24018198	-0.16439585	27.960697	-12.639128	0.31216758	-0.0005721152	1.0	1.6928658	0.0025225636	3660000	4137.430674314499
122	4.118038	2.8053048	9.782277	-0.9801047	16.583334	22.816143	83.0	0.0	1000.0	72735.0	0.01971138211382114	0.5375343	0.7103395	2.73621	-1.4001397	2.5272062	2.2059543	24.289433	-6.4347377	9.313226e-09	-0.0010841808	1.4901161e-08	-0.0017443905	0.23293808	-0.15949607	31.886404	-21.549147	0.31159547	-0.0012037456	1.0	1.693156	0.0016164612	3690000	4171.303954601288
123	4.6723275	2.9611473	9.74393	-0.50036496	33.25	27.873598	101.0	0.0	1000.0	73825.0	0.01984543010752688	0.48396185	0.7254815	3.0764325	-1.5227673	2.25645	3.2097132	30.419239	-7.467062	-9.313226e-10	-0.00088652543	-3.5390258e-08	-0.0013771644	0.20038307	-0.14023462	45.922226	-28.947395	0.31039172	-0.00039991736	1.0	1.6933076	0.0017988698	3720000	4205.362811565399
124	4.5855155	3.1373868	14.390338	-1.0453132	17.333334	17.021229	50.0	0.0	1000.0	74373.0	0.0198328	0.5310587	0.7273894	2.6409864	-1.3113501	2.838299	3.2545593	38.214367	-6.076785	3.7252903e-09	-0.000850342	-1.4901161e-08	-0.001007535	0.22355866	-0.14909622	16.029587	-9.098278	0.3099918	-0.0009841323	1.0	1.6933624	0.0005927031	3750000	4239.2986125946045
125	5.0304093	3.9989607	17.451143	-0.16918923	23.375	22.773912	69.0	0.0	1000.0	75045.0	0.019853174603174602	0.5772559	0.75640285	2.7435982	-1.3468502	2.021645	2.4813747	26.860762	-11.742598	-1.8626451e-08	-0.0005367362	-1.3038516e-08	-0.00064508896	0.26723406	-0.18556428	25.00439	-18.380293	0.30900767	-0.0010179281	1.0	1.6935651	0.00039725783	3780000	4273.91411447525
126	5.356005	3.950223	15.485269	-1.2167828	23.708334	26.83977	85.0	0.0	1000.0	75790.0	0.01989238845144357	0.5343444	0.81667596	3.3559234	-1.5819986	2.140484	3.3941913	31.183552	-15.066169	-1.4901161e-08	-0.0012242985	-2.9802322e-08	-0.0025839508	0.2885763	-0.21311606	29.39942	-16.363907	0.30798975	-0.0010222495	1.0	1.6937318	0.0008722411	3810000	4308.003509759903
127	5.250115	4.173809	11.559101	-1.4304419	18.875	15.036934	52.0	0.0	1000.0	76370.0	0.019888020833333332	0.53567123	0.7278947	3.1705554	-1.5028504	2.379065	2.400863	29.74731	-11.377201	-9.313226e-10	-0.0011502395	4.656613e-09	-0.0026891362	0.24261923	-0.173094	17.594109	-8.532532	0.3069675	-0.0013555884	3.0	1.6937437	0.001743771	3840000	4343.1601803302765
128	5.2881474	3.5166738	12.522764	-0.681547	25.583334	21.466866	81.0	0.0	1000.0	77216.0	0.019952454780361756	0.56092393	0.77766985	2.980414	-1.3963426	2.0858335	2.0607204	34.310555	-7.1021733	-8.381903e-09	-0.013179574	-3.3527613e-08	-0.03689645	0.2953143	-0.21993336	29.667135	-17.388412	0.3056119	0.005346179	79.0	1.6930361	0.009812158	3870000	4385.298058271408
129	4.3191905	3.3882365	14.471256	0.094501264	26.083334	29.270172	118.0	0.0	1000.0	78102.0	0.020026153846153846	0.5256523	0.7371822	2.8792691	-1.7065856	2.969777	4.1662683	50.24698	-8.363069	1.3038516e-08	-0.015813803	1.9557774e-08	-0.050939996	0.21750093	-0.15396127	45.02014	-24.83865	0.3109581	0.0072087944	75.0	1.6909287	0.012106444	3900000	4427.073752880096
130	6.241552	2.9608839	10.113851	0.14970392	28.25	28.92411	105.0	0.0	1000.0	78897.0	0.02007557251908397	0.6286478	0.72117573	2.8194027	-1.153876	2.9502127	3.2856371	35.76653	-15.241964	1.1175871e-08	-0.015914233	3.259629e-08	-0.051696114	0.25785342	-0.19088024	35.303364	-19.193796	0.31816688	0.0089197755	76.0	1.6748731	0.011924828	3930000	4469.952481031418
131	5.9205437	3.3628767	11.843572	-0.39679706	19.916666	15.921465	63.0	0.0	1000.0	79751.0	0.020139141414141415	0.6484633	0.7716568	3.033397	-1.8542945	2.818333	2.5781498	28.703785	-8.82672	2.7939677e-09	-0.01615854	-7.450581e-09	-0.05040468	0.2491814	-0.17795303	30.453192	-15.568705	0.32708666	0.0071968734	69.0	1.6488084	0.012045624	3960000	4510.570538043976
132	5.8016753	3.0725682	12.3803835	0.0343844	30.041666	32.456997	130.0	0.0	1000.0	80677.0	0.020219799498746867	0.63056445	0.73393184	2.6321766	-1.5528445	2.6449168	2.8187754	29.324919	-7.7655773	-7.450581e-09	0.0018305102	-7.450581e-09	-0.0007052566	0.31361836	-0.23858291	41.797478	-27.323412	0.33428353	-0.00017538667	2.0	1.6196233	0.0076119034	3990000	4544.823271512985
133	7.513334	3.8291018	16.554987	1.3743829	25.125	26.503635	92.0	0.0	1000.0	81362.0	0.020239303482587064	0.75523865	0.7849274	4.1836076	-1.1338654	2.8850868	3.2822676	45.007385	-7.7075295	4.656613e-09	0.0021214762	-1.3038516e-08	-0.001108639	0.33502597	-0.25360936	24.545244	-13.131416	0.33410814	-0.00029483438	1.0	1.6193608	0.011016195	4020000	4578.9277238845825
134	6.6995544	2.783282	12.394797	2.409405	28.416666	24.24685	89.0	0.0	1000.0	82169.0	0.020288641975308642	0.7984311	0.7746637	3.0573492	-1.2748204	2.4616416	2.8549824	26.79414	-10.652845	1.8626451e-08	-0.0012855986	3.7252903e-08	-0.001774108	0.31545776	-0.23034872	29.10429	-17.112404	0.3338133	4.968047e-05	1.0	1.6191823	0.0027153115	4050000	4612.904031991959
135	5.813433	3.3197467	11.462551	-0.3093813	21.541666	41.605267	212.0	0.0	1000.0	82856.0	0.0203078431372549	0.6155972	0.69738036	2.824562	-1.0509471	2.412929	2.9549925	34.7935	-7.272347	1.1175871e-08	-0.0006234839	1.1175871e-08	-0.0030535776	0.24332435	-0.185534	35.60606	-24.623676	0.333863	-0.00025597215	1.0	1.6190863	0.0023547988	4080000	4647.449280738831
136	6.7257857	3.1691086	12.847354	1.7926646	32.625	30.016401	118.0	0.0	1000.0	83796.0	0.02038832116788321	0.645651	0.7414888	2.5756204	-1.4010699	2.702002	3.7464936	49.55063	-13.293062	-1.8626451e-09	-0.0012902706	-3.7252903e-09	-0.0037516076	0.26891613	-0.19788995	36.841858	-23.312893	0.33360702	0.00048029423	1.0	1.6192715	0.001976736	4110000	4681.714044332504
137	6.8431344	4.1649942	16.448717	-0.038661063	34.75	28.675264	114.0	0.0	1000.0	84898.0	0.020506763285024154	0.6712656	0.7316169	3.0004957	-1.3971428	2.6932943	2.8478029	25.902641	-7.762687	-2.9802322e-08	-0.0013121265	-5.9604645e-08	-0.0028214836	0.26182467	-0.18890738	36.743515	-19.8127	0.3340873	0.0013451278	1.0	1.6197128	0.0024181297	4140000	4718.629262447357
138	6.8992486	3.2929745	16.350298	-0.95856863	28.166666	23.989002	86.0	0.0	1000.0	85750.0	0.020563549160671463	0.75963306	0.76371914	3.0046155	-1.4447705	3.5786245	3.0854797	24.23819	-11.934799	-3.7252903e-09	-0.0010679939	7.450581e-09	-0.001693473	0.27401003	-0.19937766	28.05906	-16.112953	0.33543244	0.001519978	1.0	1.6204195	0.0006527535	4170000	4753.544481039047
139	6.554086	4.7307405	16.61911	-0.1310694	20.083334	29.21888	98.0	0.0	1000.0	86456.0	0.020584761904761904	0.72914857	0.7647541	3.9377432	-1.2098207	3.239421	3.3131897	43.40309	-7.370353	-4.656613e-09	-0.0010968219	-2.2351742e-08	-0.0028579393	0.3878042	-0.2995981	36.669895	-23.603827	0.33695242	0.0009162128	1.0	1.621352	0.0015284757	4200000	4789.1406672000885
140	7.1453996	3.3688722	13.698997	-0.46180895	26.25	27.003471	111.0	0.0	1000.0	87257.0	0.020628132387706857	0.6931997	0.7592407	3.0972946	-1.4356498	2.081837	3.6597626	45.128567	-10.333768	-2.7939677e-09	-0.0012607444	-2.2351742e-08	-0.0029715344	0.2593378	-0.19794807	28.375633	-17.878658	0.33786863	0.00094637275	1.0	1.6222703	0.0013263754	4230000	4824.344824790955
141	6.7701283	3.1954653	12.404141	-2.192694	27.458334	30.882814	103.0	0.0	1000.0	88120.0	0.020685446009389673	0.7795272	0.741307	3.176391	-1.4973545	2.7289474	3.1008968	29.369833	-12.1963625	0.0	-0.00070776604	-1.8626451e-08	-0.0009217828	0.29551393	-0.22277099	30.112898	-20.282515	0.338815	0.0010883808	1.0	1.6232564	0.0020183558	4260000	4858.306069850922
142	7.8104987	3.7783506	17.321224	-0.75367886	27.125	24.326448	92.0	0.0	1000.0	88846.0	0.02071002331002331	0.71821064	0.8072153	2.879087	-1.501213	2.9496932	3.2566962	27.43979	-7.472982	-9.313226e-10	-0.00092684024	9.313226e-09	-0.0023021572	0.2914386	-0.21838228	23.63549	-12.804685	0.33990338	0.0011865497	1.0	1.6239879	0.0013224722	4290000	4892.395906686783
143	6.462933	3.778332	14.2464485	-0.5430151	21.041666	23.768818	89.0	0.0	1000.0	89481.0	0.020713194444444444	0.77117866	0.7724963	3.0925598	-1.2933222	2.2958868	2.5240364	21.007917	-12.833521	1.6763806e-08	0.00031135976	4.656613e-08	-0.0067015616	0.28352112	-0.20886692	22.83866	-12.657314	0.34108993	0.00078579783	3.0	1.6245106	0.007447728	4320000	4926.675567865372
144	6.128102	2.886666	11.88473	1.1893804	31.958334	25.936586	85.0	0.0	1000.0	90369.0	0.02077448275862069	0.75793475	0.8077836	2.9985752	-1.240644	2.4477658	2.6879563	32.048817	-11.819534	1.21071935e-08	-0.0005898271	1.8626451e-08	-0.0003975503	0.2613404	-0.18755977	26.503963	-14.501136	0.34187573	0.0012974739	1.0	1.6249349	0.0042663906	4350000	4960.904757022858
145	6.305191	3.2679377	13.484551	-1.5209856	36.125	38.461357	154.0	0.0	1000.0	91297.0	0.02084406392694064	0.7026091	0.7721169	2.7050676	-1.4194206	2.918813	2.9816458	24.728853	-7.106974	5.5879354e-09	-0.00022352481	-1.4901161e-08	-0.0011709107	0.27024433	-0.20340297	40.47101	-24.688902	0.3431732	0.0022667348	1.0	1.6249564	0.0020096255	4380000	4995.460826873779
146	8.19112	3.6042094	17.114174	2.1674063	28.208334	29.56487	100.0	0.0	1000.0	92174.0	0.02090113378684807	0.75662345	0.7318147	3.3455803	-1.3416364	3.0721984	3.36401	45.906315	-8.560763	5.355105e-09	-0.0012385888	2.2351742e-08	-0.0030250493	0.36250752	-0.2654112	42.44993	-32.17327	0.34543994	0.002386719	1.0	1.625118	0.0033325427	4410000	5029.508305549622
147	6.384304	3.202013	12.867913	-0.8591504	21.333334	28.757124	92.0	0.0	1000.0	92807.0	0.020902477477477477	0.8631943	0.7915298	3.3819911	-1.1811378	2.7208204	3.9761171	49.269592	-10.796924	0.0	-0.0008497953	-1.8626451e-08	-0.00039448834	0.481347	-0.36382216	32.606636	-22.544325	0.34782666	0.0018149614	1.0	1.6251445	0.0016006108	4440000	5063.617501497269
148	7.567696	3.2743473	13.749091	0.8064663	16.5	19.102793	90.0	0.0	1000.0	93367.0	0.020887472035794184	0.79811823	0.833273	3.335697	-1.6967032	2.4337869	3.5728025	53.126144	-8.698233	9.313226e-10	-0.0010675068	1.4901161e-08	-0.0004350911	0.2862966	-0.20500977	25.519936	-14.7914295	0.34964162	0.00081026554	1.0	1.6251142	0.0024244916	4470000	5097.759629011154
149	7.91288	3.9854717	18.049295	2.141453	28.416666	24.487951	86.0	0.0	1000.0	94243.0	0.02094288888888889	0.7899834	0.77990353	3.710548	-1.4251106	1.9900564	2.4683325	33.76782	-9.950189	4.1909516e-09	-0.00016152771	7.450581e-09	-0.0007943488	0.28252655	-0.20166075	30.703033	-19.401503	0.3504519	0.0010821819	1.0	1.6251171	0.0013494402	4500000	5132.0921931266785
150	7.387873	3.2129302	15.734107	-0.72025716	29.333334	23.70068	90.0	0.0	1000.0	95041.0	0.020980353200883	0.7450143	0.7864306	3.0937464	-1.4670784	2.6860847	3.212238	33.122555	-8.312622	1.4901161e-08	-0.0010647809	4.0978193e-08	-0.00072415825	0.23888756	-0.16816092	27.332275	-17.486954	0.35153407	0.0014221966	1.0	1.6250734	0.0013751653	4530000	5166.784492254257
151	6.6925645	3.30733	12.221722	-0.32336172	28.083334	21.665865	81.0	0.0	1000.0	95854.0	0.02102061403508772	0.76535666	0.8039942	3.0292327	-1.3538178	2.5050635	3.2408626	32.238205	-12.201277	-3.7252903e-09	-0.0011658478	7.450581e-09	-0.0024869703	0.28502488	-0.19739756	25.544224	-15.2465315	0.35295627	0.0016086996	1.0	1.6250336	0.0015853314	4560000	5200.988082170486
152	6.776933	3.5231192	15.525704	0.7287788	31.166666	38.36738	149.0	0.0	1000.0	96766.0	0.021081917211328977	0.72166353	0.780092	3.0269868	-1.4406582	3.1026833	3.679022	37.659946	-8.956907	3.7252903e-09	-0.0017102866	-7.450581e-09	-0.0045496686	0.29359213	-0.19402401	42.10602	-30.729546	0.35456496	0.002096653	1.0	1.6251111	0.0025458005	4590000	5235.405322790146
153	7.805975	3.2658045	13.341737	2.1385458	27.666666	30.479046	138.0	0.0	1000.0	97658.0	0.021138095238095237	0.72769237	0.7775268	2.570364	-1.537325	3.084534	4.4405355	55.908478	-8.2936325	0.0	-0.0010795888	-2.9802322e-08	-0.0009489402	0.32956362	-0.2224956	38.44783	-23.651112	0.35666162	0.002187103	1.0	1.6251726	0.0013044159	4620000	5269.627405166626
154	6.250225	3.6836517	17.870825	0.19323702	30.458334	25.493427	83.0	0.0	1000.0	98587.0	0.021201505376344087	0.8345885	0.7843138	3.2830148	-1.1119065	2.8045886	3.0296009	31.045258	-9.285687	-6.7520887e-09	-0.00088565674	-3.5390258e-08	-0.0013972707	0.26811045	-0.18047002	36.022358	-21.460697	0.35884872	0.0025528073	1.0	1.6251552	0.0010716205	4650000	5303.8685257434845
155	8.632869	3.8773205	17.953745	2.4724848	28.291666	25.84002	86.0	0.0	1000.0	99301.0	0.021218162393162394	0.75902206	0.7584285	3.0219185	-1.2427149	3.1674297	3.9680383	48.929752	-8.742699	-4.656613e-09	-0.0010914698	2.2351742e-08	-0.0024207295	0.29939836	-0.17917155	24.6528	-14.53487	0.36140153	0.00266397	1.0	1.6248329	0.001343692	4680000	5338.505403757095
156	7.662548	3.137818	12.945492	-0.50556695	35.958332	37.801544	149.0	0.0	1000.0	100384.0	0.021312951167728238	0.74348783	0.7428116	3.3768146	-0.8985471	2.6616957	3.430788	26.97507	-15.563431	5.5879354e-09	-0.001086033	2.6077032e-08	-0.0027517013	0.25263554	-0.1594424	42.219162	-25.740381	0.3640655	0.00357458	1.0	1.6245219	0.0009230833	4710000	5372.721796751022
157	7.4661865	3.7279713	14.255992	-1.5045898	25.208334	24.248674	91.0	0.0	1000.0	101181.0	0.02134620253164557	0.8620912	0.80965275	4.1653414	-1.0332785	3.2309084	3.5807786	38.17519	-9.642243	-6.0535967e-09	-0.0005285344	-3.7252903e-09	-0.00030430546	0.35471144	-0.24433443	25.317013	-13.549579	0.36764008	0.003276527	1.0	1.6240919	0.0006964562	4740000	5406.924803733826
158	8.190529	2.9909625	13.322066	-0.7821531	32.333332	32.86927	102.0	0.0	1000.0	102076.0	0.02139958071278826	0.8335086	0.7621921	3.359841	-1.4320034	3.0577364	3.6638708	51.737083	-9.498758	1.1175871e-08	-0.014138288	3.259629e-08	-0.04955708	0.3103077	-0.2047058	30.87748	-18.634823	0.3709166	0.007869422	43.0	1.6236762	0.012055522	4770000	5444.861214637756
159	6.9370475	3.6065478	13.376672	-1.4397732	39.208332	38.132423	152.0	0.0	1000.0	103369.0	0.021535208333333333	0.80615544	0.78446454	2.9622672	-1.2869316	2.6012266	2.900236	34.141666	-9.7529335	-7.450581e-09	-0.014887409	1.4901161e-08	-0.047613867	0.23364419	-0.14161035	52.876274	-29.75325	0.37878603	0.011135131	49.0	1.5993197	0.01214136	4800000	5483.755246400833
160	8.683305	3.3999367	15.696301	2.282608	36.083332	31.007952	114.0	0.0	1000.0	104391.0	0.02161304347826087	0.7544127	0.7830753	2.5912201	-1.2204163	3.9314456	3.943559	48.770947	-6.4315243	-1.8626451e-09	-0.013663161	-2.2351742e-08	-0.046956092	0.30184862	-0.19368047	36.78251	-22.42329	0.38992116	0.009115666	30.0	1.5763932	0.012510642	4830000	5521.513207912445
