Epoch	AverageEpRet	StdEpRet	MaxEpRet	MinEpRet	AverageEpCost	StdEpCost	MaxEpCost	MinEpCost	EpLen	CumulativeCost	CostRate	AverageVVals	StdVVals	MaxVVals	MinVVals	AverageCostVVals	StdCostVVals	MaxCostVVals	MinCostVVals	LossPi	DeltaLossPi	SurrCost	DeltaSurrCost	LossV	DeltaLossV	LossVC	DeltaLossVC	Penalty	DeltaPenalty	StopIter	Entropy	KL	TotalEnvInteracts	Time
0	0.15256807	1.7509558	5.3982205	-3.4451265	14.1	16.083843	61.0	0.0	1000.0	423.0	0.0141	0.5994599	0.56190324	1.9981493	-1.1331493	-0.43130884	0.11705207	0.072100006	-0.813013	-8.138021e-09	0.024192289	-2.8483074e-08	0.0026915628	0.9026953	-0.7709112	10.98876	-3.9209256	0	0	1.0	1.837877	0.024468401	30000	69.28732633590698
1	1.0683651	2.549334	7.51888	-2.309724	17.266666	17.746237	55.0	0.0	1000.0	941.0	0.015683333333333334	0.14226225	0.41779855	1.2661363	-1.0534426	1.1807634	1.0454835	5.180266	-0.8387938	-1.2207031e-08	0.07543836	-1.6276042e-08	-0.00053734944	0.1876388	-0.04156694	9.675977	-1.1871853	0	0	1.0	1.8383024	0.11252956	60000	139.0290219783783
2	0.6221341	1.6965735	4.1866355	-1.9147279	13.6	19.732546	65.0	0.0	1000.0	1349.0	0.014988888888888888	0.10203948	0.45707786	1.5383344	-1.2406746	2.3641899	1.7048519	8.269318	-1.0325569	-1.2207031e-08	0.00011308187	4.0690105e-09	-0.0006397715	0.09335781	-0.022135817	9.496389	-2.0023155	0	0	1.0	1.8390665	0.0045458586	90000	208.26096510887146
3	1.2346865	2.149441	6.298065	-1.8127815	20.066668	29.235748	141.0	0.0	1000.0	1951.0	0.016258333333333333	0.12914728	0.37843978	1.3865478	-0.91067326	1.7652386	1.2716132	7.4936166	-1.4318792	-8.138021e-09	0.0031865046	-2.4414062e-08	0.00014467367	0.11356888	-0.012981385	14.450908	-4.3867636	0	0	1.0	1.8397412	0.0094190305	120000	278.41124153137207
4	0.9275926	2.239841	6.2898026	-2.8608553	15.433333	21.10874	79.0	0.0	1000.0	2414.0	0.016093333333333334	0.115194954	0.43021697	1.5885053	-0.8718159	1.8703146	1.8995051	15.679763	-2.9967403	1.0172526e-08	-0.007900289	1.6276042e-08	0.00042122396	0.11510337	-0.018380016	10.981641	-2.1680279	0	0	79.0	1.8402263	0.0048063598	150000	356.1312415599823
5	1.6128994	2.1834188	8.86201	-1.483053	15.466666	17.779638	69.0	0.0	1000.0	2878.0	0.01598888888888889	0.13166705	0.359412	1.384589	-0.8292076	1.9233705	1.6264362	12.728215	-0.7376637	8.138021e-09	-0.0075450437	-3.0517577e-09	0.0020650218	0.104709916	-0.017158337	7.4156976	-1.2123675	0	0	79.0	1.8360391	0.0052199466	180000	433.45534920692444
6	2.0554953	2.5216424	8.614981	-1.6196204	15.533334	21.228493	73.0	0.0	1000.0	3344.0	0.015923809523809524	0.16107076	0.43081623	1.6152474	-1.1796114	1.5636572	1.2638335	14.00369	-0.5897657	2.0345052e-09	-0.008470199	3.2552084e-08	-0.00046291502	0.11451507	-0.022741921	10.51903	-2.314352	0	0	79.0	1.8118815	0.0057411892	210000	510.86913990974426
7	3.5696297	3.1448927	12.794294	-0.90141857	17.7	16.425894	58.0	0.0	1000.0	3875.0	0.016145833333333335	0.28865904	0.4492589	1.7076156	-0.8297078	1.7517228	1.73892	17.766163	-0.91048926	5.086263e-09	-0.007584147	-1.0172526e-08	0.0012972269	0.23050866	-0.045364216	8.95432	-2.1661873	0	0	79.0	1.784853	0.0053720023	240000	587.683408498764
8	3.6251292	2.7975748	11.696602	-0.4663773	28.7	34.355156	127.0	0.0	1000.0	4736.0	0.017540740740740742	0.32607076	0.48676774	1.8955351	-1.1542296	2.3310587	1.7771748	17.621525	-0.98823065	8.138021e-09	0.0024073424	-6.1035155e-09	0.00072895916	0.1749786	-0.029857114	20.030684	-5.6391315	0	0	3.0	1.761162	0.010136086	270000	657.3770596981049
9	3.7050982	3.49059	15.218304	-1.2893414	20.766666	25.231838	83.0	0.0	1000.0	5359.0	0.017863333333333332	0.34342942	0.4851035	2.1562479	-0.8526836	2.2980878	2.5342023	22.376408	-2.4749534	-2.4414062e-08	0.006277276	-2.0345052e-08	-0.00044366048	0.16668196	-0.023616433	11.28107	-3.5041533	0	0	1.0	1.7606196	0.016375354	300000	726.7754769325256
10	3.7256901	3.7132485	18.946636	-0.7342179	25.7	24.93612	72.0	0.0	1000.0	6130.0	0.018575757575757575	0.4327901	0.5283633	2.1343653	-1.0876703	2.3606164	2.2193992	24.086935	-2.7211008	-2.8483074e-08	-0.0008373067	-8.138021e-09	0.0013124186	0.17446007	-0.031079814	15.39954	-3.960515	0	0	1.0	1.7602131	0.0010937206	330000	795.4366552829742
11	3.8338614	2.8597856	11.589005	-0.7555683	22.133333	16.79828	55.0	0.0	1000.0	6794.0	0.01887222222222222	0.40717337	0.48894668	1.9111012	-0.8927476	2.4262862	2.0602157	21.548735	-2.0017774	-1.373291e-08	-0.0008830073	-2.0345052e-09	-0.00012267863	0.14204274	-0.025713451	10.894555	-3.0290651	0	0	1.0	1.7602012	0.0016318888	360000	864.7280626296997
12	5.1941094	3.4464457	15.263493	-0.8512437	27.333334	21.865244	78.0	0.0	1000.0	7614.0	0.019523076923076924	0.45055902	0.47702608	1.9358689	-0.89141625	2.5453653	1.888336	19.283703	-1.510566	-7.1207684e-09	-0.0004602193	3.2552084e-08	-0.00023715006	0.24582916	-0.043842643	15.5034685	-4.848933	0	0	1.0	1.7603335	0.0015387747	390000	933.6732468605042
13	3.346101	2.8496037	11.862686	-1.1916273	17.433332	15.894828	58.0	0.0	1000.0	8137.0	0.019373809523809522	0.47460854	0.5254034	2.2179713	-0.81911117	2.4379125	1.9422777	19.91238	-1.8276668	-1.0172526e-09	-0.00068164576	-2.0345052e-09	0.0008842143	0.14258236	-0.040934756	10.795344	-2.5478582	0	0	1.0	1.7605784	0.0013066877	420000	1002.3911328315735
14	4.2576575	2.8680065	9.024114	-1.4688976	28.266666	26.679499	112.0	0.0	1000.0	8985.0	0.019966666666666667	0.38856626	0.5115285	1.8486114	-0.7749368	2.3507943	1.9648958	25.136406	-0.61572903	-1.525879e-08	0.00014598288	-2.0345052e-08	-0.0013624878	0.14426246	-0.021092974	14.721384	-4.435789	0	0	1.0	1.7610204	0.002305363	450000	1071.2443854808807
15	4.549855	2.5691752	9.618796	-0.3620909	16.633333	16.84732	66.0	0.0	1000.0	9484.0	0.019758333333333333	0.4532933	0.51624715	1.9677162	-1.2634602	2.558862	2.0096679	17.416628	-4.2520094	4.0690105e-09	0.0010391948	1.6276042e-08	0.0015059123	0.12838519	-0.018544495	9.066111	-2.9788008	0	0	1.0	1.7615039	0.008324666	480000	1140.0792994499207
16	4.5221148	3.4953785	12.188201	-1.0231973	28.6	19.821873	69.0	0.0	1000.0	10342.0	0.02027843137254902	0.52019125	0.5325298	2.3439782	-1.1933079	2.2046063	2.0433378	19.425854	-1.8502792	-4.0690105e-09	0.0034131834	4.0690104e-08	-6.744384e-05	0.1925708	-0.04784365	13.560558	-4.3818607	0	0	1.0	1.7619905	0.010980397	510000	1208.6237008571625
17	4.0282445	2.7838702	9.929375	-0.13758822	30.466667	31.131691	119.0	0.0	1000.0	11256.0	0.020844444444444443	0.41638783	0.5271022	2.249878	-0.95683235	3.0621479	2.3519306	18.868639	-1.0081165	1.335144e-09	-0.00055806176	2.8483074e-08	0.00011180013	0.1302867	-0.020566903	20.674494	-6.817375	0	0	1.0	1.7623019	0.003232661	540000	1277.6737921237946
18	4.0740395	2.8657718	12.656481	0.2584509	27.166666	24.72527	108.0	0.0	1000.0	12071.0	0.02117719298245614	0.45574915	0.51437134	2.0604172	-1.1338599	3.2093098	2.7626574	25.896584	-0.8851901	-2.8483074e-08	-0.0008514628	6.1035155e-09	-0.00015179341	0.14819743	-0.022431642	13.649327	-4.537285	0	0	1.0	1.762583	0.0017629262	570000	1346.449628353119
19	4.5872655	2.5235546	12.087337	0.26056117	31.466667	29.932964	102.0	0.0	1000.0	13015.0	0.021691666666666668	0.57446945	0.5118132	2.2320864	-0.89238757	2.9821577	2.6133256	21.062134	-1.3566334	-1.0172526e-08	-0.00092155405	-2.8483074e-08	0.00018155517	0.1520378	-0.031369276	14.662559	-4.4033422	0	0	1.0	1.7629794	0.001008976	600000	1415.6989216804504
20	5.09085	3.7880044	12.932094	-2.0731847	26.0	22.51962	101.0	0.0	1000.0	13795.0	0.021896825396825397	0.4827743	0.53820366	2.0836916	-1.184127	3.313706	2.7625322	23.09121	-1.6008147	-2.4414062e-08	-0.000651001	0.0	-3.7475587e-05	0.17601217	-0.028852716	13.701063	-4.354623	0	0	1.0	1.7632599	0.0005383255	630000	1484.3849883079529
21	4.6701016	3.253693	14.453624	-0.12146054	23.566668	13.004315	55.0	0.0	1000.0	14502.0	0.021972727272727272	0.53280145	0.52135324	2.5360348	-1.1000316	2.5302036	2.065745	21.759281	-0.9835519	2.0345052e-09	-0.00068136596	-4.0690105e-09	0.00018452352	0.1632458	-0.034391284	10.137956	-3.506939	0	0	1.0	1.7635646	0.00063639117	660000	1553.8272879123688
22	5.5676465	3.3898847	12.00081	-0.9459009	26.766666	22.385536	78.0	0.0	1000.0	15305.0	0.022181159420289854	0.5692094	0.5276864	1.945456	-0.96610177	2.4211833	1.6672306	17.904364	-0.85084337	-4.0690105e-09	-0.0009328735	0.0	-0.0007782959	0.16675726	-0.027291536	15.505414	-5.1680164	0	0	1.0	1.7636971	0.00080327835	690000	1622.3688929080963
23	5.124295	2.727738	11.76133	0.13405165	31.533333	25.573076	101.0	0.0	1000.0	16251.0	0.02257083333333333	0.57813334	0.56362057	2.4608898	-1.0043712	2.803375	2.825099	27.567232	-0.33443686	-4.0690105e-09	-0.0008535563	8.138021e-09	0.000660319	0.18974186	-0.0383424	15.247314	-4.293892	0	0	1.0	1.7637064	0.001181975	720000	1691.7220118045807
24	6.27337	3.9572644	14.595716	-0.31038922	34.433334	19.951078	69.0	0.0	1000.0	17284.0	0.023045333333333334	0.5654976	0.5692053	2.1506712	-1.1175311	3.3222513	3.1558475	33.952347	-0.6923001	-1.4241537e-08	-0.00066267495	3.6621095e-08	-0.00041879475	0.23183945	-0.053431153	16.619886	-5.957239	0	0	1.0	1.7636296	0.0008599506	750000	1760.119784116745
25	4.7488937	3.7242181	15.173859	-0.6240854	24.366667	21.643295	78.0	0.0	1000.0	18015.0	0.023096153846153846	0.54354423	0.6045089	2.4879282	-1.2179525	3.4600816	2.7691827	27.503082	-0.33185142	-1.1189779e-08	-0.007456854	-1.4241537e-08	-0.00041718344	0.16385706	-0.042987183	13.85745	-5.283701	0	0	79.0	1.7634361	0.004815747	780000	1837.6568608283997
26	4.731444	3.4622068	15.398418	-0.24141657	27.5	16.70878	59.0	0.0	1000.0	18840.0	0.02325925925925926	0.54106534	0.5504907	2.0825887	-1.3122789	2.7531416	2.3503788	21.083889	-1.0828906	2.0345052e-09	-0.008069122	4.0690104e-08	-0.00024379068	0.20095447	-0.0526464	12.819544	-4.139374	0	0	79.0	1.7331115	0.004970237	810000	1914.717318534851
27	7.0399704	3.4117002	13.024954	1.292779	24.466667	19.631153	79.0	0.0	1000.0	19574.0	0.023302380952380953	0.6422911	0.58596754	2.373592	-1.072887	2.8565655	2.267715	26.18928	-1.6326542	-4.0690105e-09	-0.008363998	1.8056234e-08	-0.00079044775	0.18804258	-0.05586426	10.991013	-3.9951544	0	0	79.0	1.7209196	0.004914872	840000	1991.5448977947235
28	6.597315	3.7102265	15.93428	0.32068142	28.066668	20.238468	79.0	0.0	1000.0	20416.0	0.023466666666666667	0.7000738	0.5938992	2.6293828	-1.0566722	2.8402188	2.407825	29.463144	-1.6715342	1.0681152e-08	-0.0016376735	-3.6621095e-08	-0.0013507934	0.20434941	-0.045127988	12.380975	-4.180663	0	0	15.0	1.7027484	0.005919921	870000	2061.6768548488617
29	7.135322	3.2168622	13.982184	0.33901712	24.466667	15.030487	59.0	0.0	1000.0	21150.0	0.0235	0.6969571	0.594729	2.6732242	-1.1996518	2.7230127	2.0057712	22.721056	-2.444101	2.0345052e-09	0.00041210325	-8.138021e-09	2.7742513e-05	0.21936221	-0.050880373	8.974046	-2.9640756	0	0	1.0	1.6998911	0.004909976	900000	2130.722086906433
30	6.5095534	3.7535594	16.258242	1.4936042	24.4	18.95011	72.0	0.0	1000.0	21882.0	0.023529032258064516	0.7315376	0.62120223	2.6303952	-1.0323236	2.721864	2.0300636	16.68055	-1.7742347	0.0	0.0011954834	-1.2207031e-08	-5.7580568e-05	0.17214696	-0.038683996	10.592789	-4.2279096	0	0	1.0	1.6991675	0.0054544746	930000	2199.9507982730865
31	7.2049913	2.7582955	12.343745	2.3053572	28.5	20.849861	105.0	0.0	1000.0	22737.0	0.023684375	0.71388316	0.58073443	2.9876795	-0.8755622	2.834233	2.4028382	22.680386	-1.2216644	0.0	-0.00042624513	4.0690105e-09	0.0006535563	0.1987413	-0.045608357	12.150618	-5.076819	0	0	1.0	1.6981744	0.0019423589	960000	2270.13397026062
32	7.729491	3.1343565	15.7331505	2.382427	29.9	21.66618	88.0	0.0	1000.0	23634.0	0.02387272727272727	0.79218775	0.5914498	2.637055	-1.3233597	2.6317523	2.5384607	24.462667	-4.503277	-3.0517577e-09	-0.0006801382	-8.138021e-09	-0.00019410807	0.21350713	-0.052515224	14.508006	-6.161519	0	0	1.0	1.6973648	0.0027446838	990000	2340.0859298706055
33	7.291193	3.017242	13.949478	3.1788986	31.233334	21.392653	87.0	0.0	1000.0	24571.0	0.02408921568627451	0.7878259	0.6057465	2.7692347	-1.0080966	2.9709997	2.6359854	31.615248	-3.6841428	-1.2207031e-08	-0.00033193006	5.6966147e-08	0.0011319418	0.18584338	-0.041114926	13.648017	-5.7159476	0	0	1.0	1.6968157	0.0028112032	1020000	2409.7402317523956
34	7.3474193	3.685957	16.65438	-0.19945087	30.0	18.005554	73.0	0.0	1000.0	25471.0	0.02425809523809524	0.77357316	0.5723863	2.335021	-0.95634985	3.276415	2.5289793	24.15673	-1.5898364	0.0	-7.945455e-05	4.0690105e-09	0.00047325031	0.22034456	-0.052659288	10.742337	-3.5961924	0	0	1.0	1.6963515	0.0005916598	1050000	2479.715441942215
35	8.125142	3.8829641	18.119099	1.4567422	23.833334	16.830692	67.0	0.0	1000.0	26186.0	0.024246296296296297	0.84159845	0.62236845	2.3858438	-1.0222461	2.959521	2.2456114	21.29698	-1.2439471	1.0172526e-08	-0.0015769388	0.0	-0.0013110108	0.20084925	-0.056434542	9.540404	-4.022529	0	0	1.0	1.6960567	0.0033964051	1080000	2549.4687917232513
36	7.6013894	4.1964808	18.125435	1.442387	34.533333	27.110558	129.0	0.0	1000.0	27222.0	0.024524324324324324	0.79214746	0.6429412	2.3971894	-1.1793833	2.9008589	2.5425735	20.793224	-1.5934463	-7.1207684e-09	-0.0003633372	-8.138021e-09	-0.00018627117	0.19364248	-0.047724247	15.127425	-6.7503796	0	0	1.0	1.69585	0.0008336037	1110000	2618.5742428302765
37	7.4626017	4.4464226	18.600084	-1.2676677	28.766666	19.260813	89.0	0.0	1000.0	28085.0	0.024635964912280702	0.7883103	0.6710189	2.74807	-1.2168919	3.2156053	2.7904222	24.152699	-1.984548	-8.138021e-09	-0.0011347067	-2.2379558e-08	-0.0016328756	0.21620879	-0.059560046	11.206367	-4.8181357	0	0	1.0	1.6955876	0.0025074228	1140000	2687.6226410865784
38	8.445537	3.9029095	16.77626	-0.25841925	18.066668	18.51654	55.0	0.0	1000.0	28627.0	0.024467521367521367	0.8542471	0.6588037	2.996217	-1.0168086	2.6404896	2.1412468	19.613026	-1.7424355	-2.0345052e-09	-0.00030510355	1.0172526e-08	-0.0008484233	0.24063592	-0.056341156	9.935231	-4.6681857	0	0	1.0	1.6952724	0.0004046742	1170000	2756.8540709018707
39	6.965902	3.0823596	16.0091	1.7313297	34.966667	20.408304	76.0	0.0	1000.0	29676.0	0.02473	0.827005	0.6192322	2.6397216	-1.310941	2.2926855	2.7089288	32.620052	-2.5643165	5.086263e-09	-0.00026168925	8.138021e-09	-0.00064202474	0.20358069	-0.054713845	13.916946	-6.4106426	0	0	1.0	1.6950947	0.000931876	1200000	2825.8151099681854
40	7.4413447	3.5023787	14.953628	0.4269829	30.033333	20.671207	94.0	0.0	1000.0	30577.0	0.024859349593495936	0.7639243	0.5998249	2.412868	-1.1688243	3.3762238	2.7515152	22.429878	-3.224483	1.0681152e-08	-0.00072394765	2.0345052e-08	5.09847e-05	0.2194169	-0.06496996	13.345848	-5.9601974	0	0	1.0	1.6949682	0.00064955786	1230000	2895.272952079773
41	6.7367854	4.110728	14.390066	-0.8262861	32.0	26.894857	146.0	0.0	1000.0	31537.0	0.02502936507936508	0.74973005	0.6346901	2.5960925	-1.4924399	3.3932586	3.109241	29.142693	-2.1622849	8.138021e-09	-0.00092389475	-8.138021e-09	-0.0005040202	0.21948549	-0.074563384	16.575842	-8.039791	0	0	1.0	1.6947565	0.0012464719	1260000	2964.5188388824463
42	7.7716856	3.1396663	14.424675	2.4846487	26.5	22.318527	95.0	0.0	1000.0	32332.0	0.025063565891472867	0.79021215	0.6103581	2.7193737	-1.0923845	3.0353959	2.8600888	34.41716	-2.2886188	-1.0172526e-08	-0.0010492554	-1.1189779e-08	0.0005357198	0.19108157	-0.057145298	10.5520315	-5.202503	0	0	1.0	1.694442	0.0019623893	1290000	3032.9397892951965
43	8.032916	3.036221	12.850835	2.0235083	32.666668	25.53603	117.0	0.0	1000.0	33312.0	0.025236363636363637	0.84492123	0.60905874	2.7575717	-1.0687352	2.9877849	2.7394714	25.437199	-1.8003988	0.0	-0.00040433553	-4.2724608e-08	-0.00029547323	0.23392415	-0.0618719	13.976156	-6.926095	0	0	1.0	1.6941096	0.00027178772	1320000	3102.201915025711
44	7.543503	2.8649158	12.142145	0.31063113	32.3	30.049015	166.0	0.0	1000.0	34281.0	0.025393333333333334	0.82440925	0.63303906	2.663825	-1.1957982	3.1300046	2.6710057	25.291897	-2.9556596	-7.1207684e-09	-0.00088076375	-1.6276042e-08	-0.0005423665	0.1921501	-0.059499443	15.714534	-9.833093	0	0	1.0	1.6936703	0.00078659505	1350000	3171.873599290848
45	7.1852756	4.203564	15.048612	-0.84142816	36.866665	21.54489	86.0	0.0	1000.0	35387.0	0.025642753623188404	0.76844746	0.5969472	2.4908144	-0.9234301	3.4329293	3.0920565	33.202057	-1.8083555	4.0690105e-09	-0.0006959025	1.93278e-08	0.00041986693	0.22282386	-0.073408395	14.673622	-7.076885	0	0	1.0	1.6932392	0.000906189	1380000	3241.215959072113
46	7.397949	3.483221	15.8843	0.84669805	34.3	19.124418	90.0	0.0	1000.0	36416.0	0.02582695035460993	0.75565976	0.62438697	2.559639	-1.0389798	3.8797612	2.9174476	27.918295	-1.2975982	-8.138021e-09	-0.00023954672	-2.2379558e-08	-5.180664e-05	0.19667204	-0.072824754	15.178933	-7.554305	0	0	1.0	1.6926924	0.00035686797	1410000	3310.0706131458282
47	8.627104	3.9310908	22.502274	2.7376533	23.333334	16.129337	68.0	0.0	1000.0	37116.0	0.025775	0.7884122	0.6131415	2.3706977	-1.1708592	3.5022426	2.696605	25.198254	-2.1176558	9.155274e-09	-0.00043144228	0.0	-0.00023345948	0.23060988	-0.07460402	10.907785	-6.036995	0	0	1.0	1.6922476	0.00020234277	1440000	3379.3715918064117
48	6.675726	3.8889282	17.516632	-0.60288906	38.7	22.217337	102.0	10.0	1000.0	38277.0	0.02603877551020408	0.82004017	0.64599043	2.926646	-1.0129747	2.823114	2.5074086	22.757038	-2.5529633	2.5431315e-09	-0.0075384853	6.510417e-08	-0.0011412272	0.23074222	-0.08244547	15.529533	-8.151868	0	0	79.0	1.6918662	0.004711627	1470000	3456.024394273758
49	8.426618	4.0640287	19.19522	0.4138199	35.133335	25.57177	102.0	0.0	1000.0	39331.0	0.026220666666666666	0.7992136	0.63685215	2.5398939	-1.063533	3.7328095	2.918305	33.64328	-1.6726407	4.0690105e-09	-0.008411609	0.0	-0.0023524985	0.22844453	-0.07857753	14.000013	-7.3847466	0	0	79.0	1.6869171	0.0053977813	1500000	3533.441266298294
50	8.889828	4.641089	22.354574	-0.77969486	28.3	22.853373	84.0	0.0	1000.0	40180.0	0.02626143790849673	0.912005	0.65021974	2.8012407	-0.98777264	3.1519787	2.9214969	28.59741	-2.0918398	1.0172526e-08	-0.008280703	-8.138021e-09	-0.0019408041	0.2621874	-0.09414442	12.206335	-6.3746724	0	0	79.0	1.6681523	0.0053415475	1530000	3611.127660751343
51	7.1547985	3.6038187	15.426706	-0.74721	36.266666	18.007282	74.0	3.0	1000.0	41268.0	0.026453846153846154	0.8582097	0.6634984	2.783107	-0.9807313	3.3942535	3.065288	28.287973	-3.413569	-2.0345052e-09	-0.0011331523	-3.48409e-08	-1.8211618e-05	0.21582708	-0.09671924	12.1923065	-6.2031994	0	0	6.0	1.6257281	0.0026571676	1560000	3681.5796496868134
52	8.575155	2.9039931	15.306642	3.8860872	31.233334	23.613108	96.0	0.0	1000.0	42205.0	0.026544025157232705	0.82217765	0.6609464	2.7028089	-1.0561978	3.853513	3.2059488	30.368177	-2.211085	0.0	1.6809083e-05	8.138021e-09	0.00039676664	0.23162134	-0.08902082	13.801091	-6.8965864	0	0	1.0	1.6240671	0.00076806376	1590000	3751.1328163146973
53	8.316424	3.0696034	12.937145	2.1496809	28.6	18.67726	89.0	0.0	1000.0	43063.0	0.026582098765432098	0.86633646	0.6253069	2.6555362	-1.0752755	2.955962	2.7013388	27.17974	-4.3015175	-4.0690105e-09	-0.0006798619	-1.2207031e-08	0.00055723067	0.2122533	-0.072172344	11.975873	-6.290079	0	0	1.0	1.6234566	0.0017553458	1620000	3820.0203120708466
54	7.855054	3.3980026	15.866472	-0.7208879	27.733334	25.447899	101.0	0.0	1000.0	43895.0	0.026603030303030302	0.85344154	0.6364308	2.5924492	-1.125047	2.8923128	3.0910637	27.716711	-3.0042815	4.0690105e-09	-0.00062668865	-1.4241537e-08	6.495158e-05	0.21492797	-0.07177818	12.621373	-6.812075	0	0	1.0	1.6227372	0.0021457656	1650000	3889.0500812530518
55	10.001619	4.1339493	18.518118	2.5027852	30.733334	22.223011	87.0	0.0	1000.0	44817.0	0.026676785714285715	0.90127224	0.6562084	2.8631153	-1.1003361	2.6994984	2.9293132	24.012442	-2.8332999	-4.0690105e-09	-0.0006626261	4.0690105e-09	-0.0003797811	0.26400968	-0.10422248	10.839882	-5.6562433	0	0	1.0	1.6221216	0.0015084564	1680000	3958.8774194717407
56	8.755062	3.974614	21.287045	-0.14006189	28.566668	21.010607	83.0	0.0	1000.0	45674.0	0.026709941520467836	0.99684596	0.65027446	2.8663337	-1.0870721	3.0643878	2.7749014	29.211746	-2.648458	1.7293294e-08	-0.00011788941	4.0690105e-09	-0.00040766195	0.22948071	-0.09276144	11.080895	-5.7401824	0	0	1.0	1.6216323	0.0012054803	1710000	4027.8182933330536
57	9.282751	3.5654507	17.594074	3.2351797	29.233334	21.215847	88.0	0.0	1000.0	46551.0	0.02675344827586207	0.99713916	0.6265257	3.2100601	-0.93859524	2.6734772	2.6335523	29.022839	-1.8566514	6.1035155e-09	-0.0005034811	-8.138021e-09	0.00017289633	0.21326368	-0.08826865	13.3104105	-6.864989	0	0	1.0	1.6212431	0.002045108	1740000	4097.515991687775
58	10.083274	3.9908097	17.780064	2.5459757	23.866667	16.52419	64.0	0.0	1000.0	47267.0	0.0267045197740113	1.0325465	0.61694175	2.8014836	-1.0013036	3.0790892	2.907009	29.039272	-2.4183116	-1.2715658e-08	-0.0002557424	1.6276042e-08	-0.0005398153	0.20314515	-0.08090667	9.863019	-5.1579223	0	0	1.0	1.6209915	0.003512833	1770000	4166.888016462326
59	8.63169	3.8238947	18.022215	0.5847186	33.933334	22.978155	99.0	0.0	1000.0	48285.0	0.026825	1.0210168	0.6601099	3.0650601	-0.9629845	2.8696089	2.4128332	20.626524	-1.8659942	-7.247925e-09	0.00019792747	-1.1189779e-08	-0.002222873	0.2235172	-0.09942129	14.613573	-7.4586105	0	0	1.0	1.6205673	0.0040781694	1800000	4235.839572668076
60	8.132558	3.6054165	14.738111	-0.123229414	32.666668	19.923744	89.0	0.0	1000.0	49265.0	0.026920765027322404	0.8556875	0.63224655	2.5656931	-1.1396362	3.365952	3.2520068	33.16417	-2.1823804	2.2379558e-08	-0.0006831507	0.0	0.00073394366	0.18559967	-0.069307245	13.229609	-6.151496	0	0	1.0	1.6197524	0.0015497609	1830000	4305.197312831879
61	7.9699073	3.5534883	19.445507	3.15605	29.133333	16.76849	56.0	0.0	1000.0	50139.0	0.026956451612903227	0.8609526	0.6224636	2.4979095	-1.0535415	3.2301137	2.999168	26.365988	-2.5553222	2.0345052e-09	-0.00023315227	2.6448568e-08	0.0006589559	0.22910991	-0.08872782	10.511752	-5.126638	0	0	1.0	1.6189854	0.00094073423	1860000	4374.753758430481
62	8.439049	3.591494	17.903334	0.8999904	28.466667	22.58869	85.0	0.0	1000.0	50993.0	0.02698042328042328	0.88830394	0.6392436	2.7139716	-0.9513312	3.1898923	2.7927337	25.737	-2.065599	-2.0345052e-08	-0.00059158116	-1.1189779e-08	0.00060488837	0.20326845	-0.081782356	9.790722	-4.784494	0	0	1.0	1.6182764	0.0021094824	1890000	4444.35059094429
63	9.864811	3.3731523	14.668946	2.8031003	25.833334	18.035303	79.0	0.0	1000.0	51768.0	0.0269625	1.0134922	0.65633863	2.8558843	-1.0673517	3.0522327	3.049337	27.698833	-2.7644336	-4.0690105e-09	-0.0003101715	-8.138021e-09	0.000107808424	0.22213766	-0.10126871	8.236179	-3.991046	0	0	1.0	1.6176908	0.00044873086	1920000	4513.515320301056
64	8.89094	3.137691	15.481256	1.677445	33.2	23.425627	94.0	2.0	1000.0	52764.0	0.027058461538461538	0.91774464	0.67985326	2.8461442	-1.1605597	2.8146005	2.815946	31.292524	-3.1609895	-1.0172526e-08	-0.00028126218	8.138021e-09	-0.00056458334	0.25505802	-0.115153044	13.525879	-7.1340384	0	0	1.0	1.6172919	0.00041390347	1950000	4583.29723405838
65	9.904288	2.7662022	17.31759	6.034468	29.466667	19.141113	84.0	0.0	1000.0	53648.0	0.027094949494949495	1.0005579	0.62393034	3.1104822	-1.2160186	3.119251	3.078834	27.164099	-2.9865274	4.0690105e-09	-0.0009980835	-6.1035155e-09	-0.00033513538	0.23312321	-0.101268396	9.945664	-4.847434	0	0	1.0	1.6170344	0.0010135836	1980000	4652.726666927338
66	8.921042	3.8980923	16.256636	1.6804949	35.466667	27.831318	125.0	0.0	1000.0	54712.0	0.02721990049751244	0.9617313	0.6024758	2.6328547	-1.1384908	3.2619505	2.9688096	28.971298	-1.8063093	-1.8310548e-08	-0.00045914916	1.2207031e-08	-0.0006052592	0.25997528	-0.12338944	14.662504	-7.687347	0	0	1.0	1.6167239	0.0004699794	2010000	4722.720465421677
67	9.249048	2.4959238	13.701614	3.8713632	32.5	19.181154	87.0	4.0	1000.0	55687.0	0.027297549019607844	1.000951	0.6919572	3.3703585	-1.0755022	3.4517655	3.0789366	26.590576	-2.841584	2.5431315e-09	-0.0007298788	3.4077964e-08	0.000362412	0.22922057	-0.114478104	13.444286	-6.8565435	0	0	1.0	1.616365	0.0007100013	2040000	4792.049341440201
68	8.226162	3.5919235	14.252388	-1.3935509	31.133333	22.829416	88.0	0.0	1000.0	56621.0	0.027353140096618357	0.9028508	0.66625655	3.0729918	-1.2497599	3.3503158	2.8990138	24.2736	-2.1602082	1.6276042e-08	-0.0007652954	0.0	-0.00042241212	0.20711127	-0.084753625	10.803488	-5.451364	0	0	1.0	1.6160884	0.00066773593	2070000	4861.716045379639
69	8.704153	3.2075803	17.20958	1.6053643	36.266666	27.052954	115.0	0.0	1000.0	57709.0	0.02748047619047619	0.89161634	0.6237868	2.8439631	-1.0196187	3.2902472	3.0214295	28.008162	-1.887747	0.0	-0.0006729126	-2.0345052e-08	-0.00022161458	0.21842383	-0.1112964	14.833402	-7.996119	0	0	1.0	1.6160338	0.00058430794	2100000	4931.327901124954
70	9.030969	3.0539243	14.322706	0.054251496	32.033333	18.307528	90.0	0.0	1000.0	58670.0	0.027544600938967136	0.91026837	0.6202803	2.998026	-0.9963122	3.727137	3.5355785	30.577555	-2.3955286	1.6276042e-08	-0.00027961427	3.0517577e-09	-0.0004237091	0.2157379	-0.09439459	11.923729	-6.122274	0	0	1.0	1.6159472	0.0005052651	2130000	5000.991394281387
71	10.249095	3.8506207	17.719664	3.0868382	27.866667	20.261183	76.0	0.0	1000.0	59506.0	0.027549074074074073	0.9997805	0.64020944	2.6626198	-1.3264333	3.215173	2.8548722	27.108612	-1.9146899	-2.0345052e-09	-0.001198252	-2.8483074e-08	-0.000117395015	0.26460722	-0.12650572	11.680412	-6.260297	0	0	1.0	1.6158922	0.0015190617	2160000	5070.714393854141
72	9.125146	3.8969383	17.490541	0.07392408	30.533333	16.33551	67.0	0.0	1000.0	60422.0	0.027589954337899545	1.0294061	0.7135901	3.5513744	-1.3268698	2.983626	2.6883125	24.105877	-2.0168393	0.0	-0.0006599203	-1.8310548e-08	-0.00011165771	0.23355027	-0.12209662	9.332321	-4.5201564	0	0	1.0	1.6157379	0.0005503921	2190000	5139.276436805725
73	9.519304	4.1193633	18.327263	2.587608	27.3	19.425327	88.0	0.0	1000.0	61241.0	0.027586036036036037	0.9411917	0.65406483	2.6228263	-1.0738109	3.261371	2.5962884	23.13874	-2.9043505	-1.9836426e-08	-0.007815686	-2.0345052e-09	-0.0034559509	0.25761858	-0.1381763	9.740042	-5.2171073	0	0	79.0	1.615478	0.005298925	2220000	5216.740888595581
74	9.906834	4.142952	20.8739	-0.17944121	29.0	15.673758	74.0	8.0	1000.0	62111.0	0.02760488888888889	0.98051834	0.6576202	2.869837	-1.1676602	2.6529953	2.2827802	26.48943	-2.6281905	-2.0345052e-09	-0.007281177	-5.086263e-09	-0.0025013275	0.22501913	-0.11103905	10.503975	-5.337199	0	0	79.0	1.5938134	0.004813387	2250000	5294.938081502914
75	9.937694	3.4897177	18.533716	0.6924986	33.833332	16.172163	77.0	0.0	1000.0	63126.0	0.02768684210526316	1.0748643	0.63805187	2.9544134	-1.0622476	3.0957363	3.0318267	31.064617	-2.317455	6.1035155e-09	-0.008224813	-1.0172526e-08	-0.0012641622	0.24777803	-0.11485048	10.129704	-5.075794	0	0	79.0	1.5742674	0.004871278	2280000	5372.471712112427
76	10.259488	3.8759189	19.054136	2.2637477	28.1	21.742968	101.0	0.0	1000.0	63969.0	0.027692207792207792	1.0253078	0.6453745	3.151466	-1.1652904	3.2274232	2.77461	27.075352	-2.7354093	1.4750163e-08	-0.0084181195	1.2207031e-08	-0.00055643107	0.24475849	-0.12936695	10.509928	-5.4592237	0	0	79.0	1.5611098	0.005618055	2310000	5450.506907939911
77	8.490566	2.9158478	15.531409	3.510434	32.466667	18.809101	74.0	0.0	1000.0	64943.0	0.027753418803418802	0.9971595	0.6920643	3.2688413	-1.0332592	3.1446292	3.0572598	31.3227	-2.540082	6.4849854e-09	-0.0002468132	-2.4414062e-08	0.0013341024	0.23225325	-0.122480094	10.838648	-5.6322455	0	0	6.0	1.5414197	0.0034644445	2340000	5520.438300609589
78	10.124265	3.656642	15.89723	0.24801725	35.266666	17.441202	72.0	9.0	1000.0	66001.0	0.027848523206751054	0.9795731	0.60445106	2.6539814	-1.0041792	3.6141589	3.1110816	25.265543	-1.5735755	1.0172526e-09	-0.00027223918	0.0	-0.00071363116	0.24028759	-0.11600593	10.761738	-5.0907845	0	0	1.0	1.5405351	0.0028490198	2370000	5590.372284889221
79	10.1423235	3.9552047	17.592085	2.1530573	28.3	16.65563	64.0	0.0	1000.0	66850.0	0.027854166666666666	1.0201969	0.67283046	2.7024198	-1.3731041	3.4227438	2.7002718	23.3807	-2.003851	1.4241537e-08	0.001610376	1.2207031e-08	-0.00035921222	0.24135838	-0.13043967	9.15061	-4.6113534	0	0	10.0	1.540054	0.00757938	2400000	5660.652045726776
80	10.608435	3.2098184	17.257662	3.0209372	40.733334	38.64965	193.0	0.0	1000.0	68072.0	0.028013168724279836	1.0796882	0.63736564	2.8941476	-1.0715677	3.3175213	2.958627	28.036171	-2.1430964	4.0690105e-09	0.005787351	0.0	-0.0005091451	0.23988555	-0.112552404	17.229437	-10.921673	0	0	1.0	1.5347031	0.014667479	2430000	5729.724979877472
81	9.984929	3.1751964	20.695938	3.2975624	32.233334	18.971354	76.0	0.0	1000.0	69039.0	0.028064634146341465	1.069109	0.69945884	3.0482967	-1.0345299	3.8787336	3.412254	30.791353	-2.1456876	-1.2207031e-08	0.0012466492	-1.0172526e-08	-0.0031102377	0.23755045	-0.12569635	12.854701	-7.1864605	0	0	1.0	1.5338011	0.007996293	2460000	5799.078957080841
82	10.067567	4.234703	19.627245	2.194362	36.866665	21.813963	99.0	0.0	1000.0	70145.0	0.028170682730923696	1.0824488	0.68082696	3.1488352	-0.94809276	3.4477708	2.906769	25.073347	-2.197991	-1.6276042e-08	-0.00057956035	0.0	0.00037312013	0.27996966	-0.13766584	13.189091	-7.3870854	0	0	1.0	1.5330675	0.0009601885	2490000	5868.677313089371
83	9.412245	3.4902506	15.824968	0.19210379	29.333334	23.935097	97.0	0.0	1000.0	71025.0	0.02818452380952381	1.039815	0.69876474	3.4390893	-0.9426105	3.614657	3.1452103	33.05265	-3.1569037	-4.0690105e-09	0.0003662323	-1.6276042e-08	-0.0008493042	0.22473979	-0.108098514	11.3777275	-5.669093	0	0	1.0	1.5326815	0.0067759827	2520000	5938.146672964096
84	9.388814	3.31399	15.073868	2.0198567	30.933332	22.32776	77.0	0.0	1000.0	71953.0	0.028216862745098038	1.0024565	0.6842228	3.2161102	-1.0159774	3.0553496	3.2343462	34.693375	-2.026309	-2.339681e-08	-0.0008942016	-1.6276042e-08	-0.00018686727	0.21553317	-0.11607021	10.139312	-4.559263	0	0	1.0	1.5327199	0.0018361233	2550000	6007.469593763351
85	9.950517	4.0436583	17.51869	-1.0023105	33.066666	22.569794	101.0	0.0	1000.0	72945.0	0.02827325581395349	0.9619869	0.65389717	3.027871	-1.1074098	3.2419536	3.0600238	31.502872	-2.6415985	0.0	-0.0008336792	-8.138021e-09	-0.0001974528	0.24919634	-0.14092846	12.316913	-6.6578574	0	0	1.0	1.5329684	0.0021013776	2580000	6076.5526032447815
86	10.9099455	3.2907863	16.767843	4.9912066	31.1	18.36364	88.0	5.0	1000.0	73878.0	0.02830574712643678	1.0412115	0.6459356	2.8843362	-1.0771267	3.3790913	3.0806777	31.935236	-3.389898	1.2207031e-08	-0.0010064942	2.0345052e-09	-8.256022e-06	0.23079282	-0.10498674	11.906864	-6.385326	0	0	1.0	1.533252	0.0018975731	2610000	6145.904024600983
87	9.214634	3.7118328	18.342768	2.8023872	29.7	17.068783	71.0	0.0	1000.0	74769.0	0.028321590909090907	1.0491735	0.69086677	3.2053728	-1.2350054	3.4176667	2.9689305	30.302002	-1.7913778	-1.1189779e-08	-0.0009879619	-1.8310548e-08	-0.0008832682	0.24506539	-0.12958005	11.158411	-5.5322695	0	0	1.0	1.5335269	0.0013858523	2640000	6215.403985738754
88	10.900787	3.3681004	17.050777	6.342309	30.466667	20.087696	89.0	0.0	1000.0	75683.0	0.02834569288389513	1.0557027	0.67027885	3.0855157	-1.0965179	3.2816203	3.146379	36.89258	-2.8488705	7.1207684e-09	-0.001094342	1.7293294e-08	-0.00020976053	0.23291211	-0.1085984	10.487471	-5.1360555	0	0	1.0	1.5341003	0.0011810348	2670000	6284.364814281464
89	10.101359	3.319045	17.706766	2.0272949	31.833334	19.544964	83.0	0.0	1000.0	76638.0	0.028384444444444445	1.0696453	0.67114407	3.6788259	-1.028287	3.2333114	2.8626916	28.547483	-2.2462158	4.83195e-09	-0.0006568466	-3.6621095e-08	-1.332194e-05	0.22654095	-0.11160769	12.178798	-6.7531424	0	0	1.0	1.5348675	0.0027618709	2700000	6353.730263471603
90	11.033385	3.091962	18.705767	5.7514696	28.933332	16.597055	73.0	0.0	1000.0	77506.0	0.02839047619047619	1.1342824	0.64858454	2.995772	-1.0415834	3.460347	3.072308	29.55415	-1.9785182	9.155274e-09	-0.00069182535	-1.6276042e-08	0.001222107	0.22209369	-0.104636416	10.469812	-5.20394	0	0	1.0	1.5353799	0.0026455799	2730000	6423.449468135834
91	9.876989	3.2240493	16.690392	3.8424485	30.766666	23.528257	81.0	0.0	1000.0	78429.0	0.028416304347826087	1.0987288	0.67387176	2.967134	-1.1510029	3.0983672	2.893108	26.916052	-1.8522768	-2.0345052e-09	-0.0012913239	1.0172526e-08	0.000387561	0.22177155	-0.1112209	9.576377	-4.3116603	0	0	1.0	1.5358629	0.0015810102	2760000	6492.931241750717
92	10.27194	3.8926036	18.263527	3.8842003	31.666666	22.680878	100.0	0.0	1000.0	79379.0	0.02845125448028674	1.0506227	0.68779016	3.2357912	-1.0741609	3.2160985	3.0140204	25.50618	-1.9767418	3.0517577e-09	-0.0005307393	6.1035155e-09	0.00048293048	0.24648853	-0.12177866	10.355135	-4.651234	0	0	1.0	1.5362462	0.002362799	2790000	6562.441795349121
93	10.546422	3.6400075	17.446203	1.7618515	30.333334	33.65247	178.0	0.0	1000.0	80289.0	0.02847127659574468	1.0844243	0.678783	3.4300148	-0.953291	3.09536	2.9046082	31.118025	-4.7134495	-8.138021e-09	-0.0005716797	4.0690105e-09	-7.062886e-05	0.2702574	-0.1394044	14.818105	-8.252939	0	0	1.0	1.536667	0.0007348694	2820000	6631.958303451538
94	11.098197	3.0714915	17.685837	4.450959	37.4	25.714586	108.0	0.0	1000.0	81411.0	0.028565263157894736	1.1238512	0.6543756	2.747713	-1.0168042	3.4004507	3.5811443	33.96458	-2.1674466	-2.0345052e-09	-0.00063904014	0.0	-0.00039442748	0.22375865	-0.120551825	13.810952	-7.593269	0	0	1.0	1.5371847	0.00073738594	2850000	6701.237230539322
95	10.643957	4.347306	18.937763	-0.30528712	34.2	28.49959	117.0	0.0	1000.0	82437.0	0.028623958333333335	1.127791	0.6542498	3.0412657	-0.86209095	3.547773	3.5566533	32.46142	-1.9968649	4.0690105e-09	-0.0002954946	-4.8828124e-08	0.00077289226	0.29927826	-0.16673575	10.096288	-5.3534827	0	0	1.0	1.537667	0.00062376517	2880000	6770.474347114563
96	10.710134	3.6583629	17.807014	1.7770623	30.666666	22.676468	94.0	0.0	1000.0	83357.0	0.028645017182130583	1.1713604	0.6934762	3.1858315	-1.1042013	3.15157	3.155846	30.133173	-2.8576353	-8.646647e-09	-0.0012403941	-1.6276042e-08	-0.0003901123	0.27237102	-0.15978721	10.785296	-5.3836145	0	0	1.0	1.5379869	0.0022721451	2910000	6839.7275223731995
97	9.8001995	4.2718377	19.49097	0.2984897	30.133333	17.762756	65.0	0.0	1000.0	84261.0	0.028660204081632654	1.0922892	0.69879544	3.427833	-1.3585377	3.353305	2.9711916	28.540548	-4.29858	-2.5431315e-09	-0.00082447357	6.1035155e-09	-0.0003776591	0.27381065	-0.14595647	10.6369915	-5.2339373	0	0	1.0	1.5381258	0.0009856712	2940000	6909.228726863861
98	10.259857	4.1539316	19.525229	2.8479006	31.133333	33.88877	162.0	0.0	1000.0	85195.0	0.028685185185185185	1.063308	0.68759596	3.4901922	-1.0086913	3.197225	3.1592088	33.969173	-2.3845031	8.138021e-09	-0.000568986	4.0690105e-09	0.00058866374	0.27901596	-0.15596098	15.631132	-8.686599	0	0	1.0	1.5380266	0.00036794954	2970000	6978.46093082428
99	11.08997	4.1675677	19.706669	2.6877432	25.833334	17.597506	82.0	0.0	1000.0	85970.0	0.028656666666666667	1.0999373	0.6860787	3.2399733	-1.0696089	2.7838705	2.9415348	30.996101	-3.1195369	0.0	-0.0005718984	-1.6276042e-08	-5.966288e-05	0.27346632	-0.1485165	11.905053	-6.170378	0	0	1.0	1.537814	0.00083994895	3000000	7048.409389972687
100	11.675067	3.1500926	19.181763	6.819012	28.733334	16.21097	62.0	0.0	1000.0	86832.0	0.028657425742574256	1.1618413	0.68171227	3.6149328	-1.0086322	2.5182505	2.5386584	21.149145	-2.6521337	-1.525879e-08	-0.0003553996	6.1035155e-09	-0.00046555992	0.30093306	-0.16543776	9.883156	-4.7615976	0	0	1.0	1.5376114	0.00032853344	3030000	7117.884356021881
101	9.497044	4.102372	21.707943	-0.9231769	25.6	19.767988	84.0	0.0	1000.0	87600.0	0.02862745098039216	1.1064351	0.6624303	3.1900744	-0.81995577	2.8526325	2.893366	28.580627	-2.0293975	3.0517577e-09	-0.0002941752	3.2552084e-08	-0.00035932413	0.27210966	-0.15532602	9.927227	-4.790472	0	0	1.0	1.5375726	0.00017103672	3060000	7187.414991140366
102	10.664399	3.1163564	16.775955	5.475147	25.633333	15.226038	60.0	0.0	1000.0	88369.0	0.028598381877022655	1.0109606	0.64449304	3.145223	-1.198534	2.8372774	2.7075975	31.83381	-3.3951664	-1.2207031e-08	-0.00064003904	1.2207031e-08	-0.00011666565	0.23798177	-0.120643914	9.424845	-4.689062	0	0	1.0	1.5373676	0.00057498866	3090000	7257.287816286087
103	9.870244	3.4781685	16.957146	4.746001	30.6	23.656712	92.0	0.0	1000.0	89287.0	0.028617628205128205	1.0545509	0.65259683	3.043917	-1.0442053	3.0192912	2.7677598	25.96285	-2.3627102	-7.1207684e-09	-0.0003395589	1.2207031e-08	-0.00017313233	0.23515642	-0.12112387	12.0182085	-6.2478867	0	0	1.0	1.5369841	0.00023087498	3120000	7326.706414222717
104	11.103976	3.3494792	19.29532	4.406734	26.266666	17.670944	69.0	0.0	1000.0	90075.0	0.028595238095238094	1.1035744	0.6632139	3.1432226	-1.2024984	2.6769977	2.8237443	32.648907	-3.549068	6.1035155e-09	-0.007951796	-1.4241537e-08	-0.0024761413	0.2341061	-0.12351194	8.908923	-4.148769	0	0	79.0	1.5364982	0.0047240155	3150000	7404.387079954147
105	10.840005	2.4168024	15.025922	6.727089	30.766666	19.194935	92.0	0.0	1000.0	90998.0	0.028615723270440253	1.1282036	0.67406154	3.775434	-1.1345747	2.9093094	2.771739	29.3628	-1.7600195	3.8146974e-09	-0.0075614234	0.0	0.0010722372	0.2014005	-0.10485407	9.931263	-4.594904	0	0	79.0	1.5222623	0.0048704096	3180000	7482.0186557769775
106	10.825669	4.3078065	17.049664	0.76027554	34.466667	18.750526	91.0	0.0	1000.0	92032.0	0.028670404984423675	1.1080297	0.6489748	3.060856	-1.1446742	3.5095153	3.0975287	30.45289	-1.5885085	-8.138021e-09	-0.0069874106	1.8310548e-08	-0.0018001301	0.24479437	-0.12612557	11.185753	-5.1490912	0	0	79.0	1.5080686	0.004528267	3210000	7560.032053232193
107	10.998613	2.6547692	17.56185	5.9077787	32.533333	18.72384	84.0	0.0	1000.0	93008.0	0.02870617283950617	1.1281149	0.684851	3.1294365	-1.0737139	3.5313423	2.907343	23.187475	-1.8835891	2.0345052e-09	-0.0075800964	2.0345052e-09	0.00042745564	0.25598612	-0.13225412	8.847675	-4.3392034	0	0	79.0	1.496066	0.004704034	3240000	7637.652092933655
108	11.837792	3.5324607	18.301369	3.005198	29.966667	16.628256	78.0	0.0	1000.0	93907.0	0.028717737003058103	1.24504	0.66277593	3.5640326	-0.9095015	3.1274948	2.9006	25.838245	-1.594828	4.0690105e-09	-0.008410905	2.0345052e-08	-0.00041233114	0.28165033	-0.1672231	10.101448	-4.4278073	0	0	79.0	1.4841055	0.0055235475	3270000	7715.172438621521
109	12.066213	3.4263282	18.903973	1.2092272	24.666666	15.539913	61.0	0.0	1000.0	94647.0	0.02868090909090909	1.2358179	0.64412004	3.1124852	-0.8748425	3.1490734	2.8963728	30.613094	-1.1699545	5.086263e-09	-0.008894835	4.0690105e-09	-9.694418e-06	0.2667781	-0.14626855	9.119373	-4.3243756	0	0	79.0	1.465872	0.0052664196	3300000	7792.764669418335
110	11.851274	4.040044	18.58918	4.2249823	21.966667	13.019174	46.0	0.0	1000.0	95306.0	0.02862042042042042	1.2273157	0.6647698	3.115965	-0.93925995	2.6001208	2.317858	30.735006	-1.0718945	-2.0345052e-09	-0.008608366	-2.492269e-08	1.0299174e-05	0.26311278	-0.14692053	6.163404	-2.7280202	0	0	79.0	1.4432218	0.005647539	3330000	7870.1261348724365
111	11.250102	3.3043342	18.633486	4.235053	27.133333	18.764744	75.0	5.0	1000.0	96120.0	0.02860714285714286	1.212814	0.678092	2.9758918	-0.9754084	2.5028248	2.6403518	27.07207	-1.4858624	1.1189779e-08	-0.008837393	3.6621095e-08	0.00034826255	0.24849868	-0.13447568	9.159601	-4.664277	0	0	79.0	1.4201283	0.0051266258	3360000	7947.609944820404
112	11.730535	3.206207	18.12509	4.761816	27.266666	15.83442	60.0	4.0	1000.0	96938.0	0.028595280235988202	1.1849923	0.6606528	2.980475	-1.1240978	2.6642985	2.6426291	23.544043	-2.328187	4.0690105e-09	-0.008222081	-2.1362304e-08	-0.0024649708	0.24967629	-0.13636276	8.669925	-3.5764666	0	0	79.0	1.4091302	0.00487651	3390000	8025.266821146011
113	11.287661	3.3666844	18.961153	3.618666	31.5	23.164268	105.0	0.0	1000.0	97883.0	0.02862076023391813	1.2247846	0.65633744	3.393623	-1.1364326	2.988733	2.8636875	32.950127	-3.436357	3.0517577e-09	0.0023653249	2.0345052e-08	-0.0012153117	0.24057318	-0.12294486	10.703648	-5.666234	0	0	10.0	1.3910071	0.010799035	3420000	8096.469597101212
114	11.409583	2.6315947	18.06865	5.743313	34.3	27.951324	126.0	0.0	1000.0	98912.0	0.028670144927536233	1.1834608	0.6591731	3.5679166	-0.9543833	3.2516193	3.3431597	42.735878	-2.301778	1.9073486e-08	0.018751405	-2.4414062e-08	0.0025687988	0.25869375	-0.15126616	14.208475	-7.1059847	0	0	1.0	1.3860806	0.030548295	3450000	8166.194315910339
115	12.958599	3.3836744	19.998308	6.2869215	28.466667	19.840588	82.0	2.0	1000.0	99766.0	0.0286683908045977	1.3039571	0.68556625	3.590004	-1.039908	3.3350782	3.3733082	38.63069	-1.9966779	0.0	0.0046469136	1.4241537e-08	-0.0016538411	0.25932106	-0.1432664	10.681365	-5.3916345	0	0	1.0	1.3847344	0.010567411	3480000	8235.252718687057
116	12.488978	3.8909779	19.666134	5.4591393	29.0	13.364131	52.0	0.0	1000.0	100636.0	0.028671225071225073	1.3452021	0.7110172	4.0151052	-0.94929427	3.1151683	2.7985125	36.01087	-2.3547707	-1.0172526e-08	5.690104e-05	0.0	-0.000112872316	0.31055123	-0.18526179	8.048852	-3.224475	0	0	1.0	1.3838515	0.002921375	3510000	8304.881356716156
117	11.921261	3.3883064	21.041742	5.9851027	33.866665	20.082718	74.0	0.0	1000.0	101652.0	0.028715254237288136	1.255501	0.6534471	3.2070832	-1.0883391	3.098918	2.834811	28.438091	-2.0339506	-2.0345052e-09	-0.00038534342	2.0345052e-08	-0.00037216747	0.24511899	-0.15095054	11.872696	-5.3356667	0	0	1.0	1.3836668	0.0010022843	3540000	8374.847176790237
118	11.767756	3.4499433	21.302197	5.343827	30.433332	17.632702	61.0	0.0	1000.0	102565.0	0.0287296918767507	1.2486086	0.70100737	3.881534	-0.9776418	3.2120526	3.1596413	35.857357	-1.2501719	-6.1035155e-09	0.0003942683	6.1035155e-09	-0.00068057864	0.2690963	-0.1457608	10.087554	-4.7573256	0	0	1.0	1.3839145	0.004112077	3570000	8444.60170507431
119	11.287761	3.2855825	17.99947	5.113957	34.7	21.790134	95.0	5.0	1000.0	103606.0	0.028779444444444444	1.1892599	0.6208401	3.0877333	-1.198364	3.3347487	3.0135622	25.03902	-2.3024483	0.0	0.00079522806	-8.138021e-09	-0.0019884724	0.26041746	-0.15188801	11.158158	-6.1843615	0	0	1.0	1.3843193	0.006258345	3600000	8514.832614660263
120	11.6601715	3.4903178	19.785805	4.7067733	30.466667	19.530718	66.0	0.0	1000.0	104520.0	0.028793388429752067	1.2403452	0.688108	3.293835	-0.9394166	3.1278505	2.9362965	31.167057	-4.4905133	2.2379558e-08	0.0019542968	4.0690105e-09	0.0014485057	0.24028294	-0.13447686	11.644011	-5.533743	0	0	1.0	1.3850341	0.006956536	3630000	8584.522583723068
121	12.55198	3.34238	17.917688	4.0351095	38.566666	24.08552	91.0	0.0	1000.0	105677.0	0.028873497267759562	1.3121088	0.67182475	3.7153678	-0.87927747	3.636174	3.1826928	33.52099	-1.871952	1.3224284e-08	0.00092314405	8.138021e-09	3.227132e-05	0.27065614	-0.14167596	12.035379	-5.3969536	0	0	1.0	1.385958	0.005951838	3660000	8653.998082637787
122	11.9589205	3.2746265	18.513912	5.6524734	23.666666	18.856182	76.0	0.0	1000.0	106387.0	0.028831165311653115	1.2462752	0.6914228	3.8003116	-1.2244943	3.4583192	2.6606748	27.83777	-0.88606817	1.5258789e-09	0.00015054931	-4.679362e-08	-0.00029180094	0.26324865	-0.16315424	9.816672	-4.756579	0	0	1.0	1.3872077	0.005176771	3690000	8723.029970884323
123	13.085065	2.5420063	19.521317	8.253255	26.633333	16.113106	64.0	0.0	1000.0	107186.0	0.028813440860215055	1.3219703	0.6804079	3.572282	-1.0675312	2.6417346	2.7127025	38.060825	-2.8947852	4.0690105e-09	0.0034013572	-1.0172526e-08	0.0018678386	0.25280905	-0.15833439	8.37444	-3.670506	0	0	1.0	1.3887988	0.010264398	3720000	8792.7997777462
124	12.142076	4.44582	20.30306	2.8744118	24.466667	14.207354	56.0	0.0	1000.0	107920.0	0.028778666666666668	1.3099123	0.64222443	3.4292028	-0.87207454	2.7228339	2.6003	26.902967	-1.992798	-2.0345052e-08	-0.0005957784	1.2207031e-08	0.0006775228	0.27978292	-0.15058927	7.6288667	-3.4583244	0	0	1.0	1.3904376	0.0031358358	3750000	8862.434583187103
125	12.325846	3.3900058	20.145496	6.976711	28.866667	18.476532	84.0	0.0	1000.0	108786.0	0.028779365079365078	1.2701758	0.6868394	3.4991822	-1.1259482	2.719074	2.6199112	28.325146	-2.3527732	-1.7038982e-08	-0.0007009809	-2.0345052e-08	-0.00015006104	0.28576082	-0.16736227	8.737473	-3.7473497	0	0	1.0	1.3919368	0.0023674273	3780000	8932.757027864456
126	11.909963	3.6585014	19.356354	4.0710354	26.533333	14.869955	58.0	0.0	1000.0	109582.0	0.028761679790026248	1.2455479	0.7101215	3.6145928	-1.2413266	2.7766635	2.590646	21.677292	-1.4841309	-1.0172526e-08	0.0014326237	-2.339681e-08	3.974406e-05	0.29223883	-0.16199774	8.009855	-3.2452455	0	0	1.0	1.3935503	0.0053223968	3810000	9001.721460580826
127	12.566324	3.5058935	20.679794	5.9015055	26.766666	20.03278	75.0	0.0	1000.0	110385.0	0.02874609375	1.2977915	0.69139254	3.1657872	-0.9484093	2.7265701	2.584274	26.743322	-1.734777	-5.086263e-09	-0.00052389124	1.2207031e-08	2.4253844e-05	0.27633333	-0.16523097	9.796206	-4.6044807	0	0	1.0	1.3952341	0.0015365651	3840000	9070.880425453186
128	12.676438	2.9605668	19.61625	7.109142	33.5	16.558481	68.0	6.0	1000.0	111390.0	0.02878294573643411	1.3291365	0.6527602	3.3417144	-0.95629054	2.9674864	3.1491392	28.380642	-1.8337126	-6.1035155e-09	-1.1516317e-05	8.138021e-09	-0.0019349854	0.27040693	-0.15625644	11.055558	-5.2360334	0	0	1.0	1.3968745	0.0018942086	3870000	9141.236808776855
129	12.133655	4.1701274	20.81047	2.3741844	32.1	16.89053	63.0	0.0	1000.0	112353.0	0.02880846153846154	1.2656648	0.68774307	3.2694304	-1.0441449	3.278425	2.9462726	25.846834	-2.229558	-2.0345052e-09	-0.0008481547	-8.138021e-09	0.00034195557	0.272653	-0.16612975	10.659457	-5.831724	0	0	1.0	1.3985729	0.0012042099	3900000	9210.338210582733
130	12.683874	2.836413	18.146482	6.536751	30.233334	16.388378	75.0	5.0	1000.0	113260.0	0.028819338422391858	1.3033574	0.67580414	3.6988604	-1.0161986	3.253703	3.0810616	29.90331	-3.0280917	-1.8819174e-08	-0.00059747166	-1.8310548e-08	-0.00023418375	0.2570924	-0.16020945	9.488204	-4.255939	0	0	1.0	1.4002007	0.0009040169	3930000	9279.890277862549
131	13.658588	3.389335	18.606369	4.773964	27.666666	15.828947	68.0	0.0	1000.0	114090.0	0.02881060606060606	1.3017619	0.64438087	3.1777606	-1.0153869	3.124041	2.808837	29.287039	-1.9448423	-1.5258789e-09	-0.00053192495	0.0	0.0002481364	0.29388556	-0.16915646	9.423409	-4.1406984	0	0	1.0	1.4019452	0.0010352456	3960000	9349.26284980774
132	13.475328	2.863439	20.390291	8.437713	28.433332	14.075234	59.0	0.0	1000.0	114943.0	0.028807769423558897	1.4248914	0.68384826	3.694185	-1.0328928	2.8807616	2.6773615	22.971132	-2.4987328	-5.722046e-09	-0.0005104311	-2.0345052e-08	-0.00021953126	0.30904135	-0.18002874	7.6387515	-3.5165396	0	0	1.0	1.403606	0.0013638776	3990000	9419.290220975876
133	12.472845	3.1163092	19.038479	4.4936147	29.133333	20.382563	75.0	0.0	1000.0	115817.0	0.028810199004975126	1.3776278	0.674928	3.487867	-0.90931606	2.8353384	2.60324	32.270966	-0.91764927	-1.0172526e-08	0.0006882701	3.6875407e-09	0.0003923547	0.24152686	-0.13750103	10.08608	-4.4147463	0	0	1.0	1.4050574	0.006231265	4020000	9488.790980577469
134	12.96355	3.1922	22.397894	7.80093	26.533333	18.77895	73.0	0.0	1000.0	116613.0	0.028793333333333334	1.3243052	0.669197	3.5185697	-0.85825145	2.9926977	3.030008	27.104118	-2.1201613	1.1189779e-08	-0.00076461793	-1.6276042e-08	-0.00013503012	0.25203437	-0.14754127	8.904742	-4.0148077	0	0	1.0	1.4062643	0.0011946241	4050000	9558.65240597725
135	12.468837	3.2859852	20.95427	4.9161506	30.8	22.872692	92.0	0.0	1000.0	117537.0	0.028808088235294117	1.3254673	0.64794475	3.57881	-1.1410586	3.236503	3.2711627	34.16643	-1.8946195	-2.0345052e-09	-0.0011095646	-8.138021e-09	-0.0003319295	0.25237304	-0.14161843	11.457557	-5.578211	0	0	1.0	1.4071767	0.0024119338	4080000	9628.683406352997
136	12.301043	3.1699758	17.457859	6.0064673	28.133333	19.82378	90.0	0.0	1000.0	118381.0	0.02880316301703163	1.3076849	0.69117075	3.6800997	-1.169656	3.1555383	2.945735	27.767155	-3.7500007	-3.4586588e-08	-0.00033940023	-3.86556e-08	-0.0001949585	0.28584978	-0.17977339	9.307602	-4.411086	0	0	1.0	1.4078712	0.00055882183	4110000	9698.712484121323
137	11.857572	3.3676558	17.664076	-0.13817841	30.7	23.678612	120.0	0.0	1000.0	119302.0	0.028816908212560388	1.2444167	0.654124	2.9273717	-1.3329496	2.7143273	2.634835	25.249191	-1.9316248	-5.086263e-09	-0.00056109775	1.2207031e-08	0.00017600504	0.27006721	-0.16057125	10.470843	-5.063342	0	0	1.0	1.4086392	0.00065432256	4140000	9768.20207452774
138	11.975541	3.817369	19.88377	-0.017964404	29.133333	16.510065	63.0	0.0	1000.0	120176.0	0.028819184652278177	1.2393825	0.6450522	3.220936	-1.2318889	2.897059	2.922249	32.33541	-2.296311	-1.1444092e-09	-0.00056267634	-1.8310548e-08	0.00054823206	0.27180615	-0.1648613	8.253349	-3.7456026	0	0	1.0	1.4093194	0.0018449888	4170000	9837.658405542374
139	12.426115	3.3212566	19.905836	5.6266117	31.2	16.019571	66.0	0.0	1000.0	121112.0	0.028836190476190477	1.2598491	0.63490295	3.2990556	-1.0545007	3.2419932	3.0243134	33.540375	-2.231831	-4.0690105e-09	-0.00040694987	-1.2207031e-08	6.825562e-05	0.2785367	-0.16423085	9.49973	-4.501555	0	0	1.0	1.4097009	0.000553089	4200000	9907.471308469772
140	12.28415	3.0153055	18.426422	4.9939237	26.133333	17.03082	87.0	0.0	1000.0	121896.0	0.028817021276595745	1.2814889	0.64019376	3.795315	-0.9224492	3.134199	2.8090882	29.010864	-1.4418648	-4.0690105e-09	-0.00060364377	-2.0345052e-09	-2.5897218e-05	0.22530557	-0.12583499	8.20463	-3.42342	0	0	1.0	1.4099445	0.00082052464	4230000	9977.580956697464
141	13.880341	3.0959985	18.325483	5.95187	33.2	25.99795	116.0	0.0	1000.0	122892.0	0.028847887323943663	1.3518323	0.61756706	3.5781884	-0.95825046	2.9633682	3.1217594	38.758278	-1.582845	-1.2207031e-08	-0.00068320514	2.9500326e-08	-0.00012883809	0.27615607	-0.16441602	11.229387	-4.5687113	0	0	1.0	1.4102533	0.0009933246	4260000	10046.969011306763
142	12.481061	3.265329	17.988348	0.7904784	33.733334	22.61553	116.0	0.0	1000.0	123904.0	0.02888205128205128	1.372758	0.6789437	3.5667343	-0.9994421	3.3555572	3.0394611	31.24031	-2.415179	1.4750163e-08	-0.00038694966	1.2207031e-08	0.00012763671	0.26274738	-0.15607165	12.041919	-5.806873	0	0	1.0	1.4108399	0.0003116688	4290000	10116.63955616951
143	12.244363	3.3943417	19.320086	6.097893	27.333334	21.002117	80.0	0.0	1000.0	124724.0	0.028871296296296298	1.3070014	0.68138266	3.5112667	-1.0553787	3.3804424	3.1256719	32.43368	-3.8688397	2.0345052e-09	-0.00027182413	5.493164e-08	0.00032341309	0.27129382	-0.1683288	11.392585	-5.6219916	0	0	1.0	1.4113489	0.00040662417	4320000	10186.219766616821
144	11.996456	4.4864182	21.408606	1.6401321	26.933332	21.978676	101.0	0.0	1000.0	125532.0	0.02885793103448276	1.2485497	0.6671193	3.849545	-1.0897146	3.0460837	3.095321	33.307186	-2.3487246	-4.0690105e-09	-0.00061872153	-2.4414062e-08	0.00050025224	0.2740602	-0.16669263	10.974614	-6.1296883	0	0	1.0	1.411802	0.0009152012	4350000	10255.75731754303
145	12.429807	4.0442243	21.4043	6.45633	35.066666	19.588999	78.0	0.0	1000.0	126584.0	0.028900456621004565	1.2408881	0.6856301	3.2895474	-1.3297426	2.8278418	2.8640501	25.757044	-2.7403922	1.0172526e-08	-0.00089960126	0.0	-0.00021362305	0.27453867	-0.17499807	12.994556	-6.7479224	0	0	1.0	1.4121958	0.00081177964	4380000	10325.439395189285
146	12.17921	3.6296268	20.65073	3.5804088	24.066668	15.743641	61.0	0.0	1000.0	127306.0	0.028867573696145125	1.2776453	0.67703146	3.4499197	-1.2262007	3.3274584	2.6485217	29.600979	-3.4008331	-1.4241537e-08	-0.0004068563	1.93278e-08	0.00040913187	0.25897038	-0.15879971	8.332851	-4.6489773	0	0	1.0	1.4124988	0.000692124	4410000	10395.002549171448
147	12.517446	3.2363102	18.4016	4.06893	31.166666	20.982664	72.0	0.0	1000.0	128241.0	0.028883108108108107	1.2840544	0.63212365	3.1180005	-0.830311	2.4850235	2.8120546	30.09479	-1.8932091	-3.0517577e-09	-0.0001676778	2.1362304e-08	-2.2301228e-05	0.23602399	-0.13697997	10.330146	-5.219452	0	0	1.0	1.4124815	0.00029905292	4440000	10464.821328639984
148	13.514498	3.3057115	21.21252	7.520642	28.7	20.36852	76.0	0.0	1000.0	129102.0	0.028881879194630873	1.3156651	0.63566077	3.3745234	-0.97263753	3.0642328	3.0419946	35.09414	-1.6523918	1.3224284e-08	-0.0011128744	-2.8483074e-08	8.545329e-05	0.30128676	-0.18975604	10.001281	-4.6752954	0	0	1.0	1.4123969	0.0014649247	4470000	10534.426302433014
149	12.898021	3.5859637	19.414667	3.4853778	31.466667	22.525146	73.0	0.0	1000.0	130046.0	0.02889911111111111	1.3790979	0.68587214	3.9650748	-0.83907205	3.07006	2.9432237	29.36911	-1.6413438	2.0345052e-09	-0.0005545044	1.6276042e-08	0.00013892009	0.32540488	-0.2063854	12.783606	-6.2514753	0	0	1.0	1.4122201	0.0006611795	4500000	10603.969594717026
150	12.877104	3.9921386	22.164143	5.984584	27.3	22.825642	95.0	0.0	1000.0	130865.0	0.028888520971302428	1.333215	0.6469293	3.4042985	-1.161507	3.306458	3.361276	47.291935	-1.4602982	-2.0345052e-08	-0.0003937673	-2.4414062e-08	0.00034736734	0.2749332	-0.1756835	10.159185	-5.5912313	0	0	1.0	1.4121209	0.00032634666	4530000	10673.874589681625
151	13.006288	4.0386124	19.919674	3.110698	27.9	21.932243	75.0	0.0	1000.0	131702.0	0.028882017543859648	1.3589844	0.7012693	3.6426182	-1.0442537	2.7118607	3.0545406	32.939587	-3.3194869	-6.1035155e-09	-0.00063018186	2.2379558e-08	-0.00041544088	0.31508964	-0.20127192	10.537077	-3.89675	0	0	1.0	1.4120502	0.00080827664	4560000	10743.541268825531
152	13.64011	2.8871748	24.315039	8.080518	27.6	17.040344	63.0	0.0	1000.0	132530.0	0.028873638344226578	1.3687952	0.69188684	3.191407	-1.1074657	2.9430923	3.037659	30.604967	-1.6369817	4.0690105e-09	-0.0075980145	-7.1207684e-09	-0.002073349	0.30515748	-0.19182879	9.579762	-4.301433	0	0	79.0	1.4120483	0.0054496215	4590000	10820.88308429718
153	14.00203	3.8192568	21.822311	4.3181715	35.0	23.202011	92.0	0.0	1000.0	133580.0	0.028913419913419912	1.4261327	0.64705443	3.3433912	-0.8613232	2.9050024	2.843802	30.548925	-1.3378533	-9.155274e-09	-0.008420201	2.0345052e-09	-0.0013281575	0.2827045	-0.15974095	11.742756	-5.2467775	0	0	79.0	1.381882	0.0049603316	4620000	10898.533417701721
154	13.394849	3.4635973	20.535652	7.8078265	30.233334	19.764753	98.0	3.0	1000.0	134487.0	0.028921935483870967	1.3960326	0.6598239	3.4064589	-0.9171184	3.5546339	3.320966	36.521297	-1.5852194	-1.5258789e-09	-0.008177128	-3.6621095e-08	1.2231445e-05	0.23591451	-0.13383144	10.126023	-4.8788443	0	0	79.0	1.3640429	0.005038257	4650000	10976.13624548912
155	13.844762	3.2441967	22.508038	7.480937	29.366667	19.131968	64.0	0.0	1000.0	135368.0	0.028924786324786324	1.3904235	0.64333975	3.4325225	-0.99939615	3.0804	2.8645704	26.622435	-1.8255858	-8.138021e-09	-0.008302978	-8.138021e-09	-0.0009181478	0.27455398	-0.1612922	9.593054	-4.0653715	0	0	79.0	1.3460624	0.0046457737	4680000	11054.3270881176
156	13.114105	3.7457776	19.363583	6.6403847	35.6	24.42485	129.0	4.0	1000.0	136436.0	0.028967303609341827	1.4098035	0.6635004	3.5873177	-0.92570084	3.279031	3.0753963	31.046923	-0.66131496	2.6448568e-08	-0.008825999	1.8310548e-08	-0.0030744283	0.2638763	-0.15786761	14.005071	-6.534203	0	0	79.0	1.3361504	0.005167384	4710000	11132.254404067993
157	13.026112	3.2417538	20.142714	6.4121566	31.1	18.65002	88.0	0.0	1000.0	137369.0	0.028980801687763715	1.3817234	0.7023708	3.3316302	-0.91889936	3.4733236	3.4568834	37.270836	-1.2964683	8.138021e-09	-0.009344219	-1.8310548e-08	-0.0031121755	0.29624537	-0.17115706	9.70453	-3.9708958	0	0	79.0	1.3219602	0.005225759	4740000	11209.92405128479
158	14.982121	3.3260024	21.660065	7.7980347	29.0	19.124155	99.0	0.0	1000.0	138239.0	0.028980922431865827	1.4244386	0.63378334	3.441006	-1.0463198	3.0529823	2.787483	32.39165	-1.3683488	1.2207031e-08	-0.0076446575	2.0345052e-08	-0.0024535847	0.27529123	-0.16883934	8.870353	-3.6635175	0	0	79.0	1.3048533	0.004722448	4770000	11286.936171293259
159	13.695021	3.2875364	21.397629	6.843491	27.466667	19.952833	80.0	0.0	1000.0	139063.0	0.02897145833333333	1.4790502	0.665497	3.3625114	-0.8588958	2.9799552	2.8972847	26.331636	-1.8206716	2.0345052e-09	-0.008288176	-4.0690105e-09	-0.0004958822	0.2935321	-0.1728239	9.294766	-3.9111757	0	0	79.0	1.2957962	0.004600093	4800000	11364.907716035843
160	13.540414	3.4873192	18.795542	4.5708323	31.066668	23.389362	91.0	0.0	1000.0	139995.0	0.02898447204968944	1.4166323	0.6701641	3.5429974	-1.0888262	3.038309	3.2286153	37.58434	-2.1482337	-1.4241537e-08	-0.00882302	4.0690105e-09	-0.0028708822	0.28429723	-0.16618395	9.909196	-4.34602	0	0	79.0	1.2920536	0.005490816	4830000	11442.905250787735
161	12.817521	3.6579154	19.812183	7.2747664	32.166668	25.038748	99.0	0.0	1000.0	140960.0	0.02900411522633745	1.3994963	0.68746233	3.5539896	-0.84460354	3.0993176	2.989698	29.785934	-1.499211	5.5948894e-09	0.0025873922	4.0690105e-09	0.0008297882	0.29391062	-0.17547625	10.898719	-4.6788917	0	0	5.0	1.26634	0.00944493	4860000	11513.124165296555
162	13.119052	4.1384573	21.452616	5.084493	28.166666	16.508753	60.0	0.0	1000.0	141805.0	0.028998977505112475	1.3628258	0.64166397	3.457965	-0.72305787	3.125056	3.150526	27.68397	-3.2222536	-4.0690105e-09	0.024398234	-8.138021e-09	-3.518575e-05	0.2944099	-0.18382388	8.401664	-3.9810047	0	0	1.0	1.2652054	0.035218824	4890000	11582.750860214233
163	12.957621	4.141665	20.861427	4.2297626	31.3	23.654669	95.0	1.0	1000.0	142744.0	0.0290130081300813	1.3377119	0.70618385	3.342827	-0.96656364	3.16379	2.9143517	29.440756	-2.344131	-1.6784668e-08	-0.0010850164	2.6448568e-08	0.00058757124	0.32282338	-0.19011682	12.547283	-5.646702	0	0	1.0	1.2645487	0.0024779723	4920000	11652.092582464218
164	14.523904	3.9101167	20.468216	3.5869958	28.333334	19.875166	70.0	0.0	1000.0	143594.0	0.02900888888888889	1.4422472	0.6806267	3.984086	-1.016317	3.105942	3.338161	35.54134	-2.460375	-2.0345052e-09	-0.00036593017	-1.2207031e-08	-0.0014347616	0.30718613	-0.17677863	9.348564	-4.3763223	0	0	1.0	1.2643611	0.0022969253	4950000	11721.801906108856
165	13.938974	3.7144406	19.325296	-0.704288	33.533333	22.180672	97.0	5.0	1000.0	144600.0	0.02903614457831325	1.4502686	0.66144985	3.1642654	-0.9306307	3.1906905	2.9868171	27.645075	-1.9085356	-1.8310548e-08	-0.00039530997	-4.0690105e-09	-0.0008227997	0.28730565	-0.15361372	11.023619	-4.9289665	0	0	1.0	1.2647557	0.0011957206	4980000	11791.689362764359
166	13.470613	2.823622	19.76556	7.870198	32.2	17.773388	79.0	0.0	1000.0	145566.0	0.02905508982035928	1.4395776	0.6783509	3.1154807	-0.99628776	3.327638	3.107772	29.99914	-1.8573546	-3.0517577e-09	-0.00083752343	-1.7293294e-08	-0.00020238954	0.27838886	-0.15622318	8.436294	-3.674212	0	0	1.0	1.2656531	0.0022577138	5010000	11861.013516902924
167	13.33396	2.8383498	18.79009	7.255969	33.2	18.118866	81.0	7.0	1000.0	146562.0	0.029079761904761903	1.425914	0.66155064	3.3990946	-0.9006642	3.3053215	3.2105646	25.677008	-2.2329512	-1.0172526e-08	-0.00023953247	-1.0681152e-08	-4.757843e-05	0.2851541	-0.16805986	10.443422	-4.9624805	0	0	1.0	1.2667977	0.0010511071	5040000	11930.885877132416
168	13.859441	3.2399454	18.95203	6.879657	32.033333	17.831587	63.0	0.0	1000.0	147523.0	0.02909723865877712	1.4071155	0.62632173	2.9684434	-0.9621807	3.4458742	2.9476495	25.124216	-2.5879507	2.0345052e-09	-0.00021045939	4.0690105e-09	-0.0007428162	0.25472763	-0.12570241	10.324488	-5.0587735	0	0	1.0	1.2676544	0.0007198472	5070000	12000.39881515503
169	13.449382	2.9381008	19.801151	5.588124	34.1	24.06429	88.0	0.0	1000.0	148546.0	0.029126666666666665	1.4148856	0.6189425	3.2974133	-0.9326761	3.292848	2.847754	27.844568	-1.7205677	5.5948894e-09	-0.00032995376	-1.3224284e-08	0.00025410968	0.29116103	-0.15614784	12.742835	-6.753943	0	0	1.0	1.2684975	0.0014959875	5100000	12070.16689825058
170	13.168505	4.0283546	20.667915	2.2308362	42.133335	45.93962	267.0	0.0	1000.0	149810.0	0.029202729044834307	1.4077712	0.6808052	3.3833234	-0.92383397	3.6290503	3.5736194	28.66233	-1.6414721	4.577637e-09	0.00039269612	2.0345052e-08	0.00071647135	0.2786004	-0.15084374	22.45813	-15.137276	0	0	1.0	1.26946	0.0046483213	5130000	12140.176479101181
171	13.921735	4.3899207	21.989668	5.2040443	30.066668	15.2838335	72.0	5.0	1000.0	150712.0	0.029207751937984496	1.4132097	0.6549839	3.1546512	-1.0857611	3.7928061	3.55163	32.77875	-2.5256257	-2.0345052e-08	0.00017678223	-1.0172526e-08	0.00027201336	0.25101182	-0.13227189	11.432059	-5.5830445	0	0	1.0	1.2704504	0.0045871367	5160000	12209.006297111511
172	13.541571	3.8218646	20.902594	6.091632	31.433332	22.176088	82.0	0.0	1000.0	151655.0	0.029220616570327554	1.4169207	0.68004954	3.0677717	-1.2291857	3.2227132	2.835656	31.95631	-0.8926538	-1.1698405e-08	0.0018903132	-8.138021e-09	-0.0028621256	0.27566725	-0.14579447	10.158737	-3.820156	0	0	1.0	1.2715262	0.007574527	5190000	12278.573009252548
173	14.823185	2.7396572	20.290033	7.3755264	31.033333	20.844637	81.0	0.0	1000.0	152586.0	0.02923103448275862	1.4667068	0.6242272	3.252534	-0.80128115	3.1842403	2.9455066	31.186876	-1.2550702	-1.8310548e-08	-1.8232218e-05	0.0	0.00088378193	0.27140096	-0.14731917	9.034883	-3.5100055	0	0	1.0	1.272508	0.0035810135	5220000	12348.070726633072
174	14.355929	3.2624505	22.26136	7.8046956	35.0	26.319828	141.0	7.0	1000.0	153636.0	0.029264	1.5060227	0.6991427	3.2858412	-1.1530051	3.2074342	3.1096022	31.579115	-1.2863239	-1.0172526e-08	0.0013041768	2.6448568e-08	-0.0008821187	0.24743651	-0.1272977	11.957321	-5.352917	0	0	1.0	1.2734058	0.006106033	5250000	12417.23189496994
175	15.272463	2.318851	21.46617	10.957418	21.966667	18.183294	77.0	0.0	1000.0	154295.0	0.02922253787878788	1.538658	0.6007471	3.291453	-0.85987294	3.1136851	2.5789363	20.067749	-1.2357911	-4.83195e-09	0.00021067658	1.2207031e-08	-0.00018501384	0.23158257	-0.1158477	8.294987	-3.6398087	0	0	1.0	1.2740537	0.0031891854	5280000	12486.792122840881
176	13.758803	3.959948	21.599186	3.8391867	30.433332	20.771267	87.0	0.0	1000.0	155208.0	0.029229378531073446	1.5231445	0.63886964	3.4266136	-0.72735745	2.5565853	2.7777002	34.874695	-1.1792711	-1.0172526e-08	-0.00043167316	4.0690105e-09	-6.8196614e-06	0.29175797	-0.15763682	9.664508	-4.5023446	0	0	1.0	1.2747068	0.0013793102	5310000	12556.367769956589
177	13.667642	3.0268369	18.054832	7.8475904	25.833334	13.871034	53.0	1.0	1000.0	155983.0	0.029210299625468165	1.5026981	0.6370004	3.190686	-1.1503065	2.9853697	2.7975478	22.117613	-1.3628196	1.0681152e-08	2.3391214e-05	-1.2207031e-08	-0.0004755127	0.26012906	-0.120387435	7.362824	-3.0429711	0	0	1.0	1.2752441	0.00445994	5340000	12626.30708360672
178	15.345204	2.9565718	21.88495	9.693496	23.1	18.896824	77.0	0.0	1000.0	156676.0	0.02917616387337058	1.4918295	0.5924507	3.309061	-1.3818341	2.4699075	2.5618784	32.646286	-1.0429959	-6.1035155e-09	-0.0009607076	-1.0172526e-09	-0.001863862	0.23551589	-0.118657574	6.982528	-2.4954753	0	0	1.0	1.2758889	0.0038457976	5370000	12696.308999538422
179	13.695897	3.0030282	20.491985	9.135092	30.1	19.391321	88.0	0.0	1000.0	157579.0	0.029181296296296295	1.4536501	0.6331217	3.30011	-0.7991565	2.624997	2.7142284	26.38567	-1.4531378	1.2207031e-08	-0.00045137937	2.6448568e-08	0.0002770945	0.25834355	-0.1288397	8.611911	-3.7524815	0	0	1.0	1.2766352	0.00068738253	5400000	12766.194663524628
180	13.784184	2.9381313	18.354103	8.935024	32.1	21.788912	113.0	0.0	1000.0	158542.0	0.02919742173112339	1.4193029	0.6151626	3.2360816	-0.85844857	3.2020252	2.9258952	26.53991	-1.6982846	1.2207031e-08	-0.00064773357	-4.0690105e-09	-0.00023905435	0.24121048	-0.1263601	11.222652	-5.6880417	0	0	1.0	1.2776632	0.0041271094	5430000	12836.450530290604
181	13.852809	3.5460978	22.64551	7.88175	24.9	19.538593	100.0	0.0	1000.0	159289.0	0.029173809523809525	1.3989462	0.6449764	3.3661427	-1.2127535	3.1390483	3.0670033	36.879787	-0.6759405	-8.138021e-09	-0.00055387366	-3.6621095e-08	0.00022905681	0.28126955	-0.14174525	10.227999	-5.193012	0	0	1.0	1.2788404	0.0007957713	5460000	12906.480064868927
182	13.940092	3.794174	21.90988	6.249986	32.833332	17.25318	79.0	0.0	1000.0	160274.0	0.029193806921675773	1.4115728	0.62505066	3.000189	-0.9940313	2.7023528	2.6112447	26.563168	-1.9495009	9.155274e-09	-0.00073302205	5.086263e-09	0.000885436	0.2762437	-0.14118561	10.225853	-4.2083983	0	0	1.0	1.2799815	0.0010258246	5490000	12976.464880228043
183	14.315388	3.8070295	21.968699	4.6835413	26.3	17.765417	83.0	0.0	1000.0	161063.0	0.029178079710144928	1.4889784	0.6360852	2.9172828	-1.1239026	3.1362529	2.6046557	23.27248	-0.9897668	-1.6276042e-08	-0.0003264974	0.0	0.000325708	0.27476332	-0.15890723	8.386674	-3.372929	0	0	1.0	1.2812572	0.002596313	5520000	13046.313686132431
184	13.858781	3.6318767	19.696198	3.2525926	31.466667	19.675253	77.0	0.0	1000.0	162007.0	0.02919045045045045	1.4607637	0.65059906	3.8455312	-0.688068	3.0216906	3.1571221	32.447273	-3.124594	1.5258789e-09	-0.0011727854	-6.612142e-09	-0.0009320109	0.29827896	-0.1611571	9.907041	-3.8363714	0	0	1.0	1.282479	0.0020665776	5550000	13116.411108493805
185	14.014975	3.95823	19.994137	0.5509748	36.433334	20.385752	109.0	0.0	1000.0	163100.0	0.029229390681003584	1.4370729	0.6485585	3.3619123	-1.0195354	3.3572786	3.172242	31.91633	-1.1250172	-1.0172526e-08	-0.0009649678	-1.7293294e-08	0.00010780741	0.26870748	-0.15004605	11.997398	-4.940804	0	0	1.0	1.2835205	0.002483054	5580000	13186.25299191475
186	14.373903	2.2441547	17.716034	9.398202	24.766666	16.871443	62.0	0.0	1000.0	163843.0	0.02920552584670232	1.5084803	0.666106	3.501408	-0.92256606	3.4776187	2.7746487	29.803972	-0.32285988	-1.5258789e-09	-0.00055908307	4.0690105e-09	-9.308878e-06	0.26560816	-0.15012616	9.05315	-4.3698997	0	0	1.0	1.2845893	0.0006561041	5610000	13257.757815361023
