Epoch	AverageEpRet	StdEpRet	MaxEpRet	MinEpRet	AverageEpCost	StdEpCost	MaxEpCost	MinEpCost	EpLen	CumulativeCost	CostRate	AverageVVals	StdVVals	MaxVVals	MinVVals	AverageCostVVals	StdCostVVals	MaxCostVVals	MinCostVVals	LossPi	DeltaLossPi	SurrCost	DeltaSurrCost	LossV	DeltaLossV	LossVC	DeltaLossVC	Penalty	DeltaPenalty	StopIter	Entropy	KL	TotalEnvInteracts	Time
0	0.72107905	1.4103651	3.1226213	-1.6576781	87.041664	85.52411	276.0	0.0	1000.0	3004.0	0.10013333333333334	0.56480956	0.5195722	2.2146926	-1.6525242	-0.38482246	0.12004528	0.2346227	-0.85246426	-1.4901161e-08	0.023538323	-2.9802322e-08	-0.04003008	0.7048683	-0.55265826	217.66867	-130.74387	0.99999994	0.032040298	1.0	1.837877	0.19339693	30000	39.425671100616455
1	0.576666	1.6164346	3.7173054	-2.52084	112.958336	56.417694	227.0	11.0	1000.0	6422.0	0.10703333333333333	0.18237282	0.30383348	1.0829191	-0.6469279	9.910373	6.469698	20.388021	-6.042886	7.450581e-09	0.0015064755	-1.8626451e-08	-0.011033851	0.15640767	-0.039280735	79.5318	-8.985965	1.0320402	0.032516003	1.0	1.8389852	0.021213125	60000	77.61101651191711
2	1.0010463	2.0791392	5.656084	-2.3477783	117.5	75.83645	256.0	0.0	1000.0	9867.0	0.10963333333333333	0.08431855	0.3335094	1.0288111	-0.96130717	11.095081	6.09914	23.919607	-3.46594	-1.1175871e-08	0.0067874882	-2.9802322e-08	-0.017739274	0.19259757	-0.018602874	91.615524	-9.496814	1.0645562	0.033224106	1.0	1.839715	0.048177592	90000	115.80098295211792
3	1.2673198	2.7963195	10.054326	-2.3848968	128.91667	58.901695	260.0	19.0	1000.0	13770.0	0.11475	0.1296645	0.31959808	1.0167724	-1.0044599	11.816711	7.1329	27.41705	-4.1498923	-4.4703484e-08	-0.003857641	-6.7055225e-08	-0.023754252	0.27402574	-0.050521173	94.07396	-19.90945	1.0977803	0.033997416	2.0	1.8403249	0.025438398	120000	153.95459985733032
4	0.27049768	1.8106843	3.5344706	-3.031905	79.625	50.38503	235.0	0.0	1000.0	16245.0	0.1083	0.14013352	0.45243472	1.4148843	-1.1941881	9.374863	7.114165	33.191376	-2.946849	-7.450581e-09	-0.0021864125	0.0	-0.008983351	0.21267085	-0.057062343	56.042175	-14.082661	1.1317778	0.033415675	2.0	1.8411555	0.010644119	150000	192.39398789405823
5	-0.5736356	1.6777117	2.4242215	-4.228255	95.833336	62.952805	286.0	0.0	1000.0	18949.0	0.10527222222222223	0.06550836	0.5048843	1.2641437	-1.6024467	9.06351	7.357414	34.185795	-2.8618217	1.4901161e-08	-0.0021571382	1.4901161e-08	-0.011039859	0.19258186	-0.048180673	58.489426	-10.471946	1.1651934	0.033740282	1.0	1.8421361	0.018712413	180000	231.77731585502625
6	-0.22547571	1.620447	2.461495	-2.8155963	73.833336	52.226803	206.0	0.0	1000.0	21266.0	0.10126666666666667	-0.011581503	0.56606466	0.91747314	-1.7894161	7.689572	6.586864	34.455585	-1.5687108	0.0	-0.00361225	-7.450581e-09	-0.010642975	0.17788136	-0.06327741	46.21675	-7.6385565	1.1989337	0.033361316	2.0	1.8428319	0.013698319	210000	271.06030774116516
7	0.3136414	2.595119	6.8739953	-2.793807	71.958336	66.30578	293.0	0.0	1000.0	23534.0	0.09805833333333333	-0.03562741	0.5319561	1.2923912	-1.5093522	7.566957	6.6685333	32.962646	-1.2156405	3.7252903e-09	-0.0035469448	-1.4901161e-08	-0.00916134	0.19203685	-0.06487416	53.104366	-11.749055	1.232295	0.03303194	2.0	1.8436862	0.010259368	240000	310.42483830451965
8	0.20500998	2.739559	9.668551	-3.4348912	70.625	75.307045	296.0	0.0	1000.0	25491.0	0.09441111111111111	0.0022212006	0.49408904	1.4996444	-1.3770236	6.110149	6.6946177	37.004776	-4.178685	-1.4901161e-08	-0.003964973	-1.4901161e-08	-0.013912245	0.13708407	-0.040106267	47.403038	-14.911019	1.265327	0.03281021	2.0	1.8443807	0.014849765	270000	349.747918844223
9	-0.61440307	2.7410977	7.00243	-3.686117	69.625	48.24228	177.0	0.0	1000.0	27621.0	0.09207	0.05013597	0.5338093	1.507744	-1.3217802	6.8806334	7.559285	39.695354	-3.2223837	3.3527613e-08	-0.003997511	4.4703484e-08	-0.013922561	0.15131132	-0.047428336	57.423336	-19.885956	1.2981372	0.032682538	2.0	1.8450768	0.01386354	300000	389.09310841560364
10	-0.44985637	2.6541924	8.837777	-3.814928	69.375	43.694786	149.0	0.0	1000.0	29679.0	0.08993636363636363	-0.007359366	0.4989276	1.6668197	-1.4010876	6.6665583	6.1791515	37.604683	-1.8817873	-2.2351742e-08	-0.0034759922	-2.2351742e-08	-0.012183856	0.21003382	-0.07670091	48.76873	-13.04061	1.3308197	0.032621026	2.0	1.845839	0.016697472	330000	428.66308641433716
11	-0.8274562	1.8954678	4.0293407	-3.633009	40.875	34.66664	107.0	0.0	1000.0	30942.0	0.08595	-0.020537473	0.5091618	1.5719078	-1.5135354	5.125876	5.9401965	37.11658	-3.8326013	-2.7939677e-08	-0.0025753595	-4.8428774e-08	-0.0104037095	0.13027802	-0.053042393	35.21158	-11.671052	1.3634408	0.03086543	2.0	1.8464055	0.011304043	360000	468.7758631706238
12	-0.04921248	2.333816	5.7756453	-3.0743234	50.458332	40.413467	146.0	0.0	1000.0	32622.0	0.08364615384615384	-0.05975673	0.51583356	1.4507428	-1.3896275	4.300852	4.848258	28.037886	-5.5293827	-3.7252903e-09	-0.0026467948	0.0	-0.007569068	0.17042583	-0.06946225	40.755653	-12.183285	1.3943062	0.030001879	2.0	1.8469731	0.01404815	390000	508.8747937679291
13	-0.4194149	1.5363919	3.2088547	-2.7370143	51.291668	50.727604	190.0	0.0	1000.0	34285.0	0.08163095238095239	-0.063686185	0.5709713	1.8312829	-1.5705707	4.9760566	5.921813	39.077312	-3.0995445	0.0	-0.0027597058	5.5879354e-09	-0.016060228	0.1112834	-0.049410336	40.928574	-13.262239	1.4243081	0.029338479	2.0	1.8474615	0.02025418	420000	548.6582703590393
14	-1.423852	1.4107791	1.1640316	-4.0577836	42.416668	53.822945	225.0	0.0	1000.0	35801.0	0.07955777777777778	-0.031658385	0.44230947	1.4391114	-1.1878805	4.056577	6.2066417	36.5353	-2.845886	-1.6763806e-08	-0.002664776	-3.7252903e-08	-0.017036758	0.096260324	-0.039194573	31.021652	-10.185934	1.4536465	0.028175354	2.0	1.8480471	0.023060758	450000	588.355569601059
15	-2.251486	1.9480649	2.92432	-5.3834667	24.791666	20.678047	69.0	0.0	1000.0	36553.0	0.07615208333333333	-0.06759346	0.47898018	0.857205	-1.3862895	2.6753216	5.0337954	33.957024	-4.8491936	-7.450581e-09	-0.0019314056	-3.7252903e-09	-0.009444118	0.1957041	-0.07556136	17.091381	-10.218374	1.4818219	0.025734425	2.0	1.8485897	0.011322442	480000	628.2736859321594
16	-2.559233	2.3732283	2.460513	-6.482877	12.208333	19.07874	57.0	0.0	1000.0	36896.0	0.07234509803921568	-0.11060181	0.5886479	1.3406929	-1.5879955	0.8794785	2.5461643	24.807169	-5.1590266	1.1175871e-08	-0.011881535	1.1175871e-08	-0.022763198	0.3389624	-0.1444552	6.8455853	-4.6792316	1.5075563	0.025269508	45.0	1.8486451	0.012707185	510000	672.6899647712708
17	-2.6021774	1.9349889	2.2858186	-5.571466	17.583334	18.298262	60.0	0.0	1000.0	37390.0	0.06924074074074074	-0.22669932	0.68435866	1.2017165	-2.104857	0.92353064	2.6829739	28.267382	-3.8942108	-1.4901161e-08	-0.002573008	-2.6077032e-08	-0.0028226618	0.2647845	-0.09764633	14.671239	-9.642239	1.5328258	0.020018578	2.0	1.8372477	0.004450934	540000	712.7386622428894
18	-2.471711	2.5206451	5.8192554	-5.901686	19.375	24.462238	75.0	0.0	1000.0	37914.0	0.06651578947368421	-0.28229082	0.6881542	1.3973311	-2.0258799	1.2855067	3.6399298	27.752495	-4.5196476	1.8626451e-08	-0.0099251205	2.6077032e-08	-0.024485242	0.2040541	-0.07120089	15.910908	-10.257507	1.5528444	0.018251777	8.0	1.8361642	0.021435441	570000	753.068647146225
19	-1.4309106	2.4495306	4.684865	-4.7547283	18.666666	24.535122	103.0	0.0	1000.0	38371.0	0.06395166666666667	-0.20026073	0.7450873	1.8567916	-2.1931076	1.9108835	4.0629926	30.45068	-4.302155	-1.8626451e-08	-0.0048042256	-3.3527613e-08	-0.01369343	0.14080483	-0.059148528	14.591438	-9.246725	1.5710962	0.015744686	3.0	1.833214	0.012283713	600000	792.9438889026642
20	-2.9239318	1.9050734	2.125023	-6.887911	12.5	26.623924	100.0	0.0	1000.0	38720.0	0.06146031746031746	-0.1649461	0.5505435	1.4336926	-2.0022583	0.8877961	2.6374443	35.421722	-3.6280735	-7.450581e-09	-0.010539452	7.450581e-09	-0.02035068	0.18444166	-0.062376313	14.231069	-11.3371	1.5868409	0.01413095	17.0	1.8320262	0.013282612	630000	834.3829636573792
21	-2.0919552	2.4361324	3.1101062	-6.031843	18.333334	22.525293	79.0	0.0	1000.0	39292.0	0.059533333333333334	-0.29268754	0.61689055	1.4959773	-1.8777092	0.98834074	3.384712	43.15782	-8.898601	3.7252903e-09	-0.0026622394	7.450581e-09	-0.0060698763	0.16920471	-0.062588714	27.791555	-12.55514	1.6009718	0.011432052	2.0	1.8318589	0.008920332	660000	874.4589858055115
22	-0.93919367	2.547283	4.3418536	-4.8454986	32.541668	45.680027	202.0	0.0	1000.0	40168.0	0.05821449275362319	-0.14522086	0.67345136	1.6427934	-2.1571996	1.9440323	4.0331635	46.418594	-3.6298192	-5.5879354e-09	-0.010466432	-7.450581e-09	-0.020849792	0.1653444	-0.050379753	29.028168	-16.548454	1.6124039	0.011529446	8.0	1.8321908	0.01619897	690000	914.7260468006134
23	-0.8974798	2.1954384	4.4984765	-4.70199	22.125	19.123095	62.0	0.0	1000.0	40834.0	0.05671388888888889	-0.04495835	0.6435661	2.0722978	-1.8372358	3.151161	5.8229346	52.44365	-4.2272058	-1.8626451e-09	-0.006215009	3.7252903e-09	-0.017695846	0.17851721	-0.07155534	35.31346	-24.25666	1.6239333	0.009942293	2.0	1.8319252	0.015541862	720000	954.3999280929565
24	-1.3123292	3.2765083	7.589429	-6.6540875	17.416666	22.65487	78.0	0.0	1000.0	41457.0	0.055276	-0.044243667	0.59053224	1.5190036	-1.6396136	1.5568893	2.577661	24.964584	-3.2871933	-7.450581e-09	-0.0059643295	-3.7252903e-09	-0.012297094	0.20790511	-0.07750105	25.535513	-17.273796	1.6338756	0.008703709	6.0	1.8313711	0.012433007	750000	994.2266130447388
25	-0.60539377	2.8535795	6.9747314	-4.3837156	17.708334	26.344637	107.0	0.0	1000.0	41973.0	0.05381153846153846	-0.10977824	0.6964437	2.0488076	-1.8998212	1.3687693	2.774658	33.166016	-6.387763	7.450581e-09	-0.006555416	7.450581e-09	-0.014423097	0.17489153	-0.058021527	21.006115	-12.7803955	1.6425793	0.0072044134	5.0	1.8294721	0.014987641	780000	1034.330227136612
26	-0.06142314	2.0513556	4.247468	-3.0678947	36.291668	43.769733	206.0	0.0	1000.0	43056.0	0.05315555555555555	-0.009613178	0.614416	1.88558	-1.4837674	2.033768	4.090967	44.17155	-5.673369	1.4901161e-08	-0.010843441	0.0	-0.02329982	0.18956572	-0.08032237	56.76469	-42.854946	1.6497837	0.007806778	6.0	1.8276575	0.019557964	810000	1074.7560360431671
27	0.27057934	2.6551213	6.771589	-3.232748	29.625	29.720661	107.0	0.0	1000.0	43898.0	0.05225952380952381	-0.018572578	0.6175987	1.7447695	-1.5993453	3.193326	5.4907565	46.940334	-11.378452	1.3038516e-08	-0.0034517087	1.4901161e-08	-0.015909819	0.15887724	-0.06470381	35.479187	-21.203896	1.6575905	0.007340908	2.0	1.8247204	0.021337476	840000	1114.7603480815887
28	0.6775584	2.1107128	5.2972884	-2.450198	23.333334	25.895086	76.0	0.0	1000.0	44579.0	0.05124022988505747	0.08185959	0.5979979	1.8507713	-1.3578085	2.094293	3.3430002	27.19178	-7.369142	1.8626451e-08	-0.007111321	1.4901161e-08	-0.01555782	0.16703379	-0.05602003	22.206646	-12.048443	1.6649314	0.0070450306	8.0	1.8238049	0.01362985	870000	1155.3660368919373
29	-0.380618	2.1077502	5.2668467	-3.3347125	27.375	43.02791	179.0	0.0	1000.0	45396.0	0.05044	0.062482283	0.6115017	2.087623	-1.537312	1.826774	3.4032829	29.685198	-8.427476	-7.450581e-09	-0.0042781527	0.0	-0.0104857795	0.16540894	-0.07424532	51.797832	-42.23263	1.6719764	0.0061956644	2.0	1.8208323	0.012220118	900000	1195.5870156288147
30	0.30937818	2.2666097	5.38672	-3.2142317	24.708334	29.793007	115.0	0.0	1000.0	46138.0	0.04961075268817204	0.017394137	0.6173177	1.6677972	-1.5026057	2.0957127	3.667008	47.351883	-5.820083	1.3504177e-08	-0.0036460925	1.1175871e-08	-0.010406505	0.17085013	-0.07389084	27.120495	-15.8311	1.6781721	0.005616069	2.0	1.8198988	0.016115982	930000	1235.869294166565
31	0.10584784	2.1197221	3.8285124	-3.0408313	16.125	29.059296	104.0	0.0	1000.0	46634.0	0.04857708333333333	0.12618871	0.6316254	2.034945	-1.5140347	1.5961516	3.0026798	35.70719	-7.2187505	2.4214387e-08	-0.013746505	3.3527613e-08	-0.025692627	0.15021294	-0.06811057	16.684017	-9.48874	1.6837882	0.0053864717	15.0	1.8194141	0.014089736	960000	1277.8818171024323
32	0.5268359	2.2164662	5.7737284	-2.8505328	18.166666	25.880602	94.0	0.0	1000.0	47117.0	0.04759292929292929	0.06515761	0.5943205	1.8959554	-1.6221255	1.6334189	3.3932967	30.642838	-7.0495896	5.5879354e-09	-0.002566642	7.450581e-09	-0.00592908	0.18658417	-0.07343779	15.521427	-8.647292	1.6891747	0.0032902956	2.0	1.819201	0.006916824	990000	1317.769421339035
33	0.3431076	2.0982757	6.6250978	-2.7070503	14.541667	15.769113	71.0	0.0	1000.0	47556.0	0.0466235294117647	0.10409334	0.64654595	2.0737631	-1.5580623	1.4104326	2.7162013	33.454315	-6.1865625	8.381903e-09	-0.006107132	1.8626451e-08	-0.011310872	0.17819965	-0.07739097	15.509422	-10.131135	1.692465	0.0022530556	6.0	1.8192472	0.012968913	1020000	1359.8252215385437
34	0.5284186	2.5858827	6.289869	-3.3930109	5.7083335	9.510868	29.0	0.0	1000.0	47897.0	0.04561619047619048	0.061547697	0.62466824	2.0691493	-1.7501402	0.8413156	1.5387597	21.6684	-4.7787833	-1.1175871e-08	-0.002195741	-1.4901161e-08	-0.0047431653	0.1977568	-0.07465104	20.090176	-12.289164	1.694718	-0.0004440546	2.0	1.8191092	0.012067323	1050000	1401.453537940979
35	0.7203043	2.160851	5.608937	-1.7361648	15.041667	19.462526	62.0	0.0	1000.0	48307.0	0.0447287037037037	0.050496105	0.5606047	1.4931253	-1.5273916	1.1811608	2.7024875	29.56256	-4.7752666	-1.8626451e-09	-0.0030067659	3.7252903e-09	-0.005060792	0.19963402	-0.09689904	14.983862	-9.434945	1.694274	-0.0015056133	2.0	1.8190188	0.0062958887	1080000	1443.5958840847015
36	1.4175056	2.5316975	7.23843	-2.4924304	17.541666	18.547192	52.0	0.0	1000.0	48864.0	0.04402162162162162	0.118342035	0.58008295	2.0744336	-1.298492	1.1350698	2.5951338	27.576637	-5.8914227	1.8626451e-09	-0.007104021	1.6763806e-08	-0.019574523	0.13888101	-0.046208374	25.100925	-14.545784	1.6927683	-0.0018544197	6.0	1.8189934	0.020548128	1110000	1485.580049753189
37	0.6368714	2.165985	7.620626	-2.5367594	9.041667	15.783639	71.0	0.0	1000.0	49213.0	0.04316929824561404	0.22845209	0.61403656	2.0857277	-1.5918962	1.2873273	2.6054022	26.072779	-6.377824	2.7939677e-09	-0.011866378	0.0	-0.020552265	0.15899324	-0.0620751	12.112153	-8.531738	1.6909139	-0.002861023	13.0	1.8187132	0.012659844	1140000	1528.2209265232086
38	0.8241687	2.2833338	6.5938873	-2.8258073	15.208333	23.491096	89.0	0.0	1000.0	49619.0	0.04240940170940171	0.09717668	0.5939019	1.6986575	-1.4676102	1.0219283	2.0981047	16.776047	-5.576182	0.0	-0.0016594171	-3.7252903e-09	-0.0021223407	0.20907386	-0.09261103	14.972875	-8.698457	1.6880529	-0.0044277906	2.0	1.8132999	0.0018517891	1170000	1570.0623831748962
39	1.3006182	1.6202837	4.0896134	-1.4365472	16.5	22.542553	69.0	0.0	1000.0	50090.0	0.04174166666666667	0.17096452	0.5917569	2.3067563	-1.7194171	1.4731953	2.6731672	20.707886	-3.3601956	2.514571e-08	-0.0027841495	3.9115548e-08	-0.0066295685	0.14678568	-0.070561096	17.198437	-11.83628	1.6836251	-0.0049538612	3.0	1.8119037	0.0110628335	1200000	1611.5992624759674
40	2.0261745	3.1441793	9.845865	-3.0379937	22.5	22.384892	69.0	0.0	1000.0	50719.0	0.041234959349593495	0.13987766	0.61638266	2.0665317	-1.4230233	1.6761488	3.243402	32.679623	-5.4780626	1.4901161e-08	-0.010065582	2.2351742e-08	-0.01701542	0.16121626	-0.07300416	24.359657	-16.209703	1.6786712	-0.004523039	7.0	1.8103203	0.0068198266	1230000	1653.767261981964
41	1.9716616	2.4043424	6.8036857	-2.6351485	22.0	31.62014	122.0	0.0	1000.0	51364.0	0.040765079365079365	0.270697	0.5847602	2.254025	-1.3599561	1.568652	2.7014804	17.379532	-11.987215	2.7939677e-08	-0.003310808	3.3527613e-08	-0.0075554564	0.15789562	-0.0784271	36.99752	-25.79963	1.6741482	-0.00470376	2.0	1.807395	0.00840729	1260000	1695.3146042823792
42	1.7961926	2.4360983	6.342844	-2.94218	19.5	26.11832	94.0	0.0	1000.0	51967.0	0.04028449612403101	0.19110227	0.6164766	2.44269	-1.5097382	1.7443033	4.0309725	29.743534	-16.265171	-7.450581e-09	-0.003884361	-7.450581e-09	-0.013558273	0.114341654	-0.049971275	33.94272	-21.066256	1.6694444	-0.004834652	3.0	1.8067621	0.019490562	1290000	1736.8766515254974
43	1.5552839	2.2611895	5.4841514	-2.293654	12.791667	19.063444	67.0	0.0	1000.0	52295.0	0.039617424242424246	0.191628	0.5201918	1.8239831	-1.2254921	1.8012192	2.8130689	26.326021	-7.079913	9.313226e-09	-0.0067343693	7.450581e-09	-0.0139654	0.1566398	-0.081617504	18.20547	-13.069736	1.6646098	-0.005529046	7.0	1.8056829	0.0134834405	1320000	1779.0294852256775
44	1.2221402	2.3666441	6.7768292	-3.7787373	14.416667	17.752737	50.0	0.0	1000.0	52796.0	0.03910814814814815	0.1283542	0.5091475	1.8693639	-1.6622183	1.6000262	2.412249	17.514132	-5.1963053	-1.8626451e-09	-0.0025035227	3.7252903e-09	-0.008507086	0.120991066	-0.067681074	22.108315	-13.694293	1.6590807	-0.0065683126	2.0	1.8039885	0.011095551	1350000	1820.847819328308
45	1.4105209	2.1704187	5.119472	-2.3509274	4.375	10.407579	39.0	0.0	1000.0	52953.0	0.03837173913043478	0.17237777	0.52980167	2.0921159	-1.656409	1.4301952	2.459999	22.821747	-5.681613	-1.1175871e-08	-0.004923378	-1.3969839e-08	-0.011660896	0.13361034	-0.06772962	9.318349	-7.1983933	1.6525124	-0.008068919	7.0	1.8033868	0.012840813	1380000	1863.283411026001
46	1.0233408	2.36628	6.3449225	-3.5041647	20.875	45.300213	215.0	0.0	1000.0	53506.0	0.037947517730496455	0.16659638	0.49871564	1.7647116	-1.3148011	0.71447563	1.4500266	11.078562	-4.9457836	-4.0978193e-08	-0.003525036	-4.4703484e-08	-0.010147796	0.16450143	-0.09028907	34.442764	-25.430677	1.6444435	-0.007888913	5.0	1.8016126	0.01812185	1410000	1905.4199528694153
47	2.3613212	2.4444005	7.6654854	-1.7546473	21.583334	22.02634	74.0	0.0	1000.0	54049.0	0.03753402777777778	0.16920637	0.6261894	2.6630046	-1.6851306	1.9851601	3.3980896	38.5532	-5.758849	1.1175871e-08	-0.0034076546	2.2351742e-08	-0.010138562	0.2011343	-0.11941604	23.567955	-15.4303055	1.6365546	-0.007749796	2.0	1.8002586	0.017423239	1440000	1947.0607554912567
48	2.5827487	2.8402677	10.464573	-2.626563	14.416667	20.550581	72.0	0.0	1000.0	54524.0	0.03709115646258503	0.24754208	0.5972053	2.6847672	-1.2432109	1.6021507	2.959594	20.714334	-13.178977	0.0	-0.002023044	2.2351742e-08	-0.013367212	0.17497218	-0.083923206	21.618412	-13.982916	1.6288048	-0.00827539	2.0	1.7997923	0.026985446	1470000	1988.5150289535522
49	2.3955004	2.438179	7.2615347	-1.5638043	27.625	60.41165	286.0	0.0	1000.0	55316.0	0.03687733333333333	0.29813096	0.5874849	2.5026214	-1.4671009	1.3114642	2.4550796	21.69971	-9.342517	1.8626451e-08	-0.008177466	1.4901161e-08	-0.020665623	0.12990718	-0.061847158	57.54506	-46.174244	1.6205294	-0.00685215	5.0	1.7991668	0.024231244	1500000	2030.2508397102356
50	1.6592196	2.8755739	7.720071	-3.4270809	23.208334	26.004774	91.0	0.0	1000.0	56071.0	0.03664771241830066	0.22133555	0.6239099	2.3251245	-1.2886462	1.65585	3.3705983	52.071167	-12.102949	-1.4901161e-08	-0.0034551378	-3.3527613e-08	-0.00942436	0.1415835	-0.069823146	35.39334	-24.529266	1.6136773	-0.0066422224	2.0	1.7971771	0.011451816	1530000	2071.870358943939
51	2.2419958	2.6193273	8.725361	-2.7160726	22.333334	31.205856	108.0	0.0	1000.0	56666.0	0.036324358974358976	0.31681693	0.64133424	2.09878	-1.5807195	1.9059168	3.4179008	31.557426	-14.12446	0.0	-0.0040344563	0.0	-0.008609477	0.17618875	-0.095225215	27.787235	-19.542694	1.607035	-0.006342292	2.0	1.7961006	0.008685399	1560000	2109.958788871765
52	2.40423	2.1411972	7.0551243	-1.8162694	14.5	19.981241	70.0	0.0	1000.0	57069.0	0.03589245283018868	0.25500116	0.6056004	1.9320389	-1.3799642	1.881932	3.315813	26.449177	-5.3632956	-2.2351742e-08	-0.006433976	-2.7939677e-08	-0.013664173	0.12685597	-0.055196717	21.885597	-13.829308	1.6006927	-0.0067021847	6.0	1.7949984	0.012058199	1590000	2148.825918674469
53	2.4834254	3.3566756	12.283085	-3.1883526	24.5	31.33821	132.0	0.0	1000.0	57867.0	0.03572037037037037	0.24422488	0.67375296	2.015898	-1.9303081	1.7810618	2.6656718	27.675846	-6.5536346	3.7252903e-09	-0.005778931	1.8626451e-09	-0.013127001	0.14750126	-0.08389212	48.369797	-38.01783	1.5939906	-0.0064257383	2.0	1.7921095	0.012826856	1620000	2187.38117313385
54	2.418616	2.4052236	8.881536	-0.86205953	17.708334	22.301865	73.0	0.0	1000.0	58448.0	0.0354230303030303	0.2536881	0.65798855	2.059617	-1.5202026	1.7432568	2.958818	33.388134	-5.09764	3.7252903e-09	-0.0032585403	3.7252903e-09	-0.0076006586	0.14782572	-0.087772906	20.24224	-12.429823	1.5875648	-0.0066598654	3.0	1.7911257	0.008422228	1650000	2226.3270683288574
55	2.3752263	2.3480012	6.0154796	-2.070165	15.916667	22.737482	92.0	0.0	1000.0	58911.0	0.035066071428571426	0.2697028	0.6452599	2.0267503	-1.4522324	2.0046132	3.1589968	29.477734	-7.780864	-1.1175871e-08	-0.011236573	-1.8626451e-08	-0.02233198	0.118099585	-0.063314006	14.631425	-10.738186	1.580905	-0.005990386	14.0	1.7898021	0.014786675	1680000	2266.250324487686
56	3.121622	2.5761476	9.635014	-1.0859292	36.958332	41.83049	181.0	0.0	1000.0	59941.0	0.035053216374269	0.27682894	0.6431652	1.7638761	-1.2525986	1.8943988	3.473872	29.66416	-5.6399336	3.7252903e-09	-0.004495349	7.450581e-09	-0.017790278	0.14288934	-0.06730392	56.122673	-39.411896	1.5749146	-0.0048189163	2.0	1.7850201	0.02486635	1710000	2305.099672317505
57	1.5762587	3.0017436	10.331537	-3.656695	22.416666	34.113678	119.0	0.0	1000.0	60573.0	0.034812068965517244	0.15521578	0.6315562	2.0103269	-1.5435015	2.3475776	3.6603408	39.568645	-4.701407	2.9802322e-08	-0.003442593	2.9802322e-08	-0.009031081	0.13325724	-0.0689703	32.036247	-18.053085	1.5700957	-0.0046913624	2.0	1.7842809	0.008423107	1740000	2344.2462294101715
58	2.0074294	2.408053	7.029415	-2.2402709	22.541666	34.96782	122.0	0.0	1000.0	61283.0	0.03462316384180791	0.23876198	0.6159831	1.9334006	-1.5912412	2.4910057	3.3728883	29.064453	-8.614654	9.778887e-09	-0.0029778525	1.5832484e-08	-0.013206933	0.1298097	-0.075117365	35.975777	-23.23125	1.5654043	-0.0045524836	2.0	1.7833887	0.020964898	1770000	2383.4453213214874
59	1.9166037	2.6187236	8.217652	-1.7746953	18.416666	23.305788	93.0	0.0	1000.0	61758.0	0.03431	0.23128968	0.5777042	1.9255568	-1.5547605	2.6951194	4.014455	32.804996	-6.39706	-6.519258e-09	-0.0073254155	-2.142042e-08	-0.016265381	0.12260972	-0.075638786	23.09881	-17.367733	1.5608518	-0.004431963	7.0	1.7824064	0.012005912	1800000	2422.765171289444
60	1.6108532	2.617408	7.613369	-2.300772	20.541666	24.666069	84.0	0.0	1000.0	62291.0	0.03403879781420765	0.19341104	0.52089864	1.9175881	-1.1583335	1.1751919	2.3716722	22.183605	-5.75073	1.4901161e-08	-0.013564444	5.5879354e-09	-0.027328048	0.12388797	-0.07128567	24.190678	-16.96977	1.5564198	-0.0031262636	17.0	1.7794237	0.015225757	1830000	2463.402545928955
61	1.2362951	2.2162838	7.525713	-3.0367508	16.041666	28.742361	139.0	0.0	1000.0	62800.0	0.03376344086021505	0.22563998	0.52153826	2.183844	-1.5201474	1.8907839	3.5012062	27.81976	-7.357366	1.8626451e-08	-0.003846462	2.2351742e-08	-0.008051037	0.14331716	-0.09408732	37.133106	-29.545294	1.5532936	-0.0055789948	2.0	1.7709854	0.007616727	1860000	2502.5227053165436
62	1.6781721	3.4894884	11.89493	-2.6846669	12.041667	23.39957	108.0	0.0	1000.0	63203.0	0.03344074074074074	0.15022263	0.56137925	1.9688706	-1.5889802	1.873243	3.4346945	31.443584	-10.3907795	-2.0489097e-08	-0.006053904	-3.3527613e-08	-0.015404886	0.14266272	-0.086357504	23.844818	-17.522743	1.5477146	-0.006051779	8.0	1.769907	0.014758545	1890000	2542.4659576416016
63	2.2248037	2.342465	7.0057406	-2.0884793	27.208334	42.507824	185.0	0.0	1000.0	63902.0	0.033282291666666665	0.27885827	0.5755959	2.5501783	-1.3553457	1.1098138	1.9522895	22.552652	-4.857629	-9.313226e-09	-0.0125258975	-2.2351742e-08	-0.024431271	0.15250857	-0.091689155	39.492153	-29.23447	1.5416628	-0.0046453476	11.0	1.7696037	0.013483638	1920000	2582.4686756134033
64	1.6578354	2.080381	7.1198473	-2.3649583	24.25	31.406277	122.0	0.0	1000.0	64545.0	0.0331	0.20095472	0.525106	2.077766	-1.445269	2.6347744	4.1374016	38.312202	-10.570615	1.1175871e-08	-0.005275538	1.4901161e-08	-0.013199102	0.17674714	-0.1210153	35.602734	-24.288475	1.5370175	-0.0053141117	2.0	1.768554	0.013221195	1950000	2621.6333570480347
65	1.4259306	2.6601882	7.6232295	-2.674265	18.625	29.049974	90.0	0.0	1000.0	65160.0	0.03290909090909091	0.2788288	0.5864352	3.5695887	-1.5762428	1.8889625	2.8346224	20.883741	-6.5581985	1.1175871e-08	-0.0029353267	2.6077032e-08	-0.008523079	0.16259584	-0.10846938	37.602997	-28.325449	1.5317034	-0.0057008266	2.0	1.7684058	0.013377622	1980000	2661.1498329639435
66	2.2218494	3.039368	7.4657617	-1.4419172	11.083333	22.101877	106.0	0.0	1000.0	65498.0	0.032586069651741295	0.15770754	0.55858207	2.4825838	-1.5036626	1.3413577	2.7732987	36.085922	-6.181186	-7.450581e-09	-0.001937147	-1.8626451e-08	-0.0067739813	0.18803883	-0.12298766	15.276908	-9.654329	1.5260025	-0.0068621635	4.0	1.7689162	0.012717263	2010000	2700.7135751247406
67	1.6286806	2.300924	5.857562	-2.4315066	20.541666	34.692673	155.0	0.0	1000.0	66078.0	0.032391176470588236	0.22211449	0.58812064	2.0327492	-1.3727334	1.2641344	2.5484812	27.440744	-5.785992	1.4901161e-08	-0.0038509127	3.7252903e-08	-0.0070418487	0.14772353	-0.09055561	30.795582	-24.85791	1.5191404	-0.007065296	2.0	1.7697048	0.0054376144	2040000	2739.8372552394867
68	2.1741264	2.761117	9.193008	-1.4271772	23.083334	31.37796	89.0	0.0	1000.0	66676.0	0.03221062801932367	0.20158613	0.56320655	2.1199315	-1.5227342	1.2304238	2.7348456	28.110086	-7.2613688	-2.9802322e-08	-0.007544838	-2.9802322e-08	-0.018634059	0.1417283	-0.08541474	40.606453	-31.540522	1.5120751	-0.0062565804	6.0	1.7701213	0.017489394	2070000	2779.2933325767517
69	0.7051247	2.2858055	6.3684254	-4.576082	13.791667	20.348995	82.0	0.0	1000.0	67157.0	0.03197952380952381	0.14249754	0.5596585	2.256999	-1.3901006	2.3957744	4.4169626	27.264961	-9.65251	7.450581e-09	-0.004316287	2.2351742e-08	-0.00899162	0.14168057	-0.0943061	33.52497	-27.667122	1.5058185	-0.0075228214	2.0	1.7706614	0.0064224643	2100000	2818.771604537964
70	2.3421464	3.0552049	9.923623	-2.6868339	26.625	33.971573	106.0	0.0	1000.0	67866.0	0.031861971830985915	0.19190602	0.59705347	1.7868177	-1.5183713	1.496362	2.7670135	28.163788	-7.4134502	1.4901161e-08	-0.003242636	1.4901161e-08	-0.0116660455	0.15821713	-0.09709473	36.16968	-26.942173	1.4982957	-0.006567836	2.0	1.7703781	0.021165194	2130000	2858.4140074253082
71	1.6445589	2.7735732	9.221532	-2.1426306	16.041666	23.518574	81.0	0.0	1000.0	68315.0	0.031627314814814816	0.2061609	0.5537883	1.9180161	-1.3884144	1.8631032	3.4294574	25.171026	-4.144043	1.3038516e-08	-0.00011593639	2.9802322e-08	-0.0046767597	0.15407649	-0.090641454	20.018951	-13.843353	1.4917278	-0.007283449	1.0	1.7702513	0.013710193	2160000	2897.614763736725
72	1.8238025	2.9724452	9.554915	-1.700538	12.166667	25.22014	112.0	0.0	1000.0	68679.0	0.03136027397260274	0.15148558	0.51781887	2.3605115	-1.3111187	1.3018987	2.6390648	24.129122	-6.2226443	-3.7252903e-09	-0.0019741578	-3.7252903e-09	-0.008221231	0.17744836	-0.11424027	19.884748	-15.438936	1.4844444	-0.008305669	2.0	1.7705305	0.01670941	2190000	2937.154027938843
73	1.5167104	2.0039468	6.3547897	-1.5145396	11.958333	16.143831	68.0	0.0	1000.0	68993.0	0.031077927927927927	0.21324378	0.5376265	2.4487476	-1.2798625	0.740542	2.0467663	39.654472	-6.5204287	-1.8626451e-09	-0.0020108195	-3.7252903e-09	-0.003257556	0.13688618	-0.09653148	14.769205	-7.605219	1.4761387	-0.009352207	2.0	1.7710421	0.004347286	2220000	2976.501059770584
74	2.2336318	2.3304656	7.350752	-1.8607532	20.083334	57.55137	262.0	0.0	1000.0	69648.0	0.030954666666666665	0.2089979	0.4724444	1.7124006	-1.395823	0.9850008	1.8780227	21.645098	-5.534539	9.313226e-09	-0.0033037486	1.1175871e-08	-0.009168894	0.12003724	-0.07328121	60.026875	-47.02209	1.4667865	-0.009137154	2.0	1.7715775	0.01145662	2250000	3015.6923217773438
75	0.8733103	2.1688867	4.6666627	-2.4836276	17.375	36.110725	166.0	0.0	1000.0	70137.0	0.030761842105263157	0.13792802	0.48688886	1.8875344	-1.3284457	1.2879156	4.5142193	43.96851	-7.6061745	-9.313226e-09	-0.00728738	-1.8626451e-08	-0.014635512	0.11861244	-0.079870805	39.494415	-32.14764	1.4576494	-0.009064198	5.0	1.7722552	0.009668177	2280000	3055.873460292816
76	2.2741556	2.4902897	8.283734	-1.9858172	39.166668	55.433643	179.0	0.0	1000.0	71153.0	0.0308021645021645	0.2549914	0.57688475	2.3837411	-1.499204	1.7193586	3.423138	49.757233	-7.664542	1.8626451e-09	-0.0035807183	3.7252903e-09	-0.020244606	0.13958308	-0.090458006	63.351704	-43.305244	1.4485852	-0.006356716	1.0	1.7729796	0.034195833	2310000	3094.95135641098
77	3.023967	2.8039553	7.7360945	-1.9648468	42.083332	49.502457	240.0	0.0	1000.0	72245.0	0.030873931623931625	0.20066625	0.51419574	1.9730777	-1.4509262	3.0936415	4.7991214	51.983852	-5.588598	2.9802322e-08	-0.006516545	4.4703484e-08	-0.023545051	0.16438675	-0.12187016	83.649765	-64.02457	1.4422284	-0.0030739307	2.0	1.773107	0.030575559	2340000	3134.265706539154
78	3.4410057	2.6924999	9.925652	-0.7879911	30.25	38.252724	155.0	0.0	1000.0	73146.0	0.030863291139240506	0.3842192	0.5654926	2.6603734	-1.3309944	3.5467703	4.9084487	52.201992	-5.965743	0.0	-0.008744321	-2.9802322e-08	-0.032445572	0.20192248	-0.14490953	68.235504	-40.301517	1.4391545	-0.0019212961	2.0	1.7737439	0.041680787	2370000	3173.614718914032
79	3.2350643	2.296573	7.3543267	-1.3452027	28.291666	49.95538	245.0	0.0	1000.0	73954.0	0.030814166666666667	0.34629616	0.5339516	2.4655237	-1.0049922	3.3504488	3.6447518	21.58312	-10.671504	-7.450581e-09	0.0010943634	7.450581e-09	-0.0061415206	0.16502766	-0.114320986	57.2559	-35.741295	1.4372332	-0.001355648	1.0	1.7742748	0.021066828	2400000	3212.553367614746
80	1.625851	2.7617662	6.9654365	-2.3276634	9.916667	23.18929	108.0	0.0	1000.0	74377.0	0.030607818930041154	0.34318924	0.54046184	2.8968327	-1.6099977	2.5329058	3.045644	29.389332	-7.9099016	1.8626451e-08	-0.016184684	3.7252903e-08	-0.030116424	0.16193867	-0.11694075	26.843008	-17.09109	1.4358776	-1.41859055e-05	23.0	1.7745218	0.01337874	2430000	3254.370754957199
81	2.9874923	2.367809	7.155023	-1.6726805	34.75	31.613882	113.0	0.0	1000.0	75381.0	0.030642682926829267	0.17548756	0.50841063	1.9976647	-1.3441199	2.120483	3.282025	21.51171	-7.633755	-2.4214387e-08	-0.004264945	-4.0978193e-08	-0.014246235	0.15411225	-0.10987817	50.174294	-20.90239	1.4358634	-0.0014718771	1.0	1.7679639	0.019669391	2460000	3293.658315181732
82	1.8252147	1.9423107	6.0744963	-1.8281457	30.541666	36.43142	158.0	0.0	1000.0	76273.0	0.03063172690763052	0.26726806	0.45231703	2.1701434	-1.0279008	3.5309243	3.140019	21.461254	-5.4471455	2.2351742e-08	-0.00454232	4.4703484e-08	-0.00889235	0.10292815	-0.06861419	48.36878	-24.315002	1.4343915	-0.00033962727	2.0	1.7671518	0.005417333	2490000	3333.314263343811
83	2.2154999	1.9000691	5.8857846	-1.4123175	27.041666	43.09822	195.0	0.0	1000.0	77059.0	0.030578968253968254	0.25658888	0.47245666	2.3366475	-1.2623934	2.8726296	3.3596904	21.66854	-5.346278	3.9115548e-08	-0.0034143822	6.3329935e-08	-0.0053737257	0.09414853	-0.060910776	43.588005	-22.16935	1.4340519	0.00011372566	3.0	1.7657595	0.0053394795	2520000	3372.949050426483
84	4.1848564	2.9435284	10.124324	-0.4734943	13.458333	19.859882	73.0	0.0	1000.0	77501.0	0.030392549019607844	0.2760688	0.5674239	2.5058212	-1.3398479	3.0880954	4.0269065	20.334614	-7.3220177	-2.2351742e-08	-0.0032031578	-3.7252903e-08	-0.0077423374	0.2288164	-0.16768992	27.607485	-18.047941	1.4341656	-0.0018109083	2.0	1.7642946	0.010494487	2550000	3412.2659261226654
85	2.9721386	2.8677664	9.997043	-1.717443	24.5	31.089924	127.0	0.0	1000.0	78214.0	0.030315503875968992	0.3023084	0.61920375	2.7683928	-1.3302375	1.3942041	1.9842792	14.187536	-4.5759525	2.4214387e-08	-0.0027127275	4.4703484e-08	-0.006944411	0.19229363	-0.1376933	40.66922	-15.733472	1.4323547	-0.0017197132	2.0	1.7636716	0.009317117	2580000	3451.835366487503
86	3.3528526	2.9115102	9.090375	-1.4896191	35.75	38.61374	124.0	0.0	1000.0	79227.0	0.030355172413793104	0.32578355	0.6640602	2.168593	-1.2792416	2.611381	2.9525669	19.766863	-3.4839337	-1.1175871e-08	-0.0043381182	-1.8626451e-08	-0.016404085	0.20576748	-0.14508885	46.444168	-22.82819	1.430635	0.000106334686	2.0	1.7631223	0.020698056	2610000	3491.067784547806
87	2.0397127	2.7287934	9.556343	-3.1467497	34.083332	39.673584	139.0	0.0	1000.0	80094.0	0.030338636363636363	0.29562792	0.6154175	3.0224683	-1.2936006	2.76814	3.6397433	25.22339	-45.429016	-1.1175871e-08	-0.0020174575	-1.1175871e-08	-0.00855056	0.1936364	-0.13408962	41.741787	-25.729042	1.4307413	0.0013997555	1.0	1.7626914	0.010743432	2640000	3530.448920249939
88	1.9268227	1.7472168	5.704438	-1.3078412	16.958334	31.312243	124.0	0.0	1000.0	80595.0	0.030185393258426965	0.27404755	0.5531053	2.7258677	-1.2018927	2.8824396	4.0135694	33.816444	-5.5623293	-1.1175871e-08	-0.0034939284	-2.9802322e-08	-0.01178426	0.12742741	-0.09199131	35.732254	-18.422836	1.4321411	0.00015497208	2.0	1.7622838	0.016835032	2670000	3570.185669183731
89	2.0093412	2.2962587	7.5684066	-1.3153461	22.166666	31.89392	134.0	0.0	1000.0	81224.0	0.030082962962962964	0.25167862	0.5523123	2.4080865	-1.1506543	1.5186436	2.0531683	17.140318	-5.1455674	-2.2351742e-08	-0.0042064376	-4.4703484e-08	-0.007467868	0.15573241	-0.10153515	33.591656	-19.642942	1.432296	-0.00018644333	3.0	1.7619637	0.009138218	2700000	3610.1548120975494
90	2.668175	2.4474874	7.337742	-1.8010087	21.541666	24.881351	84.0	0.0	1000.0	81969.0	0.030025274725274727	0.30180612	0.5872481	2.7607222	-1.2498198	2.1531062	3.2275226	35.907158	-10.460129	-1.4901161e-08	-0.0024468852	-7.450581e-09	-0.016135419	0.13074523	-0.08653572	43.52392	-26.796307	1.4321096	-0.0008865595	1.0	1.7621492	0.026046418	2730000	3649.970652103424
91	2.2587655	2.748753	9.859733	-2.9633796	11.25	17.488686	59.0	0.0	1000.0	82410.0	0.029858695652173913	0.24519138	0.5217034	2.1574583	-1.3932325	2.4763956	3.864899	26.596397	-10.700497	1.1175871e-08	-0.0029893843	1.8626451e-08	-0.007409188	0.10639249	-0.07288136	25.80542	-14.771591	1.431223	-0.002812028	2.0	1.7624204	0.011039902	2760000	3690.3865687847137
92	2.036745	3.1441448	8.67429	-2.9847531	18.75	19.826855	65.0	0.0	1000.0	82971.0	0.029738709677419355	0.24265607	0.54407626	2.4392254	-1.2925428	1.8207474	2.7283015	27.088947	-6.918078	7.450581e-09	-0.009295634	1.4901161e-08	-0.01989279	0.13021731	-0.0972822	22.338352	-10.692535	1.428411	-0.0026490688	9.0	1.7627683	0.011907103	2790000	3730.7315325737
93	2.0945601	1.8386788	5.7838845	-1.155831	24.875	30.442997	120.0	0.0	1000.0	83706.0	0.029682978723404255	0.26602343	0.4891283	2.2921543	-1.4223785	1.9780997	2.329375	16.01049	-10.200895	1.4901161e-08	-0.0031309705	2.4214387e-08	-0.00810671	0.12657717	-0.08686899	33.79725	-13.047477	1.4257619	-0.0030349493	2.0	1.7610358	0.008907503	2820000	3770.119606256485
94	2.5936773	2.740865	8.586161	-1.6842734	27.083334	45.285133	174.0	0.0	1000.0	84460.0	0.029635087719298247	0.23722167	0.4661336	2.1182592	-1.1289531	2.640048	2.5795782	15.741741	-8.129764	0.0	-0.0032702307	2.0489097e-08	-0.012573227	0.13579364	-0.09916797	59.79931	-33.69998	1.422727	-0.0025122166	1.0	1.7601357	0.016726904	2850000	3809.8032495975494
95	2.2831252	2.605869	7.862866	-1.3857971	30.291666	41.34759	173.0	0.0	1000.0	85229.0	0.029593402777777778	0.31993824	0.46856132	2.5471697	-1.0968823	2.1646967	3.0537062	23.69291	-8.670393	1.4901161e-08	-0.0017069412	1.4901161e-08	-0.0049258186	0.17101231	-0.139074	54.404747	-36.64669	1.4202148	-0.0014128685	1.0	1.7595556	0.007979738	2880000	3849.3663687705994
96	2.2640717	2.803217	7.60949	-1.6267673	46.25	68.348526	282.0	0.0	1000.0	86560.0	0.029745704467353952	0.27018946	0.52592665	3.341663	-1.0589087	2.790664	3.7270448	46.796062	-10.819907	-1.4901161e-08	-0.0054998565	-1.4901161e-08	-0.014776325	0.14695299	-0.11491667	127.61533	-100.19427	1.4188019	0.0021111965	1.0	1.7592126	0.01626898	2910000	3888.507261991501
97	1.4966067	2.1494973	5.512911	-2.9150717	16.125	26.99894	119.0	0.0	1000.0	87045.0	0.029607142857142856	0.1852917	0.44906476	2.4589689	-1.0427353	3.569012	6.640826	51.846897	-8.315138	-6.3329935e-08	-0.007239823	-8.940697e-08	-0.020757172	0.12731785	-0.091236055	60.78225	-43.25744	1.4209131	0.00067293644	2.0	1.7592263	0.018689156	2940000	3927.7682003974915
98	2.313607	2.1442425	6.3060226	-1.3721389	20.416666	27.146082	106.0	0.0	1000.0	87848.0	0.02957845117845118	0.26736528	0.5074454	2.3790545	-1.2524337	1.7330649	2.0559342	14.317405	-10.144621	-3.7252903e-09	-0.0021422342	-3.7252903e-09	-0.004455152	0.1340237	-0.09484784	59.88317	-18.056812	1.421586	-9.381771e-05	2.0	1.7596166	0.006263928	2970000	3967.089265346527
99	2.5641794	2.3630154	7.8148284	-2.1939173	53.375	138.58084	687.0	0.0	1000.0	89398.0	0.029799333333333334	0.25146425	0.52006125	3.3741224	-1.24685	2.4601693	2.1619399	14.836637	-4.0163784	-3.7252903e-08	-0.008005276	-5.9604645e-08	-0.020406064	0.13002816	-0.08294185	242.15526	-152.13745	1.4214922	0.0044413805	2.0	1.7604485	0.0173222	3000000	4006.453629255295
100	1.1286645	2.8849058	11.442251	-2.5629814	15.541667	30.917875	132.0	0.0	1000.0	89876.0	0.02966204620462046	0.15286294	0.50220406	2.1103396	-1.4121432	3.8687022	4.6801567	36.643063	-8.453044	-2.9802322e-08	-0.0044912086	-2.9802322e-08	-0.016157228	0.12372756	-0.08386849	42.03994	-24.805277	1.4259336	0.002675891	3.0	1.7614033	0.020326465	3030000	4046.4903359413147
101	2.137964	1.6565326	6.310068	-0.30903068	29.833334	54.56622	259.0	0.0	1000.0	90776.0	0.029665359477124183	0.13080785	0.51558566	3.2753828	-1.2583567	2.1242878	2.2720819	18.133097	-7.776137	6.519258e-09	-0.001984373	3.259629e-08	-0.004854016	0.15384383	-0.107684344	52.54516	-27.154263	1.4286095	0.003125906	2.0	1.7629325	0.005816615	3060000	4085.9163615703583
102	2.5977094	2.7527514	9.112841	-1.8703818	15.0	29.760153	121.0	0.0	1000.0	91210.0	0.02951779935275081	0.26126197	0.5795409	2.2914612	-1.2328249	1.807318	2.172544	21.018305	-7.8933434	-7.450581e-09	-0.004237082	-1.1175871e-08	-0.009453541	0.17054886	-0.112447016	20.863367	-9.382042	1.4317354	0.001634717	6.0	1.7636585	0.0116050495	3090000	4125.678530216217
103	1.740315	2.202682	7.8331966	-1.3631699	18.958334	19.314241	70.0	0.0	1000.0	91852.0	0.029439743589743588	0.19347295	0.5852139	2.3202553	-1.3231401	2.1556818	3.4789822	32.682762	-7.798229	-1.4901161e-08	-0.003225505	-7.450581e-09	-0.0069770203	0.19819568	-0.14790234	35.365353	-17.254335	1.4333701	0.000104784966	2.0	1.7635019	0.0061575123	3120000	4164.89900970459
104	2.6635625	3.1201982	10.091436	-0.9086975	18.208334	20.720318	52.0	0.0	1000.0	92388.0	0.02932952380952381	0.28623292	0.58738625	2.3127685	-1.419659	1.8371065	2.7046428	26.364058	-7.786592	5.5879354e-09	-0.022228392	5.5879354e-09	-0.042844668	0.21551073	-0.16336727	17.997171	-8.701143	1.4334749	-0.00032043457	8.0	1.7632412	0.016044328	3150000	4204.639222621918
105	3.274091	2.354585	8.527101	-0.49733493	16.416666	22.814318	69.0	0.0	1000.0	92945.0	0.029227987421383647	0.30880502	0.59393334	1.8775088	-1.2459811	2.1444173	3.1857338	29.301083	-9.563905	1.1175871e-08	-0.0024148934	1.4901161e-08	-0.008719202	0.18347423	-0.13050884	29.707075	-18.83612	1.4331545	-0.0021480322	2.0	1.7635355	0.01222351	3180000	4244.168105602264
106	1.5742315	2.8208883	7.2048726	-3.2717233	6.625	12.789359	45.0	0.0	1000.0	93228.0	0.029042990654205608	0.24218656	0.58453673	2.2006211	-1.2295609	1.3907497	2.4025593	28.531765	-9.572605	3.7252903e-09	-0.006264451	-3.7252903e-09	-0.013935212	0.1432293	-0.10843553	17.68264	-9.05257	1.4310064	-0.0044163465	7.0	1.7638695	0.012951074	3210000	4284.152000904083
107	2.6613255	2.8286595	10.137735	-1.7766747	26.333334	23.612614	72.0	0.0	1000.0	93973.0	0.029004012345679012	0.23802124	0.5926366	2.3855116	-1.1287943	1.2423524	1.8917902	25.444393	-7.149788	4.0978193e-08	-0.0031531928	5.9604645e-08	-0.007588058	0.17926723	-0.1337434	31.010618	-12.871604	1.4265901	-0.004260063	2.0	1.7642705	0.006818669	3240000	4323.357342720032
108	2.5597723	3.8617952	12.048253	-2.6292307	27.166666	40.263367	180.0	0.0	1000.0	94730.0	0.028969418960244648	0.24605666	0.59706837	2.1589315	-1.5500625	2.2661183	2.686482	28.124306	-5.6042776	7.450581e-09	-0.0060741478	2.6077032e-08	-0.014322743	0.22362608	-0.17058352	39.397385	-17.988174	1.42233	-0.0032682419	4.0	1.7638758	0.010406963	3270000	4362.941785097122
109	2.1957104	2.8657398	7.999907	-2.0987968	21.416666	39.45558	194.0	0.0	1000.0	95538.0	0.02895090909090909	0.26570147	0.6342859	2.6285768	-1.3218381	2.8879046	4.376485	36.609074	-5.559168	7.450581e-09	-0.0030861786	1.8626451e-08	-0.0079265535	0.17317328	-0.12550858	57.87582	-28.396875	1.4190618	-0.003688097	2.0	1.7624786	0.010028213	3300000	4402.261253118515
110	2.90569	3.3350275	9.542865	-1.6296629	11.375	14.710576	41.0	0.0	1000.0	95928.0	0.028807207207207208	0.29545507	0.6127024	2.410469	-1.4920734	2.4727077	3.107542	33.936058	-6.37308	1.1175871e-08	-0.0056338306	2.9802322e-08	-0.014464624	0.15793958	-0.11762206	16.622902	-9.125578	1.4153737	-0.0048451424	9.0	1.7616011	0.014825224	3330000	4443.147983789444
111	1.764407	2.1669316	6.1826544	-1.9141968	9.458333	15.958224	69.0	0.0	1000.0	96419.0	0.028696130952380952	0.28438535	0.5964084	2.3319373	-1.2390677	1.1074907	1.2530127	16.182592	-17.113523	-3.7252903e-09	-0.0030608096	0.0	-0.0064911232	0.17226562	-0.13072054	41.254143	-14.368484	1.4105285	-0.007553935	2.0	1.7580729	0.007943381	3360000	4482.445296287537
112	1.6719288	2.4883246	6.2286696	-1.5108328	23.666666	29.716251	107.0	0.0	1000.0	97076.0	0.02863598820058997	0.15555686	0.5889849	2.0466757	-1.4692256	1.5837315	2.4235075	16.39162	-4.930026	-7.450581e-09	-0.0016418882	-7.450581e-09	-0.0070645115	0.14439791	-0.10190019	27.036049	-12.917763	1.4029746	-0.007042408	2.0	1.7571144	0.011509428	3390000	4521.994948863983
113	2.2495277	3.1172295	11.5798645	-2.1320755	20.708334	22.329874	94.0	0.0	1000.0	97585.0	0.02853362573099415	0.20209287	0.5274542	2.0714939	-1.2228366	2.061835	2.7306373	19.7925	-5.0443788	2.0489097e-08	-0.004787282	2.4214387e-08	-0.012158753	0.15714185	-0.123442955	20.302547	-11.273146	1.3959322	-0.0069754124	3.0	1.7562594	0.0149292955	3420000	4561.809859037399
114	2.0876615	2.7776785	7.7463675	-2.9707735	20.041666	28.374695	102.0	0.0	1000.0	98240.0	0.02847536231884058	0.24044281	0.5742362	2.9946325	-1.442575	1.4841603	2.0820303	22.151934	-9.089242	3.7252903e-09	-0.014086431	0.0	-0.029547667	0.13894555	-0.10157499	34.977585	-15.498306	1.3889568	-0.005110979	15.0	1.7555301	0.014269585	3450000	4602.631526231766
115	3.2336786	2.883405	9.924902	-1.2639569	10.125	15.3550005	54.0	0.0	1000.0	98661.0	0.02835086206896552	0.26811928	0.5457285	2.270992	-1.2346014	2.0942092	3.0181746	20.177784	-6.4192715	7.450581e-09	-0.0016057228	2.2351742e-08	-0.0031972015	0.18943357	-0.14787346	27.829636	-16.599865	1.3838458	-0.008581042	2.0	1.7520272	0.003938864	3480000	4642.648000717163
116	1.1480665	2.467613	7.654027	-2.2120674	15.833333	18.42251	64.0	0.0	1000.0	99315.0	0.028294871794871796	0.21459213	0.5751847	2.7965147	-1.2807139	1.5817099	2.3343735	18.188583	-8.494541	2.2351742e-08	-0.0023822025	2.6077032e-08	-0.007310725	0.16852966	-0.12935384	31.050217	-14.068019	1.3752648	-0.009475946	1.0	1.751023	0.01015915	3510000	4682.466933250427
117	2.3763978	2.1903105	7.6040835	-2.5277607	23.125	35.878628	140.0	0.0	1000.0	99924.0	0.028227118644067798	0.22785078	0.5174836	2.590174	-1.346587	2.3330839	2.609222	27.586016	-6.4480953	-7.450581e-09	-0.0025022007	-3.7252903e-09	-0.011235251	0.16534482	-0.12857494	35.611855	-21.036968	1.3657888	-0.008700609	2.0	1.7504082	0.01706142	3540000	4722.115043640137
118	3.6391973	2.8275847	10.27569	-1.6557289	20.041666	45.59466	215.0	0.0	1000.0	100706.0	0.028208963585434173	0.35029244	0.5836816	2.6650875	-1.6073585	2.7392876	4.2835565	37.23933	-9.171083	-2.9802322e-08	-0.0048982585	-3.7252903e-08	-0.01017237	0.20294702	-0.16102192	77.26927	-66.97809	1.3570882	-0.008682966	2.0	1.7497001	0.009078184	3570000	4761.479465246201
119	2.2807765	2.6841831	9.453401	-2.0985453	29.666666	44.801105	143.0	0.0	1000.0	101433.0	0.028175833333333334	0.31085318	0.585007	2.3788235	-1.2913909	1.6260557	3.4924073	46.197956	-16.526058	-9.313226e-09	-0.0039752247	-2.2351742e-08	-0.009980604	0.17559963	-0.121864654	57.458855	-35.90573	1.3484052	-0.007154584	1.0	1.749315	0.010463288	3600000	4800.996852636337
120	2.8704984	2.78658	11.497176	-1.3818496	21.625	26.962648	102.0	0.0	1000.0	102030.0	0.028107438016528926	0.246798	0.6151216	2.2258441	-1.3245497	2.7976937	5.193081	45.539436	-8.359457	1.0244548e-08	-0.0031412032	1.3038516e-08	-0.015874527	0.19801496	-0.13351512	30.472872	-20.602453	1.3412507	-0.0068832636	2.0	1.7492496	0.021315202	3630000	4840.723826885223
121	1.863235	3.2609417	10.63899	-2.4359992	9.875	15.987788	56.0	0.0	1000.0	102395.0	0.02797677595628415	0.30552775	0.61016196	2.6165512	-1.6910068	1.5119131	2.2336442	22.148708	-4.5105577	-1.1175871e-08	-0.002376284	-1.3038516e-08	-0.005311269	0.18216422	-0.12757722	14.115525	-5.6042624	1.3343674	-0.008536458	4.0	1.7491636	0.005476611	3660000	4880.169959068298
122	1.477067	2.5629358	6.6172915	-2.5726101	12.083333	19.317343	72.0	0.0	1000.0	102895.0	0.027884823848238482	0.17791912	0.6322715	2.2657063	-1.9934262	1.338464	1.8253995	14.867417	-5.897254	-2.7939677e-08	-0.0062618214	-2.9802322e-08	-0.013588724	0.23916754	-0.17262359	31.669685	-17.13062	1.3258309	-0.009568334	7.0	1.7496827	0.011646444	3690000	4919.967943191528
123	1.6206652	2.5823016	10.426177	-1.8410943	10.5	18.450384	89.0	0.0	1000.0	103188.0	0.027738709677419354	0.22191676	0.6529238	2.5610006	-1.4503839	0.95918566	2.0256429	22.513397	-7.9020896	6.9849193e-09	-0.0013489735	1.4901161e-08	-0.0019732858	0.17783883	-0.12566188	10.217189	-6.3941793	1.3162626	-0.011435747	2.0	1.7501677	0.00094967755	3720000	4959.202204704285
124	1.413843	2.1723669	6.1551504	-1.8634183	11.5	18.366636	82.0	0.0	1000.0	103485.0	0.027596	0.22683828	0.6729872	2.436244	-1.4436693	0.96639276	1.8485597	23.262733	-8.844376	-3.7252903e-09	-0.0010188996	0.0	-0.002670948	0.23358065	-0.17103595	14.063902	-5.833911	1.3048269	-0.012619734	1.0	1.7498777	0.007303478	3750000	4998.277701377869
125	1.6422777	3.0970633	8.801007	-2.9613917	15.5	20.934422	70.0	0.0	1000.0	103926.0	0.027493650793650792	0.13400833	0.64266187	2.4386454	-2.0528908	0.8914745	1.4409786	22.601936	-4.205527	1.8626451e-08	-0.0007730825	2.2351742e-08	-0.0013647694	0.2412463	-0.168295	15.406459	-8.245993	1.2922071	-0.012933731	1.0	1.7496736	0.0018973857	3780000	5037.9824204444885
126	1.1781029	2.3667028	5.9876065	-4.504605	14.5	27.909079	97.0	0.0	1000.0	104410.0	0.027404199475065616	0.13545428	0.6838003	2.5139532	-1.8216357	1.0464017	2.0494359	24.334164	-5.7663336	9.313226e-09	-0.0017939833	1.1175871e-08	-0.004379024	0.18337628	-0.13584724	20.709776	-12.637543	1.2792734	-0.013206959	3.0	1.7493855	0.0063329465	3810000	5077.489865779877
127	2.1447515	2.9662738	9.929923	-1.7434229	9.041667	12.859753	40.0	0.0	1000.0	104867.0	0.027309114583333332	0.20173019	0.5703199	2.049072	-1.3786883	1.3618096	2.944021	36.219387	-6.6969943	0.0	-0.0012827637	3.7252903e-09	-0.001853456	0.19833362	-0.14716509	25.112486	-18.24857	1.2660664	-0.014619708	1.0	1.748784	0.0049745683	3840000	5116.710839748383
128	1.9791985	2.7946298	6.3206806	-2.1716733	13.583333	23.478565	92.0	0.0	1000.0	105251.0	0.027196640826873383	0.23889501	0.5741599	2.3690653	-1.6855952	0.82735014	1.7012569	30.29779	-9.767915	-8.381903e-09	-0.0015960883	-1.1175871e-08	-0.0020429026	0.20442307	-0.1488237	14.167517	-9.006489	1.2514467	-0.014972448	1.0	1.7485019	0.0033485387	3870000	5155.976876735687
129	2.1852856	2.5665762	8.195515	-1.8470778	16.5	20.293678	70.0	0.0	1000.0	105741.0	0.027113076923076924	0.1303638	0.58184373	2.0441566	-1.475579	1.3493227	3.0602546	26.481104	-8.018884	-1.8626451e-09	-0.001272327	1.8626451e-09	-0.0065558255	0.22142282	-0.16683972	19.446186	-13.014867	1.2364743	-0.014775991	1.0	1.7481458	0.011971647	3900000	5195.008706569672
130	1.3587704	2.6562772	8.478241	-2.7872376	3.5	7.905694	24.0	0.0	1000.0	105872.0	0.026939440203562343	0.24247074	0.6005631	2.5781019	-1.4975069	1.1146945	2.1538825	18.327826	-7.937491	-7.450581e-09	-0.0007998003	1.8626451e-09	-0.0011512376	0.19593747	-0.15031132	6.0681562	-4.337901	1.2216983	-0.016718388	1.0	1.74768	0.0019926508	3930000	5235.370618104935
131	1.8348147	2.652755	6.3569546	-2.9942834	16.25	25.648668	119.0	0.0	1000.0	106276.0	0.026837373737373736	0.21145369	0.56970155	2.4674263	-1.4658694	0.5324622	1.1979451	18.571398	-8.932586	-1.5832484e-08	-0.0015105936	-2.4214387e-08	-0.0029598586	0.23792832	-0.1815904	18.831272	-9.287214	1.2049799	-0.016423702	1.0	1.7472627	0.0025591797	3960000	5274.713519334793
132	2.5066092	2.9903169	12.221384	-1.6480061	7.5	17.628103	85.0	0.0	1000.0	106550.0	0.026704260651629074	0.2600693	0.5610648	3.050876	-1.4765865	0.9208963	1.4746907	15.782803	-9.289038	7.450581e-09	-0.0012161606	1.4901161e-08	-0.0010523824	0.20309883	-0.14479086	15.687758	-5.987618	1.1885562	-0.017535925	1.0	1.7468466	0.002431232	3990000	5313.9805517196655
133	2.1918755	2.6407537	6.5228224	-3.087161	14.333333	32.78296	142.0	0.0	1000.0	107047.0	0.02662860696517413	0.30441114	0.56789047	2.5265024	-1.3287673	0.84685594	1.4375287	17.446428	-6.6742706	-3.7252903e-09	-0.0016120295	-1.1175871e-08	-0.0022818125	0.16697913	-0.120963	36.465866	-25.6209	1.1710203	-0.017426252	1.0	1.7464339	0.0021706894	4020000	5353.758549928665
134	2.6031122	3.442258	13.937283	-1.9612525	8.75	19.998438	70.0	0.0	1000.0	107278.0	0.026488395061728395	0.23740774	0.5277928	2.1286063	-1.4387609	1.3137065	2.6737397	44.824165	-9.931741	-1.8626451e-09	-0.0041254777	-1.1175871e-08	-0.008288069	0.21245497	-0.1452558	17.427351	-11.47	1.153594	-0.01800251	3.0	1.7461967	0.0060338965	4050000	5393.19100356102
135	2.3284373	2.8275616	9.3367605	-1.6671838	23.791666	55.76063	260.0	0.0	1000.0	107902.0	0.02644656862745098	0.31700546	0.6160729	3.0036018	-2.0433908	0.7333595	1.4250433	19.21849	-8.553908	1.4901161e-08	-0.0062973304	0.0	-0.01520339	0.18621078	-0.13838288	60.948048	-45.371723	1.1355915	-0.015809178	7.0	1.7456837	0.010814026	4080000	5433.65324473381
136	2.5722997	3.0742066	9.151793	-2.192439	4.7083335	9.066786	36.0	0.0	1000.0	108150.0	0.026313868613138686	0.20366122	0.5924547	3.1976023	-1.3268682	1.3644203	3.5643444	36.242435	-11.475132	1.8626451e-08	-0.0095356535	1.4901161e-08	-0.02332928	0.18478435	-0.14199609	17.032734	-12.325115	1.1197823	-0.015924811	16.0	1.7437651	0.013767708	4110000	5474.263298988342
137	1.9416519	2.3556404	6.1339536	-2.162782	9.166667	18.268066	66.0	0.0	1000.0	108492.0	0.026205797101449275	0.23661707	0.5452416	2.1990683	-1.4478354	0.65013564	1.6680229	23.4166	-6.166195	-7.450581e-09	-0.012579296	-1.8626451e-08	-0.026541319	0.16001253	-0.117083475	19.56231	-12.850423	1.1038575	-0.014338374	26.0	1.7384508	0.013542922	4140000	5515.885803937912
138	2.0627816	2.9889128	9.840266	-2.831384	12.375	14.859936	52.0	0.0	1000.0	108901.0	0.026115347721822543	0.17856614	0.5975247	2.8458405	-1.304697	1.1657408	2.4589324	24.456459	-7.6336994	1.1175871e-08	-0.013549176	1.4901161e-08	-0.031017931	0.205088	-0.14906682	18.231213	-10.987515	1.0895191	-0.013654232	24.0	1.7289431	0.013827188	4170000	5557.514074802399
139	2.1040728	2.2669396	7.8510356	-1.7964073	21.458334	38.430653	181.0	0.0	1000.0	109454.0	0.02606047619047619	0.26664257	0.6181129	2.7937007	-1.3408575	1.2425265	2.0515258	21.498276	-6.216375	-1.8626451e-09	-0.008392292	-1.4901161e-08	-0.021632817	0.21531025	-0.16333851	33.107086	-18.776365	1.0758649	-0.015282631	8.0	1.7210898	0.013484381	4200000	5597.499753475189
140	1.7567687	2.7094946	6.8605647	-1.9941975	12.708333	18.27676	61.0	0.0	1000.0	109769.0	0.025950118203309693	0.21648972	0.5558233	2.365242	-1.377925	2.1395135	3.4600928	23.516533	-11.6594	2.7939677e-09	-0.0032296744	0.0	-0.009346371	0.18735373	-0.14006965	19.817387	-13.315116	1.0605823	-0.01620102	6.0	1.7170897	0.011163088	4230000	5637.498543262482
141	2.0965734	2.1634338	8.091425	-1.8659583	7.625	10.89653	33.0	0.0	1000.0	110001.0	0.025821830985915492	0.24399382	0.59437984	2.926499	-1.3979578	1.0950619	1.8392249	24.16478	-9.455269	1.8626451e-09	-0.00019956433	7.450581e-09	-0.0007277286	0.15816677	-0.1135944	6.956231	-3.3770876	1.0443813	-0.017977	1.0	1.714225	0.0019246533	4260000	5676.73046875
142	2.7172801	2.5088573	9.68466	-0.9802361	22.333334	41.96692	172.0	0.0	1000.0	110627.0	0.025787179487179488	0.19432035	0.55385816	2.4131866	-1.9575137	0.8937133	1.6305395	17.64281	-8.637812	-5.5879354e-09	-0.0015855522	-3.1664968e-08	-0.002783101	0.17544729	-0.12611818	36.81732	-28.082668	1.0264043	-0.016475916	1.0	1.7136593	0.004291827	4290000	5715.944264411926
143	2.6609275	2.6689773	7.7919497	-0.9812911	30.541666	36.906387	125.0	0.0	1000.0	111364.0	0.025778703703703703	0.2931905	0.5695301	2.864597	-1.2388852	1.7966856	3.4666774	32.105106	-10.432248	-7.450581e-09	0.0007894011	-1.8626451e-08	-0.009772621	0.16066542	-0.11933544	50.15752	-36.472042	1.0099283	-0.013826132	1.0	1.7131852	0.018864753	4320000	5754.929965019226
144	3.746198	2.6412578	8.915069	-0.4730527	13.375	14.741699	48.0	0.0	1000.0	111983.0	0.0257432183908046	0.29244778	0.61614794	2.2711177	-1.4309065	3.1959925	4.878217	36.181335	-4.5072603	-1.1175871e-08	-0.0018907769	-4.5634806e-08	-0.0038414507	0.21139756	-0.15108795	50.81375	-39.87823	0.9961022	-0.014096022	1.0	1.7128677	0.002999733	4350000	5794.101197957993
145	4.061859	2.0981386	9.250806	1.760718	24.791666	20.80861	67.0	0.0	1000.0	112687.0	0.025727625570776257	0.47279274	0.6603301	2.7625494	-1.4679352	1.9000722	3.1436772	49.05664	-10.957955	3.7252903e-09	-0.0010700986	3.7252903e-09	-0.0025864702	0.22366768	-0.16475165	24.033676	-13.294971	0.9820062	-0.012667477	1.0	1.7126353	0.0032058517	4380000	5833.617635726929
