Epoch	AverageEpRet	StdEpRet	MaxEpRet	MinEpRet	AverageEpCost	StdEpCost	MaxEpCost	MinEpCost	EpLen	CumulativeCost	CostRate	AverageVVals	StdVVals	MaxVVals	MinVVals	AverageCostVVals	StdCostVVals	MaxCostVVals	MinCostVVals	LossPi	DeltaLossPi	SurrCost	DeltaSurrCost	LossV	DeltaLossV	LossVC	DeltaLossVC	Penalty	DeltaPenalty	StopIter	Entropy	KL	TotalEnvInteracts	Time
0	0.96008974	2.5280225	8.26455	-1.358737	92.791664	70.515945	276.0	0.0	1000.0	2751.0	0.0917	0.6049227	0.5373384	2.065465	-1.2351602	-0.44286725	0.12046096	0.115281455	-0.7775146	0.0	0.0229763	1.4901161e-08	-0.015607527	0.8111155	-0.68489885	153.41133	-98.17504	0.99999994	0.03203696	1.0	1.837877	0.08185062	30000	29.46530032157898
1	0.5611517	2.3884463	6.3970914	-2.2316823	86.833336	56.92734	176.0	0.0	1000.0	5099.0	0.08498333333333333	0.19374262	0.43144155	1.430515	-0.9563724	7.3353457	3.9345462	16.056492	-2.7718763	-1.3038516e-08	0.031069115	-7.450581e-09	-0.03329836	0.13658082	-0.022573415	44.724327	-12.403532	1.0320369	0.03261125	1.0	1.8381249	0.16247275	60000	57.33266258239746
2	0.28360793	3.6938262	12.235882	-4.5166287	53.791668	38.421978	125.0	0.0	1000.0	6879.0	0.07643333333333334	0.16928415	0.38792667	1.5086542	-0.9758914	5.9435787	6.053157	21.149538	-3.798753	1.1175871e-08	-0.010976084	1.8626451e-09	-0.03089856	0.30946857	-0.1147546	22.382565	-5.7762585	1.0646482	0.03254378	22.0	1.8389009	0.015142892	90000	87.4498221874237
3	-0.901941	2.139117	3.8861065	-3.976229	23.791666	29.130426	102.0	0.0	1000.0	7694.0	0.06411666666666667	0.121331654	0.5264513	2.2976506	-1.5992607	3.9294183	4.9761634	22.793112	-1.811977	-5.5879354e-09	-0.010889194	3.7252903e-09	-0.026117649	0.3078937	-0.059625946	16.845438	-5.181071	1.0971919	0.027238607	22.0	1.8404027	0.012391539	120000	117.33118319511414
4	-1.2362884	1.9517194	2.038643	-4.223075	23.958334	24.680422	76.0	0.0	1000.0	8384.0	0.05589333333333334	-0.062891945	0.6227169	1.6395117	-2.524521	2.0586553	3.274144	21.132877	-1.1646378	-8.381903e-09	-0.012101807	1.8626451e-09	-0.025850318	0.29875463	-0.060901664	8.567829	-1.6606208	1.1244305	0.025169015	48.0	1.8418344	0.012465069	150000	150.19133520126343
5	0.3423096	3.4352357	8.021735	-5.944057	24.958334	24.118593	82.0	0.0	1000.0	9075.0	0.050416666666666665	0.04424315	0.6365213	1.8151531	-2.1920688	2.5944114	3.4380634	22.174221	-1.5784965	1.8626451e-08	-0.008029165	1.1175871e-08	-0.020403996	0.28886524	-0.056265026	12.183614	-3.303349	1.1495996	0.020465255	18.0	1.833133	0.012696792	180000	180.4278838634491
6	-0.39196494	2.5159645	4.860428	-4.699427	15.083333	12.479706	43.0	0.0	1000.0	9495.0	0.045214285714285714	0.09129518	0.64281994	1.887149	-2.2340221	1.980642	3.014432	22.178978	-0.89291614	-1.8626451e-09	0.003110201	7.450581e-09	-0.007969419	0.31795302	-0.10112459	7.5406904	-2.5540109	1.1700648	0.014852285	3.0	1.829716	0.020088239	210000	209.19744610786438
7	-1.6572682	2.637944	5.0103354	-5.796373	6.0	10.291582	45.0	0.0	1000.0	9639.0	0.0401625	0.025738046	0.65373224	1.8887783	-2.222001	0.7482163	1.5626779	22.10775	-1.0375495	0.0	-0.00028253917	7.450581e-09	-0.0008564233	0.35666305	-0.09938763	2.3311574	-0.7547645	1.1849171	0.00944829	1.0	1.8287399	0.0031496184	240000	237.8577516078949
8	-1.5598289	2.4429786	2.6918259	-5.947601	4.2916665	7.1675143	22.0	0.0	1000.0	9762.0	0.03615555555555556	-0.017733993	0.69092834	1.5225511	-2.1672015	0.4571053	0.99381715	18.73653	-0.68862295	-9.313226e-09	-0.0010491606	0.0	4.247669e-05	0.3131824	-0.043288957	2.1159015	-0.5840956	1.1943654	0.00476563	1.0	1.8285391	0.0065176105	270000	266.3171396255493
9	0.67273927	2.1189487	5.7244844	-3.698955	15.125	16.699083	60.0	0.0	1000.0	10173.0	0.03391	-0.08069042	0.74138576	1.6653421	-2.245395	0.9238893	2.0508425	20.085428	-1.1670309	-1.4901161e-08	-0.0023517248	-1.1175871e-08	-0.0010229286	0.2847781	-0.07867901	6.3728504	-1.7205	1.199131	0.0027753115	3.0	1.8284329	0.004649857	300000	295.3569664955139
10	0.4134066	2.2867904	4.8898706	-3.1990004	14.708333	15.358166	55.0	0.0	1000.0	10550.0	0.03196969696969697	0.076079905	0.8106843	2.014813	-2.2658362	1.2446097	2.034342	21.495434	-0.47271731	-1.8626451e-09	-0.010111021	-3.7252903e-09	-0.02006172	0.19080804	-0.043279864	6.5187106	-1.0749617	1.2019063	0.002494216	32.0	1.8284674	0.012373069	330000	326.95500469207764
11	0.073862076	2.5718436	6.103708	-3.4476292	11.916667	16.891607	54.0	0.0	1000.0	10913.0	0.03031388888888889	0.06718585	0.7058735	1.9264913	-1.8090959	1.2105693	2.0286174	23.845959	-0.39382273	3.7252903e-09	-0.009654233	1.3969839e-08	-0.020139787	0.2067982	-0.04814159	5.809443	-1.5853388	1.2044005	0.0010461807	32.0	1.8178098	0.012420604	360000	358.3091585636139
12	3.1464863	2.725584	9.140464	-2.8797302	11.666667	12.934665	36.0	0.0	1000.0	11281.0	0.028925641025641026	0.18874656	0.65837604	1.453485	-1.8109775	1.4725839	1.9335071	19.345005	-0.8138887	0.0	-6.803917e-05	-1.8626451e-09	-0.0021313867	0.30419803	-0.080770046	6.576616	-1.5108085	1.2054467	-0.0034259558	2.0	1.8106973	0.0018927526	390000	386.8671486377716
13	1.4800954	4.1397166	13.795859	-3.0998154	8.75	11.71982	36.0	0.0	1000.0	11551.0	0.027502380952380952	0.262338	0.7091434	1.7763518	-1.9924519	0.95431703	1.8746351	21.737362	-0.70018697	4.656613e-09	-0.0011507663	1.1175871e-08	-0.0012769797	0.22358146	-0.04453653	3.465978	-1.107343	1.2020208	-0.0058130026	1.0	1.8102	0.0055258884	420000	415.25554633140564
14	1.5578202	3.2909076	8.494285	-2.9934466	6.4166665	10.371904	33.0	0.0	1000.0	11786.0	0.02619111111111111	0.22906797	0.7149869	1.9565574	-1.754626	1.0195462	1.857011	18.46708	-0.4025727	-4.656613e-09	-0.001215896	-1.8626451e-09	-0.0012221666	0.20931	-0.049888622	3.7250524	-1.3376032	1.1962078	-0.008133531	1.0	1.8098248	0.0027711806	450000	443.5443546772003
15	2.9093606	3.4794147	11.904909	-2.1926153	10.708333	15.656414	54.0	0.0	1000.0	12119.0	0.025247916666666665	0.23757362	0.7034095	1.6754534	-1.9600306	0.8072026	1.8304856	19.387983	-0.2661891	-8.381903e-09	-0.0011548925	-9.313226e-09	-0.0014949436	0.23856111	-0.06531087	6.909356	-2.1279473	1.1880742	-0.009535909	1.0	1.8093963	0.003309742	480000	472.0252056121826
16	3.0498762	2.295606	7.589048	-0.62330717	13.083333	12.861172	41.0	0.0	1000.0	12513.0	0.024535294117647058	0.3820635	0.7618216	1.8890039	-1.9444261	1.1694956	1.9160261	20.89684	-0.5742572	-6.1118044e-09	-0.00086274557	-1.4901161e-08	-0.00597376	0.2305452	-0.062345136	7.0522656	-2.7417889	1.1785383	-0.010428548	1.0	1.8089571	0.017099055	510000	500.013295173645
17	4.0426307	3.3894787	10.896257	-2.5997539	5.25	11.723374	51.0	0.0	1000.0	12729.0	0.023572222222222224	0.2925069	0.7484732	2.0750964	-1.8914218	1.1706951	1.6970342	22.46965	-0.2916576	0.0	-0.009924673	-5.5879354e-09	-0.017727945	0.19216365	-0.07329987	4.9538183	-1.2059155	1.1681098	-0.0063955784	76.0	1.808646	0.012285404	540000	535.0371375083923
18	5.6566377	3.957111	11.953255	-3.5126708	11.0	13.175102	52.0	0.0	1000.0	13068.0	0.022926315789473684	0.49516642	0.69215107	2.0959523	-1.4432353	0.73095757	1.5321031	20.71845	-0.6028658	-3.7252903e-09	-0.00024297161	1.3038516e-08	-0.00093860505	0.20861834	-0.04754278	6.5052147	-1.7307177	1.1617142	-0.013052821	2.0	1.8099996	0.0011989257	570000	562.9936258792877
19	4.268669	3.9829774	11.75059	-2.190362	9.708333	12.953375	47.0	0.0	1000.0	13389.0	0.022315	0.4748256	0.75446814	1.9696511	-1.5400897	1.1174282	1.989924	20.536854	-0.60490865	-6.519258e-09	-0.0005967115	-9.313226e-10	0.00013251416	0.20013995	-0.053156935	6.682592	-1.4957104	1.1486614	-0.014186621	1.0	1.8099434	0.00068102346	600000	591.3972630500793
20	4.1372414	2.9235847	9.664162	-2.366094	10.083333	9.729323	30.0	0.0	1000.0	13755.0	0.021833333333333333	0.51847655	0.72284335	2.2595522	-1.5108337	1.1368711	2.1658425	22.02928	-0.49394235	3.7252903e-09	-0.0008137844	-5.5879354e-09	-0.0014209484	0.18930875	-0.05644077	5.7036285	-1.1079195	1.1344748	-0.015009761	1.0	1.8096948	0.0027695717	630000	619.6588912010193
21	3.6703656	2.975657	10.923549	-1.6969895	12.333333	13.529802	45.0	0.0	1000.0	14101.0	0.021365151515151514	0.4494711	0.6984405	2.0280373	-1.6585603	1.1608303	1.8775228	19.248857	-0.80803967	3.7252903e-09	-0.0010517056	1.0244548e-08	-0.0010653334	0.2077877	-0.05397577	6.2346096	-1.6627693	1.119465	-0.015428662	1.0	1.8093147	0.0047505004	660000	647.9218747615814
22	4.931016	3.1757715	12.776721	-2.6000402	9.041667	11.709964	33.0	0.0	1000.0	14339.0	0.020781159420289855	0.4904811	0.7512017	2.303821	-1.624517	1.2436018	1.8343922	21.248684	-0.5578915	9.778887e-09	-0.0008945719	1.1175871e-08	-0.0013910334	0.21368675	-0.06088251	5.001423	-1.4637737	1.1040363	-0.016244054	1.0	1.8088013	0.0019682564	690000	676.2193171977997
23	6.162864	3.3949	14.539626	1.5310123	7.5416665	11.018844	43.0	0.0	1000.0	14542.0	0.02019722222222222	0.57460093	0.70857215	2.0060933	-1.3912622	0.7830684	0.91711915	15.24039	-0.27437103	8.381903e-09	-0.0004079016	1.1175871e-08	-0.00061239477	0.21668662	-0.060544927	3.9310212	-0.86344355	1.0877923	-0.017145038	1.0	1.8082291	0.00050508085	720000	704.4214553833008
24	6.0228257	3.3076932	13.187907	-0.4356049	7.7083335	11.945987	46.0	0.0	1000.0	14767.0	0.019689333333333333	0.6387803	0.7325242	2.3421526	-1.4848325	0.6594889	1.4076686	19.997528	-0.34264514	3.7252903e-09	-0.0006116199	1.8626451e-09	-0.00032091397	0.19016929	-0.047956157	4.0009375	-1.1066772	1.0706472	-0.017901301	1.0	1.8076655	0.0012144252	750000	732.4725172519684
25	6.0142913	4.1208577	13.864045	-1.1978827	9.791667	13.714284	59.0	0.0	1000.0	15059.0	0.019306410256410257	0.6739113	0.7299288	2.315809	-1.3927009	0.80556965	1.4819422	19.572237	-0.58576405	0.0	-0.00072949036	5.5879354e-09	-0.0013075344	0.1826697	-0.03578405	6.5926466	-1.8972358	1.0527459	-0.018281817	1.0	1.8071396	0.0038420986	780000	760.7526414394379
26	5.995857	2.9070117	11.363819	-1.2567729	14.541667	19.905987	77.0	0.0	1000.0	15498.0	0.019133333333333332	0.6704435	0.70565593	2.1494553	-1.530662	1.2065792	2.4426742	21.75521	-0.3108967	1.0244548e-08	-0.00073451584	2.3283064e-08	-0.002419571	0.20881745	-0.046875395	7.231828	-2.467132	1.0344641	-0.017988324	1.0	1.8067559	0.003462514	810000	789.3707456588745
27	5.8381534	3.17481	12.515166	-0.48663205	9.208333	11.049054	38.0	0.0	1000.0	15817.0	0.018829761904761905	0.6274386	0.7076584	2.2163663	-1.297022	1.1493689	2.064257	20.908089	-0.49217013	-2.0954758e-09	-0.010377462	3.7252903e-09	-0.022648048	0.17863998	-0.04211832	6.159991	-1.7452475	1.0164758	-0.015186667	35.0	1.8063483	0.012818141	840000	821.4112660884857
28	5.6398616	3.2360191	11.509038	-0.78242725	9.875	11.5769615	41.0	0.0	1000.0	16200.0	0.018620689655172412	0.6922141	0.6995165	1.9818578	-1.5853313	1.0299531	1.9693387	19.93407	-0.7585302	-3.7252903e-09	-0.010368254	-3.7252903e-09	-0.023985967	0.19462676	-0.047195215	7.22646	-1.6765213	1.0012891	-0.014242828	36.0	1.7917968	0.012394875	870000	854.1642112731934
29	6.614942	2.8600535	11.082628	-0.709042	8.375	13.671176	52.0	0.0	1000.0	16468.0	0.018297777777777777	0.6839953	0.66671383	2.1022882	-1.5448304	1.098074	1.5927405	19.45539	-1.3634863	-9.778887e-09	0.0014153302	-1.4901161e-08	-0.0009229081	0.22186747	-0.06777102	5.520116	-1.7664125	0.9870463	-0.018814683	2.0	1.7855934	0.0052019414	900000	883.3951082229614
30	6.1412683	3.6141443	16.548481	-0.85165954	10.166667	11.130539	42.0	0.0	1000.0	16770.0	0.018032258064516127	0.68207836	0.73991627	2.183252	-1.4728842	0.81335	1.5556734	19.857714	-0.25793022	1.3038516e-08	-0.00083894655	2.2351742e-08	0.00063304114	0.22581422	-0.0598814	6.128735	-1.8052182	0.9682316	-0.019160032	1.0	1.7853339	0.0032948314	930000	912.4921054840088
31	7.0348907	3.750013	16.74467	-0.3234384	8.583333	8.592229	24.0	0.0	1000.0	17011.0	0.017719791666666665	0.6852455	0.72035956	2.1398058	-1.6558095	1.0417147	1.5190339	20.478138	-0.4413659	-1.6298145e-09	-0.0004696746	7.450581e-09	-0.000820369	0.24188618	-0.07372981	4.3668203	-1.2086158	0.9490716	-0.019453764	1.0	1.7849448	0.0016015855	960000	941.1467034816742
32	5.738466	3.370751	11.6553	-1.6320096	10.291667	13.198734	54.0	0.0	1000.0	17345.0	0.01752020202020202	0.66845816	0.7137557	2.1624115	-1.5625408	0.8720676	1.4601914	17.342169	-1.6191916	-3.7252903e-09	-0.0010806338	-1.8626451e-09	0.00023054308	0.21990415	-0.053915005	6.4848213	-2.154943	0.9296178	-0.019472599	1.0	1.7845931	0.0063096937	990000	969.7805738449097
33	7.549652	3.764522	15.150491	0.49024776	9.791667	11.037734	37.0	0.0	1000.0	17654.0	0.0173078431372549	0.6967284	0.7132587	2.0536952	-1.5514036	1.1360592	2.035409	23.93657	-1.8295927	3.7252903e-09	-0.00041734008	3.7252903e-09	-0.0015594137	0.24769256	-0.06363331	6.1043987	-2.2430806	0.9101452	-0.01952672	1.0	1.7843254	0.0018526552	1020000	998.5966596603394
34	8.680801	3.1854904	16.356634	3.0725377	13.458333	12.8386755	42.0	0.0	1000.0	18033.0	0.017174285714285715	0.8573744	0.6647118	2.167658	-1.1285694	1.0318804	1.5889666	19.674135	-0.3512384	-1.8626451e-09	-0.00042900408	1.3038516e-08	-0.0007551443	0.24902603	-0.060241252	5.9544477	-1.5152656	0.8906185	-0.019076228	1.0	1.7841	0.00050074875	1050000	1027.2366335391998
35	7.695231	3.0108387	15.946189	1.8649842	13.541667	10.202039	34.0	0.0	1000.0	18407.0	0.017043518518518517	0.83988243	0.77514106	2.5752492	-1.6508371	1.0849307	1.4623574	15.256201	-0.22708923	5.5879354e-09	-0.00024157396	4.656613e-09	-0.00043644872	0.20239706	-0.057196252	6.682614	-2.6117747	0.8715423	-0.018650293	1.0	1.7837847	0.0007211783	1080000	1056.3356516361237
36	6.706623	3.782217	13.251158	-0.80782723	7.4166665	9.823089	33.0	0.0	1000.0	18682.0	0.01683063063063063	0.69862956	0.74640965	2.3240414	-1.3112501	1.0342582	1.5625471	13.914029	-0.325733	6.519258e-09	-0.0010975802	0.0	-0.0011427889	0.20377532	-0.062266096	5.118911	-1.7605999	0.852892	-0.019013405	1.0	1.7836194	0.0016482859	1110000	1084.9257209300995
37	6.447117	3.9650881	12.861424	-1.0434737	11.208333	13.31659	38.0	0.0	1000.0	19033.0	0.01669561403508772	0.7134854	0.7334698	2.52773	-1.4776824	1.038817	1.639076	17.038715	-0.4165475	1.8626451e-09	-0.00051528425	1.3038516e-08	-0.0010144707	0.19086376	-0.059062902	6.984161	-2.5059586	0.8338786	-0.01884836	1.0	1.7835388	0.00075893966	1140000	1113.6877148151398
38	6.940574	3.565829	12.346681	-1.8605176	9.25	9.332961	28.0	0.0	1000.0	19345.0	0.016534188034188033	0.7078065	0.7323451	2.384051	-1.339645	1.2061567	2.2932215	26.685026	-0.31361634	3.259629e-09	-0.0018213876	7.450581e-09	-0.0012598438	0.23109664	-0.05871923	5.720283	-1.9919096	0.8150302	-0.018902361	1.0	1.7834041	0.0026192134	1170000	1142.5679323673248
39	8.536385	3.5074532	16.16243	2.2120597	8.875	14.069211	54.0	0.0	1000.0	19643.0	0.016369166666666667	0.82985145	0.73990643	2.5015583	-1.2299817	1.1878203	1.7063928	20.921387	-0.5595724	-2.7939677e-09	-0.0011440885	0.0	-0.0015399775	0.25105786	-0.07259694	6.3018136	-2.1706681	0.79612786	-0.018970668	1.0	1.7832305	0.0026032205	1200000	1171.1715607643127
40	8.721971	4.295771	18.731215	-0.94864905	11.541667	11.07542	36.0	0.0	1000.0	19989.0	0.01625121951219512	0.8354151	0.73979986	2.3110726	-1.224637	0.9919419	1.7439042	21.689638	-0.2909696	5.5879354e-09	-0.0008560966	1.6763806e-08	-0.0013384075	0.27001375	-0.097330146	5.9006248	-1.8917966	0.7771572	-0.018686414	1.0	1.7830125	0.001513415	1230000	1200.3136048316956
41	7.232845	3.1367664	12.769469	0.8382824	7.8333335	9.095176	26.0	0.0	1000.0	20249.0	0.01607063492063492	0.8427794	0.7990681	2.7198348	-1.6719849	1.0438749	1.419376	15.477591	-0.27939183	-6.519258e-09	-0.0002190572	-6.519258e-09	-5.6937803e-05	0.21657667	-0.08288309	4.233096	-1.1795635	0.7584708	-0.018828988	1.0	1.7827383	0.0013680384	1260000	1229.0886690616608
42	8.253188	3.9624162	14.728483	-0.884513	13.333333	11.487917	38.0	0.0	1000.0	20667.0	0.01602093023255814	0.7701907	0.7013657	2.2331846	-1.2078081	1.0527169	1.8904669	19.821262	-0.6958767	-1.3038516e-08	-0.0012207641	-5.5879354e-09	-0.0015667452	0.24099807	-0.069170594	6.309626	-1.9112659	0.7396418	-0.018167078	3.0	1.782404	0.0017993769	1290000	1257.9644894599915
43	7.000479	4.3353753	16.335243	-1.4389061	10.958333	8.932521	32.0	0.0	1000.0	20983.0	0.01589621212121212	0.8715764	0.75665605	2.3688352	-1.2359166	1.292462	1.8072797	20.352436	-0.8158117	-9.313226e-09	-0.008294851	-2.2351742e-08	-0.014534732	0.23610425	-0.059584312	5.272725	-2.1363273	0.7214747	-0.013630867	79.0	1.7816806	0.008307159	1320000	1295.1646087169647
44	8.327972	4.702264	15.603807	0.4143723	13.0	13.835341	51.0	0.0	1000.0	21387.0	0.015842222222222223	0.83399546	0.7593132	2.6674972	-1.344577	0.91509193	1.6984099	18.414288	-3.0326068	3.7252903e-09	-0.009284682	1.7695129e-08	-0.018620022	0.2465509	-0.080747634	8.067957	-3.1729097	0.70784384	-0.010120928	79.0	1.759655	0.009637476	1350000	1332.3815019130707
45	8.967297	3.0767777	13.677359	0.6625226	13.416667	12.345433	41.0	0.0	1000.0	21760.0	0.015768115942028985	0.96723074	0.7147284	2.565951	-1.0893171	1.5379971	2.3207443	20.668575	-1.5310423	0.0	0.0005956547	-3.7252903e-09	-0.001954745	0.23437959	-0.070948325	7.2875767	-2.7977743	0.6977229	-0.017021894	2.0	1.7321005	0.004386891	1380000	1362.3726592063904
46	8.806273	3.8327582	15.567494	1.1619595	8.5	13.269639	59.0	0.0	1000.0	21998.0	0.015601418439716313	0.92795116	0.72890216	2.485246	-1.33381	1.0039852	1.4428173	17.835709	-3.681013	4.656613e-09	0.0017662061	1.1175871e-08	0.0015141438	0.21082345	-0.059064858	5.0972176	-2.1706116	0.680701	-0.01729089	1.0	1.7317134	0.010519185	1410000	1391.419181585312
47	8.420726	3.4778347	16.00994	1.3626947	17.083334	15.418919	49.0	0.0	1000.0	22425.0	0.015572916666666667	0.90997475	0.7489086	2.6913893	-1.3662271	1.0075413	1.9932857	26.802235	-2.0449545	-2.3283064e-09	0.00026404898	8.8475645e-09	-0.00055057905	0.21448453	-0.0685212	7.825231	-2.5248132	0.6634101	-0.016366184	1.0	1.7313957	0.003373535	1440000	1420.5083401203156
48	9.004753	2.6377375	13.497554	1.8594376	8.875	10.219722	35.0	0.0	1000.0	22791.0	0.015504081632653061	0.97038186	0.71779	2.523982	-1.3516127	1.4016521	2.2101192	23.948038	-4.341978	-1.1175871e-08	-0.0003497376	-3.7252903e-09	-0.002173271	0.25214761	-0.07125444	5.2768903	-1.7183963	0.64704394	-0.016406	1.0	1.7311157	0.0056927064	1470000	1449.7585804462433
49	8.521763	4.0544	15.473651	-0.6481742	12.541667	18.261934	70.0	0.0	1000.0	23203.0	0.015468666666666667	0.9401888	0.7175562	2.4348512	-1.1060112	1.0955337	2.0309417	23.61744	-0.85862136	0.0	-0.0003007329	9.313226e-10	-0.0013692572	0.273992	-0.10056024	7.3976707	-2.7372603	0.63063794	-0.016028345	1.0	1.7310047	0.0011545704	1500000	1479.0536086559296
50	9.139575	3.5986845	16.923113	0.40294075	13.416667	14.594281	45.0	0.0	1000.0	23622.0	0.01543921568627451	0.9616086	0.72432995	3.0180612	-1.365126	1.5204691	2.4611554	21.395311	-6.5590353	0.0	-0.00025198306	-1.8626451e-09	0.0011575036	0.23704356	-0.073239625	7.6995134	-2.707786	0.6146096	-0.015596986	1.0	1.730858	0.0060535376	1530000	1508.4336562156677
51	8.210396	4.0172625	16.107067	-1.5997387	15.958333	18.20595	69.0	0.0	1000.0	24074.0	0.015432051282051282	0.8975766	0.7745509	3.0058715	-1.2138557	1.382589	2.3481157	23.665785	-4.0627637	-6.9849193e-09	-0.00072280294	0.0	-0.00041833892	0.19884652	-0.06492619	9.702335	-3.8566208	0.5990126	-0.014905989	1.0	1.7307241	0.0013978574	1560000	1537.5167019367218
52	7.4804893	4.0822124	15.62748	-0.34365997	10.833333	13.658534	46.0	0.0	1000.0	24467.0	0.015388050314465409	0.8913564	0.77144605	3.0100589	-1.3394768	1.2514925	1.8426726	22.804811	-0.65145963	4.656613e-09	0.00073304726	1.1175871e-08	-0.000117730466	0.21919477	-0.068020895	7.3795013	-2.5429823	0.5841066	-0.014829934	1.0	1.7306831	0.00932404	1590000	1566.9779572486877
53	8.520295	4.229903	15.66611	1.1250091	20.541666	19.15285	71.0	0.0	1000.0	25056.0	0.015466666666666667	0.9121812	0.7492736	2.6249619	-1.1629415	1.6105067	2.3900955	25.72732	-0.6256038	0.0	-0.00035243778	-1.8626451e-09	-0.0015530968	0.20014095	-0.057906743	10.50844	-3.6465523	0.5692767	-0.013705552	1.0	1.7307272	0.0054637054	1620000	1595.9930984973907
54	8.102596	4.218738	14.47911	-1.513205	15.166667	15.768287	52.0	0.0	1000.0	25523.0	0.015468484848484848	0.9303665	0.74123764	2.505279	-1.0332335	1.9020207	2.1203887	23.019655	-1.0248338	-7.450581e-09	-0.00058864255	-1.6298145e-08	-0.0013029284	0.2083384	-0.054653037	7.959939	-2.9832544	0.55557114	-0.01326406	1.0	1.7308356	0.001847949	1650000	1625.1870033740997
55	10.145482	3.6405523	14.580116	1.8501579	16.5	13.901439	47.0	0.0	1000.0	26024.0	0.01549047619047619	1.1432568	0.7221064	3.348398	-1.2605836	1.8575244	2.5572793	25.829678	-0.9907049	2.3283064e-09	-0.0011806993	1.1175871e-08	7.1135815e-05	0.27074826	-0.09392725	8.43608	-3.2191577	0.5423071	-0.012716174	1.0	1.7308347	0.0063869613	1680000	1654.5769221782684
56	8.867532	3.832154	14.959439	1.51802	15.666667	18.224678	81.0	0.0	1000.0	26530.0	0.015514619883040936	0.98522264	0.7559019	2.8853152	-1.307209	1.7331095	2.3879027	21.967583	-0.119126365	-6.519258e-09	-0.00030044833	-3.7252903e-09	7.41634e-05	0.23571798	-0.06825297	7.6929483	-2.6139307	0.5295909	-0.012324631	1.0	1.7310328	0.0016028774	1710000	1683.7299268245697
57	9.34489	4.518036	18.467018	2.8637	20.208334	19.07874	70.0	0.0	1000.0	27101.0	0.015575287356321839	1.0439957	0.73165804	2.9435642	-0.9544824	1.6907841	2.259549	22.138338	-0.6866876	3.7252903e-09	-0.0006656362	-7.450581e-09	-0.002750121	0.23208961	-0.07105963	9.255723	-3.133953	0.5172663	-0.011508822	1.0	1.7312199	0.0057551414	1740000	1712.9434373378754
58	10.339914	4.036115	18.138506	3.5865571	17.125	18.78677	91.0	0.0	1000.0	27577.0	0.015580225988700565	1.0493529	0.74147487	2.7044404	-1.2145014	2.0203118	2.4874203	21.416985	-0.32983726	-7.450581e-09	-0.00083329284	0.0	-0.0009225878	0.2806341	-0.09348604	11.053312	-4.35608	0.50575745	-0.011106938	1.0	1.7313242	0.0013460638	1770000	1741.7725133895874
59	9.086528	3.503201	17.198093	1.5254809	16.916666	14.320489	49.0	0.0	1000.0	28080.0	0.0156	0.9624814	0.80436814	2.9966075	-1.148162	1.5284925	2.0405529	23.282022	-1.5975413	7.450581e-09	-0.0005221125	3.7252903e-09	-0.00014602835	0.22844908	-0.093187585	7.8226423	-3.1698136	0.4946505	-0.010751218	1.0	1.7313831	0.00039239763	1800000	1770.9196541309357
60	10.821915	3.1037786	17.586374	4.517758	21.041666	18.244816	72.0	0.0	1000.0	28652.0	0.015656830601092898	1.0720601	0.69785213	2.7917585	-1.0238737	1.6655906	2.3806016	21.374985	-0.7894925	2.7939677e-09	-0.0005594761	1.6763806e-08	-0.00030926685	0.22608343	-0.09088799	8.613702	-3.3897495	0.4838993	-0.0100016	1.0	1.7313014	0.0003266388	1830000	1800.4301571846008
61	8.879497	3.7297742	15.415284	2.423257	18.875	18.403606	71.0	0.0	1000.0	29167.0	0.015681182795698925	1.0350996	0.786337	3.1108143	-1.1658432	1.7825739	2.326731	20.825998	-1.525084	0.0	-0.0009484999	-6.519258e-09	-0.0015240151	0.18993059	-0.06515467	8.164241	-3.2106023	0.4738977	-0.009556472	1.0	1.7310975	0.0021442054	1860000	1829.581336736679
62	10.660239	4.310492	19.657486	1.2262303	17.833334	16.942715	52.0	0.0	1000.0	29687.0	0.015707407407407406	1.0480403	0.73762155	2.9629955	-1.046337	1.8612233	2.6815767	21.518867	-1.7909094	8.032657e-09	-0.00091532513	2.6077032e-08	-0.00028124359	0.2626892	-0.1046199	8.697681	-3.9780707	0.46434122	-0.009267002	1.0	1.7310455	0.0027834452	1890000	1858.701218366623
63	9.825932	4.7374277	18.443336	0.58873457	20.416666	17.544981	65.0	0.0	1000.0	30298.0	0.015780208333333334	0.99989384	0.78361493	2.6327658	-1.248585	1.6875226	2.1864707	20.966425	-2.5652826	-3.7252903e-09	-0.00031246018	-1.4901161e-08	-0.00047115423	0.25012785	-0.089703694	10.909711	-4.240878	0.45507422	-0.0087480545	1.0	1.7309058	0.0003606805	1920000	1887.7910704612732
64	10.456939	3.232803	16.500938	2.5571017	20.083334	13.388168	49.0	0.0	1000.0	30865.0	0.01582820512820513	1.0503085	0.75420433	3.1701367	-1.196313	2.1265097	2.4689202	21.955196	-0.6981663	1.8626451e-09	-0.00058449886	-2.2351742e-08	-0.0009662153	0.23574759	-0.085105635	8.982763	-3.851078	0.44632617	-0.008308649	1.0	1.7307737	0.00054840336	1950000	1916.8165187835693
65	9.757648	4.4018564	18.34789	-1.518585	14.166667	12.5985	39.0	0.0	1000.0	31256.0	0.015785858585858587	1.1106304	0.7344493	2.838674	-0.8791796	1.79166	2.1850612	21.974895	-3.7755997	-3.7252903e-09	-0.00071149744	2.7939677e-09	-0.0013821218	0.23532185	-0.089082465	6.204381	-2.929543	0.43801752	-0.008497715	1.0	1.7305961	0.0013618185	1980000	1946.4139242172241
66	9.962571	3.3391533	19.27171	4.3838887	14.5	11.905881	47.0	0.0	1000.0	31693.0	0.015767661691542287	1.0663176	0.7470172	2.8186684	-1.0644894	1.3677192	1.8796684	19.668087	-1.1896212	-5.5879354e-09	-0.00069878064	-9.313226e-09	-8.125062e-05	0.24964467	-0.09022418	7.730463	-3.162889	0.4295198	-0.008616716	1.0	1.7305336	0.001781662	2010000	1975.4864766597748
67	10.089042	3.6915178	14.812863	1.0920811	13.0	13.165611	38.0	0.0	1000.0	32058.0	0.01571470588235294	1.0613626	0.7506442	2.884804	-1.2932001	1.5040399	1.8661692	18.559923	-1.9226223	-1.6298145e-09	-0.00075828814	2.7939677e-09	-0.0020607216	0.22873937	-0.08966594	5.397765	-2.1337361	0.4209031	-0.008848876	1.0	1.7306516	0.002559033	2040000	2004.6123418807983
68	10.562476	4.4200444	19.360584	1.6380684	19.041666	15.930786	50.0	0.0	1000.0	32643.0	0.015769565217391306	1.0586404	0.73809516	3.4858534	-1.1295581	1.4656026	2.2614188	21.262804	-2.0741944	7.916242e-09	-0.001007433	2.2351742e-08	-0.0009379805	0.28253573	-0.12572525	8.377957	-3.3359196	0.4120542	-0.008465946	1.0	1.7306763	0.0015845697	2070000	2033.5574839115143
69	10.404758	4.703551	19.149857	-1.2224169	28.125	19.67086	65.0	0.0	1000.0	33392.0	0.01590095238095238	1.10268	0.7495006	2.906092	-1.0615662	2.0695846	2.5044782	21.203695	-2.1477113	-1.21071935e-08	-0.00026831322	-1.8626451e-09	-0.0017455592	0.31520444	-0.13899961	10.870978	-4.2902327	0.40358827	-0.0072431862	1.0	1.73058	0.0020423592	2100000	2062.876140356064
70	10.269916	4.0080237	18.478796	-0.36744675	17.25	16.763676	54.0	0.0	1000.0	33877.0	0.01590469483568075	1.0986887	0.7625273	4.0029507	-0.99755484	2.074478	2.4121058	21.200005	-4.0984473	-6.9849193e-09	-0.0004544608	2.0489097e-08	-0.00060793525	0.27811748	-0.13817768	8.140337	-3.6454353	0.39634508	-0.007210195	1.0	1.7302835	0.00077743025	2130000	2092.4781980514526
71	9.77769	3.5054371	17.40686	2.5608523	20.958334	18.210526	52.0	0.0	1000.0	34511.0	0.015977314814814816	1.1144845	0.767243	2.927798	-1.1106952	1.8025835	2.3927317	22.567938	-2.6782315	0.0	-0.0012016117	7.450581e-09	-0.0014273115	0.2497814	-0.10278629	10.404907	-4.707852	0.38913488	-0.0067492127	3.0	1.7298592	0.0015117449	2160000	2121.8191423416138
72	11.413704	4.4428034	19.613567	0.8931453	20.875	20.7712	76.0	0.0	1000.0	35144.0	0.016047488584474887	1.0858545	0.7129383	3.1589334	-1.0028924	1.9268477	2.5047257	24.047075	-1.4774336	9.313226e-10	-0.007876631	3.7252903e-09	-0.012053965	0.27480158	-0.123671144	10.713955	-5.0486217	0.38238567	-0.005101472	79.0	1.7290401	0.006797078	2190000	2158.121960401535
73	10.941234	4.5336304	19.309542	2.0095267	22.958334	20.317232	62.0	0.0	1000.0	35799.0	0.016125675675675674	1.1619537	0.75453347	3.4411986	-1.185846	2.1338491	2.7724884	26.46833	-4.5400524	9.313226e-09	-0.008082543	0.0	-0.012823771	0.2736855	-0.11071588	10.862696	-4.7182355	0.3772842	-0.0040067732	79.0	1.7172784	0.0066471044	2220000	2194.4847769737244
74	12.750339	3.7624736	19.39405	7.882247	27.125	18.180374	68.0	0.0	1000.0	36541.0	0.016240444444444443	1.2154292	0.72487533	3.570628	-1.0899692	2.527747	3.1753435	23.213959	-3.5493977	7.450581e-09	0.0026131026	0.0	-0.0038385373	0.3037123	-0.14184698	10.241581	-5.114254	0.37327743	-0.005169064	2.0	1.6951785	0.0072169947	2250000	2223.902843236923
75	12.682011	2.7960014	17.983845	7.2546186	25.416666	21.453276	66.0	0.0	1000.0	37276.0	0.016349122807017544	1.3073208	0.71996987	3.949037	-1.084076	2.367722	2.7725537	24.808426	-1.4877223	-9.313226e-09	-0.0010812489	-7.450581e-09	0.0025623925	0.24609165	-0.10461239	11.857832	-5.9541607	0.36810836	-0.0046215355	1.0	1.6949202	0.0058829472	2280000	2253.4381806850433
76	12.0087	3.2528253	18.309689	4.597012	15.25	14.821858	54.0	0.0	1000.0	37815.0	0.01637012987012987	1.2787414	0.76114154	3.2628787	-1.0795403	2.258026	2.633156	23.15199	-5.553831	1.21071935e-08	3.459843e-05	-3.7252903e-09	-0.0021427092	0.24307993	-0.09919799	8.325983	-4.6941724	0.36348683	-0.0050297678	1.0	1.6945846	0.0031397338	2310000	2282.507583141327
77	13.101466	3.4827235	23.585419	7.226907	26.333334	18.22925	60.0	0.0	1000.0	38492.0	0.016449572649572648	1.2709154	0.7202739	2.8035638	-1.1752954	1.9332752	2.3446617	25.330595	-1.8896004	-1.0128133e-08	-0.0007294295	-1.4901161e-08	0.0013330677	0.25634748	-0.09868682	13.932802	-7.841466	0.35845706	-0.004353881	1.0	1.6941513	0.0016312123	2340000	2311.6668202877045
78	10.719441	3.411288	16.4396	2.8371937	14.166667	15.277071	64.0	0.0	1000.0	38957.0	0.016437552742616032	1.3154418	0.77129775	3.4775844	-1.0292407	2.132691	2.8611584	29.606907	-2.2657676	-4.656613e-09	-0.00055260933	-7.450581e-09	-0.0006798918	0.27802825	-0.12791337	9.054292	-4.43221	0.35410318	-0.004863411	1.0	1.6937621	0.0009507547	2370000	2340.885100841522
79	11.681012	2.6648147	16.690203	8.00085	17.25	11.836561	48.0	0.0	1000.0	39469.0	0.016445416666666667	1.1711915	0.70582277	2.8843994	-1.007319	1.9007814	2.265688	23.591797	-1.8122554	4.656613e-10	-0.0006815681	1.5832484e-08	0.00032832706	0.26541597	-0.09732579	8.045918	-3.8159456	0.34923977	-0.0050355494	1.0	1.6934352	0.0012979832	2400000	2370.002246618271
80	12.564198	3.336313	19.864151	7.861751	26.375	18.108038	59.0	0.0	1000.0	40178.0	0.016534156378600822	1.2531916	0.7856148	3.205657	-1.6298234	2.04663	2.4734666	24.846636	-1.5382631	9.313226e-10	-0.00072063995	-1.8626451e-08	-0.0002884575	0.2803418	-0.11821133	10.1917095	-4.478778	0.34420422	-0.004361689	1.0	1.6930285	0.0010714548	2430000	2399.9979984760284
81	12.34388	3.8022356	20.1155	4.7819204	14.875	10.678298	45.0	0.0	1000.0	40662.0	0.016529268292682926	1.289137	0.7102278	2.9784029	-1.0250714	1.9528284	2.455684	26.207283	-1.3498054	5.5879354e-09	-0.0009346716	4.656613e-09	-0.00048216572	0.26308537	-0.10794447	8.279066	-4.486329	0.33984253	-0.00480175	1.0	1.6927485	0.0025614917	2460000	2428.9295148849487
82	11.32797	4.1179295	23.264032	2.9251695	17.375	19.597645	72.0	0.0	1000.0	41240.0	0.016562248995983936	1.2554848	0.7071244	2.9382997	-1.1457969	1.8247976	2.5708716	21.40324	-1.5211219	1.4901161e-08	-0.0005019879	1.1175871e-08	0.00010392768	0.2214781	-0.09007642	12.351272	-6.3206263	0.33504078	-0.0049586296	1.0	1.6926788	0.0007747188	2490000	2458.2697834968567
83	11.909282	4.4023304	19.249744	2.785869	20.541666	20.510118	70.0	0.0	1000.0	41850.0	0.01660714285714286	1.253851	0.7547079	3.1829145	-1.1453991	1.9506099	2.601935	27.515894	-1.7781687	-8.265488e-09	-0.0008048803	-1.8626451e-08	0.0004989379	0.27258	-0.12117485	9.48423	-4.045904	0.33008215	-0.004814714	1.0	1.6924314	0.0015842164	2520000	2487.3077664375305
84	11.716038	2.635739	15.77974	6.4527025	20.625	18.867548	72.0	0.0	1000.0	42488.0	0.016661960784313725	1.2604399	0.7747179	3.0471847	-1.0805309	1.9314456	2.388293	22.311903	-1.94307	-1.5832484e-08	-0.00035774836	-1.5832484e-08	-0.00041502295	0.26296976	-0.11646176	11.656147	-5.638879	0.32526743	-0.004685104	1.0	1.6921883	0.0016288001	2550000	2516.399910211563
85	12.408799	3.2330525	19.222399	3.937819	21.25	17.2874	63.0	0.0	1000.0	43163.0	0.01672984496124031	1.3087595	0.71015704	3.1858795	-1.0903522	2.3247433	2.7711391	29.770222	-0.61372507	-9.313226e-09	-0.00033227948	-1.4901161e-08	-6.261247e-05	0.27782995	-0.1245824	10.066818	-4.6828814	0.32058233	-0.004508674	1.0	1.6920093	0.00035704212	2580000	2546.312527656555
86	12.151454	3.3714056	18.043915	5.0400095	24.458334	18.466139	60.0	0.0	1000.0	43839.0	0.01679655172413793	1.2953734	0.6914544	3.454704	-0.96969	2.1795552	2.3363976	29.05465	-1.4501612	1.8626451e-09	-0.00040798995	7.450581e-09	-0.0014241542	0.28403574	-0.12847626	9.599937	-4.170093	0.31607366	-0.0040757656	1.0	1.6920309	0.0012305516	2610000	2575.606409549713
87	12.1239195	3.5209992	17.87226	4.309642	25.208334	17.4642	61.0	0.0	1000.0	44572.0	0.016883333333333334	1.2482547	0.7682779	3.3720267	-1.2279425	2.6458242	2.9617536	25.87972	-2.0911222	-6.519258e-09	-0.0006729887	3.7252903e-09	0.00038474228	0.2798831	-0.14131755	10.110567	-4.6223874	0.3119979	-0.0036307275	1.0	1.6921972	0.0011031583	2640000	2604.6646072864532
88	12.37656	3.0610857	19.14963	6.853378	30.125	20.39876	68.0	0.0	1000.0	45472.0	0.01703071161048689	1.2979205	0.72991925	3.6683297	-1.1062229	2.5400991	2.9877632	25.163273	-3.2527819	-6.519258e-09	-0.00045513152	-7.450581e-09	-0.00046953186	0.24148914	-0.1028127	12.536906	-5.6385	0.30836716	-0.0028042793	1.0	1.692368	0.0005378168	2670000	2633.9288544654846
89	12.672704	2.5865605	18.612928	8.511924	20.916666	15.774232	50.0	0.0	1000.0	46073.0	0.017064074074074075	1.2897524	0.6518266	2.9547484	-1.1187054	2.8837206	2.9262092	24.47154	-1.6573648	-2.3283064e-09	-0.00046561542	-1.3038516e-08	-9.9589815e-06	0.24097508	-0.11003894	10.558372	-4.8596444	0.30556288	-0.0028687716	1.0	1.6924617	0.0009822927	2700000	2663.2177391052246
90	12.711319	3.0262637	17.826122	6.429045	25.666666	21.234144	74.0	0.0	1000.0	46896.0	0.017178021978021978	1.3186667	0.7290457	3.0627146	-1.325967	2.518134	2.8234386	24.680563	-1.5921264	0.0	-0.0007429201	1.4901161e-08	-0.0014160699	0.27722007	-0.13866103	11.994564	-5.3259335	0.3026941	-0.00251621	1.0	1.6922132	0.0011956323	2730000	2692.8799271583557
91	12.387157	4.307755	20.47605	2.5725234	22.875	17.748972	74.0	0.0	1000.0	47567.0	0.01723442028985507	1.3227347	0.6894228	3.0543833	-1.1238031	2.5724316	2.7449853	24.79155	-2.7133377	-3.7252903e-09	-0.00066177896	3.7252903e-09	-0.00046213297	0.300417	-0.1603244	10.707169	-5.8050976	0.3001779	-0.0024446547	1.0	1.69187	0.00074030116	2760000	2722.037873029709
92	11.540883	3.642414	19.223372	3.0474606	22.083334	15.871664	57.0	0.0	1000.0	48277.0	0.01730358422939068	1.2806792	0.79010445	3.0303288	-1.2824516	2.2427022	2.6929433	29.440992	-3.8813698	2.7939677e-09	-0.0008049717	-7.450581e-09	-8.8992994e-05	0.30708224	-0.15729961	10.182275	-5.391862	0.29773325	-0.0024487078	1.0	1.6915094	0.0011874044	2790000	2751.4659445285797
93	11.796715	3.6354961	19.317593	2.8767273	28.208334	18.330256	74.0	0.0	1000.0	49081.0	0.017404609929078014	1.2611972	0.72810245	3.5890307	-1.2013986	2.6551645	3.1607256	29.806671	-1.9242315	-1.0244548e-08	-0.0007435266	-5.5879354e-09	-0.00038878084	0.2305229	-0.122080825	11.167323	-5.6486816	0.29528454	-0.0019201636	1.0	1.6910849	0.0012575672	2820000	2780.805626630783
94	10.912063	4.209809	17.572166	1.7855692	25.083334	20.055998	61.0	0.0	1000.0	49855.0	0.017492982456140352	1.1681939	0.74795836	3.0483098	-0.96154946	2.423123	2.8463013	23.208014	-2.5055563	0.0	-0.00046051294	-3.7252903e-09	-0.00021797325	0.25598246	-0.11640847	10.608248	-5.776596	0.29336438	-0.0017178953	1.0	1.6906029	0.0003485094	2850000	2810.038537502289
95	12.578328	3.4017131	18.203701	3.7397346	22.833334	16.717422	53.0	0.0	1000.0	50539.0	0.017548263888888888	1.1704509	0.7085497	3.1653836	-1.2827652	2.763839	2.9837828	22.709373	-1.8420322	2.4214387e-08	-0.008297859	1.1175871e-08	-0.011380129	0.29354987	-0.16614285	12.120716	-6.9791617	0.29164648	-0.0006748736	79.0	1.6902374	0.0063398406	2880000	2847.0054018497467
96	12.37897	4.1091003	19.255276	-1.5518134	25.75	22.550407	99.0	0.0	1000.0	51323.0	0.017636769759450173	1.2802966	0.76642215	3.259742	-1.1309555	2.4714599	3.0854805	27.591173	-3.2742069	6.0535967e-09	-0.007951625	2.9802322e-08	-0.009222147	0.24425507	-0.11735743	12.888438	-7.0424514	0.2909716	-0.0011346042	79.0	1.656817	0.006024305	2910000	2883.670739173889
97	13.848973	3.6357625	22.519913	8.775345	24.583334	20.902386	66.0	0.0	1000.0	52014.0	0.017691836734693878	1.3454849	0.7295328	2.9525547	-1.3279855	2.6379306	3.0094564	27.438755	-1.9331633	9.313226e-09	-0.0075208913	1.1175871e-08	-0.008936404	0.31495804	-0.14672199	11.310313	-5.5226645	0.289837	-0.0012649894	79.0	1.6355801	0.0059948354	2940000	2920.210708618164
98	13.310394	4.4319363	21.26349	2.9949667	38.625	27.247038	101.0	0.0	1000.0	53120.0	0.017885521885521886	1.4641528	0.69350475	3.6855135	-0.6842262	2.779651	3.4332032	32.564545	-2.8263605	-4.656613e-10	-0.0077232993	-5.5879354e-09	-0.012414072	0.26680654	-0.14454836	15.571092	-7.9504466	0.288572	0.0015215278	79.0	1.6249568	0.006230837	2970000	2956.4788377285004
99	13.052742	2.6328664	18.191118	6.5545974	34.666668	26.903635	93.0	0.0	1000.0	54126.0	0.018042	1.399932	0.6863089	3.2528992	-1.1363363	3.717861	3.6720107	29.027317	-3.7949603	9.313226e-09	-0.008761237	1.8626451e-08	-0.018979516	0.21840003	-0.106219746	16.52744	-9.1175995	0.29009354	0.005660534	79.0	1.6181333	0.0075780503	3000000	2992.8456699848175
100	14.845641	3.2236664	21.438154	7.606431	32.25	19.500534	88.0	0.0	1000.0	55011.0	0.018155445544554456	1.454594	0.61455345	2.8984163	-0.649369	3.4938364	3.1684878	26.515476	-3.2651505	-7.450581e-09	-0.009209111	0.0	-0.015295479	0.2502523	-0.11128072	16.673157	-9.345383	0.29575408	0.004267603	79.0	1.5798441	0.008393768	3030000	3029.5943636894226
101	13.841439	2.9531298	19.17809	9.396751	35.416668	21.882101	83.0	0.0	1000.0	56086.0	0.01832875816993464	1.4770025	0.63929564	2.9494114	-0.6274666	2.8241923	3.05448	31.292969	-4.112491	-1.8626451e-09	-0.009293021	-9.313226e-09	-0.021605223	0.22084007	-0.106141806	18.819752	-10.804552	0.30002168	0.008639097	79.0	1.5512412	0.008185681	3060000	3066.304556131363
102	13.028721	3.1682277	18.705315	6.1691265	34.125	20.004818	88.0	0.0	1000.0	57062.0	0.018466666666666666	1.4382315	0.6551461	2.8122253	-0.7881421	3.573109	3.6018338	32.351093	-3.3433232	4.656613e-09	0.0042097513	-9.313226e-09	0.0008053982	0.1834127	-0.079481564	13.883912	-6.7598486	0.30866078	0.0034475923	6.0	1.5314579	0.013275042	3090000	3096.058436155319
103	14.719246	3.556766	20.600208	6.1182475	43.958332	27.19142	101.0	0.0	1000.0	58432.0	0.01872820512820513	1.4372518	0.63583946	2.8742616	-0.9294877	3.441916	3.8390863	29.77262	-3.3350549	0.0	0.0062233373	-7.450581e-09	0.0027494617	0.2166189	-0.102814905	18.272926	-8.660997	0.31210837	0.004530251	1.0	1.529243	0.017131643	3120000	3125.9778711795807
104	15.5229	4.4667063	22.76062	5.159333	40.625	25.084545	111.0	8.0	1000.0	59596.0	0.01891936507936508	1.612794	0.62276113	3.227343	-0.8496301	4.4167566	3.7668095	32.587414	-4.296653	3.7252903e-09	-0.00090128556	-1.4901161e-08	-0.00050930027	0.271964	-0.1344728	18.37893	-9.323133	0.31663862	0.0056762695	1.0	1.5280399	0.002796575	3150000	3156.073298931122
105	14.576734	3.1087818	22.150982	9.268215	39.0	20.522345	87.0	15.0	1000.0	60756.0	0.01910566037735849	1.56017	0.6801301	3.2108688	-0.94320285	4.1362863	4.1027384	31.372768	-2.5338082	-1.0244548e-08	-0.0007861889	-2.2351742e-08	-0.0036335154	0.2538403	-0.12353663	17.21222	-8.923795	0.3223149	0.00660792	1.0	1.5268857	0.0034856708	3180000	3186.154221534729
106	13.937229	3.2343593	21.470476	7.681127	33.416668	23.646559	88.0	0.0	1000.0	61740.0	0.019233644859813083	1.4755892	0.6310879	2.9580345	-0.86550635	3.5980248	3.3418863	28.492563	-2.3826296	0.0	-0.00048697728	1.1175871e-08	-0.0031171506	0.20138115	-0.10167396	15.264168	-8.030985	0.3289228	0.006958902	1.0	1.5264366	0.005598728	3210000	3215.573930978775
107	14.919276	2.5260844	21.676003	10.831154	44.0	25.10146	87.0	3.0	1000.0	62983.0	0.019439197530864198	1.4729953	0.6162359	3.254113	-0.84295726	3.772588	3.6874127	26.512463	-2.0835176	-9.313226e-09	0.0006234724	-2.9802322e-08	-0.0027925705	0.2076455	-0.09331898	16.307196	-8.02662	0.3358817	0.008320749	1.0	1.5263972	0.0060546594	3240000	3244.9509921073914
108	15.459274	3.468646	24.077549	10.9923725	34.583332	22.930904	88.0	0.0	1000.0	64009.0	0.01957461773700306	1.5254174	0.6207178	2.967914	-0.8427897	3.90437	3.5336993	33.390255	-2.78939	-5.122274e-09	-0.000286748	-8.381903e-09	-0.0014331804	0.22259799	-0.102936715	15.219826	-8.0354	0.34420246	0.008696437	1.0	1.526333	0.0051679253	3270000	3273.938486814499
109	16.117887	3.322421	21.21224	8.316505	36.541668	16.301786	74.0	14.0	1000.0	65166.0	0.019747272727272728	1.5884268	0.67305744	3.4465995	-0.8775465	4.133403	3.6397352	26.129583	-2.4553323	1.21071935e-08	0.00069831987	3.7252903e-08	-0.0032604744	0.2560727	-0.14958742	16.498894	-8.949233	0.3528989	0.009264618	1.0	1.5262105	0.0052454807	3300000	3303.244621038437
110	17.199495	2.5067341	22.802044	11.746829	35.75	19.983847	71.0	0.0	1000.0	66192.0	0.01987747747747748	1.6934029	0.5866447	3.4246304	-0.7362216	4.0927415	3.481998	32.9282	-4.234198	1.1175871e-08	-0.0006519365	2.9802322e-08	-0.0009943515	0.24191083	-0.11523551	14.297985	-7.344103	0.3621635	0.009750396	1.0	1.5263798	0.0038595349	3330000	3333.2444908618927
111	15.420735	3.0418887	21.042446	8.389482	38.666668	17.698084	68.0	0.0	1000.0	67290.0	0.020026785714285716	1.6373831	0.65113795	3.2598166	-1.0256655	3.0691786	3.1897714	32.390102	-6.2610135	7.450581e-09	0.0018161106	3.7252903e-09	-0.00060039083	0.2673366	-0.14556576	15.832999	-8.704844	0.3719139	0.0105445385	1.0	1.5267344	0.0070025083	3360000	3362.6297991275787
112	15.216957	2.4478333	18.613512	8.535171	32.083332	24.143524	77.0	0.0	1000.0	68272.0	0.02013923303834808	1.5142962	0.64444554	3.2272325	-0.8467877	3.6175401	3.414235	33.40899	-2.5898895	0.0	-0.000113965245	-3.7252903e-09	0.0008870852	0.21138278	-0.10500975	14.859011	-7.2183647	0.38245845	0.010587722	1.0	1.5267966	0.0067836717	3390000	3391.958344221115
113	15.101704	4.9707146	23.339857	-1.3707196	35.458332	30.482208	110.0	0.0	1000.0	69478.0	0.020315204678362574	1.5215583	0.6315416	3.3009512	-1.0057951	3.50129	3.7041898	29.311892	-3.2404695	1.5832484e-08	-0.00074858556	2.0489097e-08	0.00038473727	0.24689627	-0.13769522	19.567215	-9.921805	0.39304617	0.0110272765	1.0	1.527021	0.0027311773	3420000	3421.1172399520874
114	15.134622	3.2970068	23.935974	7.386902	46.583332	25.243673	87.0	0.0	1000.0	70826.0	0.02052927536231884	1.6242138	0.6266355	3.204864	-0.8813221	4.587824	4.2495127	34.084908	-4.814395	7.450581e-09	-0.0008952534	7.450581e-09	-0.0049587674	0.19717842	-0.095633	18.790257	-9.284418	0.40407345	0.012717336	1.0	1.5275466	0.00392921	3450000	3450.1936359405518
115	18.190847	3.4497344	25.298962	13.080778	36.291668	21.01087	76.0	0.0	1000.0	71880.0	0.020655172413793103	1.61212	0.5626491	3.4863915	-0.742497	4.3797235	3.663785	32.255592	-3.6723382	-6.9849193e-09	0.0016251303	1.8626451e-09	-0.007445091	0.3119534	-0.1606653	16.048607	-8.387706	0.41679078	0.013151854	1.0	1.5282178	0.011242827	3480000	3479.91211438179
116	15.833916	2.4960425	20.527157	12.061818	33.625	20.395695	82.0	0.0	1000.0	72809.0	0.020743304843304843	1.7433963	0.6260795	3.2872498	-0.6451954	3.4369807	3.2556424	29.88063	-4.05271	2.7939677e-09	-0.00028912188	1.1175871e-08	-0.00016769208	0.23460531	-0.11367017	12.3953705	-5.791539	0.42994264	0.013245404	1.0	1.5286226	0.0078725265	3510000	3509.0821900367737
117	15.065478	2.3647683	21.161179	10.81829	40.083332	19.032684	81.0	0.0	1000.0	73964.0	0.020893785310734464	1.559011	0.5954505	3.163971	-0.7045533	3.137343	3.3049588	30.404243	-3.2492204	-3.7252903e-09	-0.0005488798	3.7252903e-09	0.00029788958	0.24028999	-0.11164579	16.491932	-8.429952	0.44318804	0.014166445	1.0	1.5288088	0.0010845689	3540000	3538.373244047165
118	17.15362	2.416581	23.953512	11.448938	38.625	23.545723	76.0	0.0	1000.0	75146.0	0.021049299719887955	1.6599581	0.57941234	3.470644	-0.5830857	3.961568	3.7634628	30.8943	-2.7004848	-2.3283064e-09	-0.00063402136	-1.1175871e-08	-0.0014448203	0.22331923	-0.10784921	17.179167	-9.195618	0.4573545	0.014903903	1.0	1.5289087	0.001057093	3570000	3567.488114595413
119	17.15246	2.489103	21.627108	11.735073	40.041668	24.521214	94.0	0.0	1000.0	76334.0	0.02120388888888889	1.7429181	0.5730633	3.1975787	-0.61661345	4.4052396	3.852884	32.996937	-2.4007838	-1.8626451e-09	-0.0006682441	-1.3038516e-08	-0.0011594729	0.2449786	-0.10797824	16.800018	-7.9769244	0.4722584	0.015804708	1.0	1.529011	0.0019618026	3600000	3596.7295882701874
120	16.704023	2.408837	21.438807	10.701913	40.333332	18.935564	77.0	10.0	1000.0	77541.0	0.021361157024793388	1.7300645	0.6141667	3.2420456	-0.78499824	4.2321205	3.6806073	35.836216	-4.976204	-7.450581e-09	-0.0009246403	-2.3283064e-08	-0.0011109903	0.21730572	-0.10298382	18.114351	-8.75159	0.4880631	0.016709745	1.0	1.5291414	0.0021591764	3630000	3626.31108045578
121	16.608736	3.325728	22.767387	9.567315	52.708332	31.681328	129.0	12.0	1000.0	79095.0	0.021610655737704917	1.7285017	0.59708726	3.1694024	-0.90418607	4.4556746	4.143526	35.779804	-4.336663	-7.450581e-09	-0.0007428536	-2.2351742e-08	-0.001448689	0.21421528	-0.099190354	19.994387	-9.933594	0.50477284	0.019159198	1.0	1.529033	0.00071374746	3660000	3655.426185131073
122	15.370837	3.2721984	22.070742	9.484543	52.75	34.571484	125.0	0.0	1000.0	80550.0	0.021829268292682925	1.6775141	0.603336	3.5017502	-0.5492612	5.1479583	4.381734	29.93328	-3.095231	-3.7252903e-09	-0.0007510834	-9.313226e-09	-0.0011383649	0.22699301	-0.11771865	20.377361	-11.017256	0.52393204	0.021529019	1.0	1.5289338	0.0010798742	3690000	3684.351781845093
123	15.561067	2.5914376	19.826143	11.688917	32.916668	26.669142	85.0	0.0	1000.0	81548.0	0.021921505376344085	1.670594	0.59040713	3.2346463	-0.65950465	4.9757	3.9610887	33.58427	-3.6994474	1.9092113e-08	-0.0009808928	6.7055225e-08	-0.0026914596	0.2003701	-0.094633594	19.743889	-10.791241	0.54546106	0.021179855	1.0	1.5290993	0.0022907653	3720000	3713.4018771648407
124	16.508688	2.9726427	21.249908	11.693411	33.791668	22.043478	81.0	0.0	1000.0	82655.0	0.022041333333333333	1.649011	0.57911813	2.8561702	-0.5208801	3.5383308	3.708461	36.123928	-3.933947	1.1175871e-08	-0.0007186301	0.0	-0.0039118268	0.21565163	-0.09500586	20.036785	-10.634108	0.5666409	0.020974636	1.0	1.5291114	0.003517558	3750000	3742.5977911949158
125	16.386526	3.6438363	23.029902	10.060295	42.958332	27.71654	90.0	0.0	1000.0	83988.0	0.022219047619047617	1.728617	0.61173195	3.214016	-0.47303417	3.8708813	3.8934758	35.355896	-6.1390276	-1.1175871e-08	-0.0017704112	-3.7252903e-08	-0.0063241674	0.25163934	-0.13229	20.232103	-10.552778	0.58761555	0.022344768	3.0	1.5290955	0.005507603	3780000	3773.7947022914886
126	16.365425	3.369991	22.909784	8.05292	37.416668	23.104683	86.0	0.0	1000.0	85178.0	0.022356430446194227	1.6875291	0.6056144	3.5986362	-0.69413525	4.3068967	3.769065	30.8367	-3.3615246	-3.7252903e-09	-0.00968791	-7.450581e-09	-0.024969112	0.21612799	-0.12020768	16.825834	-8.158943	0.6099603	0.025814652	28.0	1.5285622	0.0126096085	3810000	3806.6944303512573
127	16.240206	2.0371592	20.837097	13.009517	31.125	19.277172	75.0	3.0	1000.0	86105.0	0.022423177083333332	1.7363335	0.6212043	3.694282	-0.8157703	4.142464	3.3604755	28.94022	-4.5233607	1.8626451e-08	-0.011149858	3.3527613e-08	-0.02858221	0.23920354	-0.13409503	14.275011	-7.936385	0.63577497	0.027398705	32.0	1.5189707	0.012982753	3840000	3839.5996804237366
128	17.089853	2.0753298	21.745007	12.591889	34.375	22.945248	85.0	0.0	1000.0	87151.0	0.022519638242894057	1.6738545	0.57787484	3.3043256	-0.5574348	3.5082874	3.3143826	32.847965	-2.3548734	5.5879354e-09	-0.0071662962	-7.450581e-09	-0.02215701	0.22707444	-0.13315316	17.272964	-8.455994	0.6631737	0.025604129	18.0	1.5191774	0.011156134	3870000	3870.4909439086914
129	15.866122	3.2851207	23.507812	8.425909	32.958332	25.760887	78.0	0.0	1000.0	88103.0	0.02259051282051282	1.7183807	0.60534936	3.5381937	-0.4573719	3.181435	3.3272843	29.990313	-1.9599833	-1.1175871e-08	-0.010500085	-1.4901161e-08	-0.024281802	0.27022013	-0.15101713	13.70697	-7.1956234	0.6887778	0.0331825	59.0	1.5030861	0.012158869	3900000	3906.0178356170654
130	15.669041	3.9592843	24.858627	7.6717496	22.75	20.773079	77.0	0.0	1000.0	88854.0	0.02260916030534351	1.6887345	0.6672423	3.539206	-0.9492901	3.2235568	3.223497	28.483643	-3.565395	7.450581e-09	-0.010826876	1.4901161e-08	-0.027375571	0.24005687	-0.1376189	11.13705	-5.6810637	0.7219603	0.027918339	49.0	1.4710726	0.012379929	3930000	3940.894517660141
131	17.005182	3.3865864	23.019876	10.910664	24.25	17.531519	68.0	0.0	1000.0	89549.0	0.02261338383838384	1.620107	0.6239352	3.6310482	-0.6260642	2.5955265	2.5960722	22.461641	-3.8362117	-7.450581e-09	-0.011104904	0.0	-0.026781376	0.23323001	-0.13310798	11.867976	-5.271843	0.74987864	0.028581977	50.0	1.4455528	0.012295654	3960000	3976.0765891075134
132	16.34889	3.2184045	23.257729	10.198619	25.791666	26.16451	98.0	0.0	1000.0	90371.0	0.02264937343358396	1.6860677	0.61786294	3.2065165	-0.9281509	2.8897302	3.2698586	29.795378	-2.7235024	0.0	-0.007306737	0.0	-0.021838661	0.22560033	-0.12159285	13.705029	-6.907636	0.7784606	0.020243466	15.0	1.4320798	0.016403094	3990000	4007.418692588806
133	15.538638	3.2098064	20.565948	3.0219464	20.875	19.133986	83.0	0.0	1000.0	91085.0	0.022657960199004974	1.6225573	0.6463837	3.172793	-0.8241878	2.8995633	3.156136	27.147703	-3.7985308	-4.656613e-09	-0.011173621	-1.4901161e-08	-0.025962247	0.21599603	-0.12405189	10.454172	-5.298641	0.7987041	0.024768472	52.0	1.4288516	0.011913399	4020000	4041.81796503067
134	15.863851	2.4588165	22.270845	11.260028	26.25	17.359554	72.0	0.0	1000.0	91814.0	0.022670123456790123	1.6588026	0.542411	3.1462739	-0.3457622	2.3604794	2.7938929	27.555243	-4.623019	4.656613e-09	-0.009473189	1.8626451e-09	-0.02242457	0.19035563	-0.09347455	11.071076	-5.157941	0.82347256	0.020791888	37.0	1.4185644	0.012028456	4050000	4075.1110804080963
135	15.956172	3.5583043	19.927645	3.021224	29.833334	27.531294	98.0	0.0	1000.0	92697.0	0.022719852941176472	1.5971192	0.58865416	3.1763303	-0.50379807	2.6703455	2.925963	24.499178	-3.8936462	-3.7252903e-09	-0.008272084	-1.1175871e-08	-0.019853793	0.20287141	-0.11695534	14.629778	-6.4909782	0.84426445	0.016358793	15.0	1.4105679	0.012038916	4080000	4107.715090751648
