Epoch	AverageEpRet	StdEpRet	MaxEpRet	MinEpRet	AverageEpCost	StdEpCost	MaxEpCost	MinEpCost	EpLen	CumulativeCost	CostRate	AverageVVals	StdVVals	MaxVVals	MinVVals	AverageCostVVals	StdCostVVals	MaxCostVVals	MinCostVVals	LossPi	DeltaLossPi	SurrCost	DeltaSurrCost	LossV	DeltaLossV	LossVC	DeltaLossVC	Penalty	DeltaPenalty	StopIter	Entropy	KL	TotalEnvInteracts	Time
0	0.83984447	2.2680743	6.999166	-1.7531141	21.583334	24.608461	69.0	0.0	1000.0	713.0	0.023766666666666665	0.6143237	0.55761963	2.049128	-1.151616	-0.4287915	0.115805626	0.08658448	-0.83613455	2.6077032e-08	0.010838603	5.9604645e-08	-0.009844534	0.8144746	-0.6822553	28.774706	-14.960502	0.99999994	-0.031180918	1.0	1.837877	0.04069988	30000	28.179260969161987
1	1.6090895	2.934795	9.456924	-2.3197443	12.375	19.838541	89.0	0.0	1000.0	1083.0	0.01805	0.25074226	0.40875244	1.4871547	-0.99551123	1.4970506	2.3030522	12.489426	-3.7209237	0.0	0.019839164	-1.4901161e-08	0.00039815484	0.18911874	-0.04102421	9.871718	-2.7798598	0.968819	-0.027252078	1.0	1.8377055	0.052688245	60000	55.118464946746826
2	0.47882667	1.9763104	4.3982573	-2.0171068	10.208333	14.665661	52.0	0.0	1000.0	1328.0	0.014755555555555555	0.11130146	0.5246008	1.6272346	-1.372512	1.3408617	1.6258196	13.190796	-3.8843899	-1.0244548e-08	0.0026745903	-7.916242e-09	-0.005289428	0.15300883	-0.02936652	4.804141	-1.3186969	0.94156694	-0.028087795	1.0	1.8383112	0.018252272	90000	81.50861716270447
3	0.44907334	2.5608568	8.911258	-3.3201082	9.041667	13.3275385	42.0	0.0	1000.0	1672.0	0.013933333333333334	0.12568589	0.4541186	1.7066486	-1.1292722	0.86002684	1.4506768	14.1720495	-2.3530633	-6.519258e-09	-0.008894952	-1.4901161e-08	-0.017981917	0.16918662	-0.03447091	8.501771	-3.196702	0.91347915	-0.025017977	75.0	1.8386364	0.012312936	120000	114.80626606941223
4	1.1796893	2.8952334	8.503252	-2.4393897	12.583333	22.819794	102.0	0.0	1000.0	2006.0	0.013373333333333333	0.09232016	0.5569969	1.7944652	-1.4869442	1.6997018	3.8824708	23.438416	-1.7981191	1.1175871e-08	-0.01132223	2.9802322e-08	-0.024037046	0.18382111	-0.036813825	19.175407	-12.537645	0.8884612	-0.024576426	43.0	1.8248007	0.012462875	150000	145.2734227180481
5	3.7468774	3.9497695	14.16307	-1.4315174	12.208333	19.81998	73.0	0.0	1000.0	2361.0	0.013116666666666667	0.28730658	0.5931502	2.1817014	-1.4081017	1.3713673	1.9778658	21.146542	-1.9821093	1.0244548e-08	0.0024940544	1.3504177e-08	-0.0004679677	0.25900292	-0.05519256	7.4123898	-2.6836576	0.86388475	-0.027619064	2.0	1.8119826	0.008441171	180000	172.66711735725403
6	3.1352882	3.0333297	9.060979	-1.5647041	12.333333	18.110004	72.0	0.0	1000.0	2707.0	0.01289047619047619	0.4393635	0.6354529	2.18998	-1.2773434	1.1411599	2.5195107	28.09623	-1.1900969	9.313226e-10	-1.12932175e-05	-5.5879354e-09	-0.0011367451	0.29114667	-0.09505942	7.3820467	-1.9228858	0.8362657	-0.027313232	1.0	1.8112879	0.0066831578	210000	199.4170172214508
7	2.8413455	3.2725215	12.348522	-1.657057	10.125	12.574155	40.0	0.0	1000.0	2963.0	0.012345833333333334	0.2648963	0.60374343	1.8005629	-1.6643084	1.3776747	2.434088	25.336672	-1.6972576	-7.450581e-09	-0.00047765975	-1.1175871e-08	-0.00083785434	0.21168268	-0.047781274	8.541674	-4.600046	0.80895245	-0.027015269	1.0	1.8109758	0.0024328278	240000	226.27696299552917
8	1.9936962	3.2850366	9.819806	-2.3867676	5.7083335	12.531557	46.0	0.0	1000.0	3205.0	0.01187037037037037	0.32154268	0.52593756	2.042087	-1.2885057	0.7405757	0.94533294	19.785707	-1.710692	-5.5879354e-09	-0.00069877994	-2.2351742e-08	-0.00011812674	0.20201908	-0.03824702	6.4363017	-2.8962424	0.7819372	-0.026805103	1.0	1.8107266	0.0011120959	270000	253.02027678489685
9	1.9525579	2.7606316	9.052376	-1.2598442	7.875	13.510221	52.0	0.0	1000.0	3415.0	0.011383333333333334	0.22844458	0.63286054	2.2940452	-1.3748738	1.1028748	2.1900344	24.952732	-1.3200766	-1.8626451e-09	-0.00074363383	4.1909516e-09	-0.0010592926	0.17257077	-0.05134973	5.4640036	-2.4815955	0.7551321	-0.026404083	1.0	1.8105642	0.0043733167	300000	280.0944483280182
10	1.904997	3.0733995	13.326037	-1.8614204	10.708333	10.760573	38.0	0.0	1000.0	3780.0	0.011454545454545455	0.23388785	0.57428765	1.8447305	-1.1472993	1.0064422	1.9948503	24.414562	-1.7119453	1.7695129e-08	-0.00082330825	2.2351742e-08	-0.0011247862	0.15525119	-0.034564998	8.768981	-3.4944787	0.728728	-0.025730014	1.0	1.8104461	0.0015970264	330000	307.12046933174133
11	1.5500802	3.0549037	9.756207	-2.5607362	16.291666	25.517118	95.0	0.0	1000.0	4255.0	0.011819444444444445	0.2284503	0.56254125	1.8343667	-1.1027832	1.2156936	2.0722446	24.61045	-0.97212327	3.7252903e-09	-0.0009197076	1.4901161e-08	-0.0011286298	0.12889354	-0.034980007	13.15054	-5.7955246	0.702998	-0.024383068	1.0	1.8104117	0.0021116743	360000	334.3136944770813
12	2.8823736	3.4298239	15.182967	-1.1843934	12.5	13.487649	46.0	0.0	1000.0	4619.0	0.011843589743589743	0.27972996	0.56203187	1.8228778	-1.080938	2.3273911	3.5050936	33.34517	-1.5986562	-1.8626451e-09	-0.0004314616	1.3038516e-08	-0.0012124651	0.17027278	-0.037263475	13.237045	-7.780284	0.6786149	-0.02370435	1.0	1.8102851	0.0016250124	390000	361.3934442996979
13	2.4397397	2.6930883	10.576611	-2.005145	12.916667	15.353926	51.0	0.0	1000.0	4978.0	0.011852380952380953	0.29992503	0.5677404	1.8011932	-1.1825825	1.1041719	1.3455753	21.076828	-0.6234825	-3.7252903e-09	-0.0007688603	-7.450581e-09	-0.0007839834	0.14905666	-0.03126642	7.4125457	-1.975971	0.65491056	-0.023000777	1.0	1.8102062	0.0014182746	420000	388.3004128932953
14	3.8595407	3.1474066	10.244141	-0.8570777	19.833334	26.256216	107.0	0.0	1000.0	5619.0	0.012486666666666667	0.29547134	0.5993151	1.7116064	-1.0530467	1.6431658	2.3673592	22.75761	-1.474205	1.1175871e-08	-0.0009337353	2.6077032e-08	-0.00063881185	0.18779044	-0.048708566	25.78528	-13.002198	0.6319098	-0.021234035	3.0	1.8101141	0.0008698836	450000	415.376336812973
15	4.6801815	3.8699787	14.646955	-1.4414471	19.791666	21.25045	75.0	0.0	1000.0	6168.0	0.01285	0.4526991	0.605451	2.2367277	-1.0161453	3.070384	5.317919	34.98731	-4.1486382	7.450581e-09	-0.0006174664	3.7252903e-08	-0.0011874274	0.21955155	-0.057064984	36.789352	-24.188574	0.61067575	-0.019909322	1.0	1.8091257	0.00150984	480000	442.2483353614807
16	3.0778806	2.9888532	11.036962	-1.3570712	12.958333	18.040417	57.0	0.0	1000.0	6608.0	0.012956862745098038	0.40254658	0.65823895	2.3895764	-1.0496656	1.687478	1.5577987	16.307568	-0.8029927	7.450581e-09	-0.0013142982	1.3038516e-08	-0.0018455293	0.16025352	-0.04722903	12.302673	-3.9880776	0.59076643	-0.01964128	1.0	1.808486	0.0022441968	510000	469.25881576538086
17	3.1884098	3.0324593	9.587198	-0.85897404	11.166667	13.243446	41.0	0.0	1000.0	6926.0	0.012825925925925926	0.2992148	0.589114	1.6670896	-0.9390562	1.4632255	1.8694583	20.570068	-0.7810039	-8.381903e-09	-0.00878448	4.656613e-09	-0.01366109	0.1397626	-0.028745107	7.053525	-1.9611535	0.57112515	-0.01674527	79.0	1.8079252	0.008050416	540000	503.3133509159088
18	4.301317	3.1463208	12.214004	-0.18160579	18.25	20.152025	76.0	0.0	1000.0	7441.0	0.01305438596491228	0.38635844	0.5827233	1.8413503	-0.93748033	1.5707076	1.7777065	21.81477	-0.11480693	0.0	-0.009060551	-1.3038516e-08	-0.015567426	0.18571836	-0.0458734	14.831033	-4.2796865	0.5543799	-0.015061259	79.0	1.7884195	0.008209543	570000	537.3355991840363
19	5.8381104	4.125984	14.318916	-1.1240618	14.291667	11.494488	39.0	0.0	1000.0	7862.0	0.013103333333333333	0.51924753	0.58162093	1.7606581	-1.00647	1.8701748	2.4896977	21.800344	-0.8255513	-8.381903e-09	-0.010844078	-7.450581e-09	-0.021732312	0.2482396	-0.07519296	8.66356	-3.4568777	0.5393186	-0.011002183	79.0	1.7785685	0.009920595	600000	571.3950355052948
20	4.619947	3.7774312	16.356684	-0.35809344	14.916667	18.025253	66.0	0.0	1000.0	8256.0	0.013104761904761906	0.57763624	0.6702635	2.5050192	-1.0417609	1.7622638	1.7195933	17.47084	-0.1749193	7.450581e-09	-0.008803612	0.0	-0.012752454	0.20734137	-0.04806591	7.6258116	-1.8150696	0.52831644	-0.014635265	79.0	1.748716	0.0073744655	630000	605.7588312625885
21	6.9477067	2.9324358	12.606133	1.0540133	10.333333	16.244658	60.0	0.0	1000.0	8554.0	0.012960606060606061	0.63497955	0.6364876	2.0828342	-1.0688729	1.2636758	1.5926348	19.59479	-0.61826605	4.1909516e-09	0.010679986	1.5832484e-08	-0.0007932471	0.2083247	-0.056293376	8.223667	-2.2179737	0.5136812	-0.01790312	2.0	1.7304163	0.022757612	660000	632.8714601993561
22	4.93339	3.5234613	14.395274	0.494579	13.041667	18.410774	78.0	0.0	1000.0	8916.0	0.012921739130434783	0.59609646	0.6366275	2.2646947	-1.1572624	1.2145374	1.2016714	14.396428	-1.0590158	0.0	0.020121278	7.450581e-09	-0.0018868865	0.20358095	-0.041576445	9.032014	-3.0694985	0.49577805	-0.01756525	1.0	1.7302152	0.04300052	690000	659.5875961780548
23	6.1635547	2.7251396	10.626947	1.5980688	14.583333	15.518582	53.0	0.0	1000.0	9397.0	0.013051388888888888	0.710791	0.60662466	2.2543993	-1.0862014	1.220088	2.316639	23.09463	-1.5674633	-4.1909516e-09	0.0005899446	1.1641532e-08	-0.002527242	0.21877204	-0.046115868	9.614512	-2.9810758	0.4782128	-0.016923904	1.0	1.7298878	0.007929634	720000	686.6315858364105
24	6.123078	4.3729453	18.436287	0.034489177	21.416666	22.68795	70.0	0.0	1000.0	9956.0	0.013274666666666667	0.6868017	0.6243756	2.1392431	-1.259819	1.8564322	3.3630505	28.028133	-1.2738968	7.450581e-09	-0.00088074384	0.0	-0.00031994225	0.26258546	-0.060606413	18.900375	-9.28844	0.4612889	-0.0154437125	1.0	1.7296922	0.003964256	750000	713.5559525489807
25	6.014927	3.9008038	13.264763	-2.3950427	18.833334	15.488347	52.0	0.0	1000.0	10454.0	0.013402564102564102	0.7389659	0.68470865	2.2960048	-1.2538203	1.898289	1.9492965	29.920967	-0.9646384	9.546056e-09	9.134534e-05	5.5879354e-09	0.0002725497	0.24659601	-0.066198915	9.755764	-3.2031307	0.4458452	-0.014549345	1.0	1.7295212	0.0050538722	780000	740.5026111602783
26	8.064815	3.2837698	14.388345	0.1889697	13.875	11.01254	36.0	0.0	1000.0	10917.0	0.013477777777777778	0.7080948	0.6500096	2.170761	-1.4011815	1.9110563	1.9539746	29.896233	-0.6812984	-3.7252903e-09	-0.0004379552	2.7939677e-08	-0.00057870965	0.2362287	-0.054377824	7.38424	-2.0974658	0.43129584	-0.014359862	1.0	1.7292638	0.0014162248	810000	767.7148838043213
27	8.369788	3.3302655	13.946007	1.1601411	16.416666	17.70338	76.0	0.0	1000.0	11538.0	0.013735714285714285	0.76627296	0.65935874	2.1947448	-1.2821679	1.6957573	1.7223644	16.835932	-0.4212668	1.8626451e-09	-0.0009607142	0.0	-0.00043680333	0.22716177	-0.060370885	12.766553	-4.455695	0.41693598	-0.013860285	1.0	1.7290475	0.0019891816	840000	795.0757069587708
28	6.42769	4.020498	14.4717	-0.5450022	13.25	12.162956	40.0	0.0	1000.0	11925.0	0.013706896551724138	0.8051362	0.66591984	2.3742225	-0.9537998	2.0256402	1.8737575	23.313211	-0.6780224	-7.450581e-09	-0.00066250423	1.1175871e-08	-0.0011663273	0.22321495	-0.04819507	6.1733065	-1.914039	0.4030757	-0.013744295	1.0	1.729115	0.0018222579	870000	822.9578518867493
29	8.229196	3.0895011	12.137944	1.7093548	13.041667	19.057981	86.0	0.0	1000.0	12364.0	0.013737777777777778	0.84882706	0.6617874	2.3361192	-1.3287286	1.4058126	1.6825283	20.051668	-0.8561999	-1.3038516e-08	-0.0012674408	-9.313226e-09	-0.0015989202	0.20045817	-0.038255565	6.9398212	-2.3235765	0.3893314	-0.013606876	1.0	1.7291844	0.0024524946	900000	850.5366168022156
30	8.551917	3.9552286	14.217267	0.18763496	17.708334	16.346455	70.0	0.0	1000.0	13030.0	0.014010752688172043	0.8316842	0.61626965	2.0900714	-1.1881703	1.7310838	2.8808837	33.584843	-1.4083399	6.519258e-09	-0.0013496688	2.7008355e-08	-0.0014460115	0.22221455	-0.045778967	12.79063	-5.2027845	0.37572452	-0.012942672	1.0	1.7291827	0.003193182	930000	877.5736973285675
31	7.6320324	3.394412	14.612789	1.7000375	15.458333	17.606768	55.0	0.0	1000.0	13527.0	0.014090625	0.7795789	0.6686724	2.2280574	-1.1319622	2.3332522	2.906336	33.770645	-1.4762629	1.0244548e-08	-0.0004391988	1.8626451e-08	0.0008927975	0.19659512	-0.057236373	15.703008	-8.601454	0.36278185	-0.01258862	1.0	1.7293851	0.0017007833	960000	904.5589492321014
32	7.8108077	4.695264	17.752144	0.0013915292	16.958334	20.092451	67.0	0.0	1000.0	14016.0	0.014157575757575758	0.78989226	0.64570254	2.4775608	-1.1105494	1.9034907	2.49111	33.05883	-1.5771472	9.313226e-09	-0.0005656922	2.6077032e-08	-0.0027228398	0.23827203	-0.06713125	11.154476	-5.18066	0.35019323	-0.012086213	1.0	1.7294683	0.0058042663	990000	931.515213727951
33	8.211125	3.3355224	14.519123	2.3839037	18.041666	19.156113	72.0	0.0	1000.0	14482.0	0.014198039215686275	0.82338643	0.6782663	2.3253603	-1.350299	1.7860807	2.1235871	22.1303	-1.3380557	3.7252903e-09	-0.0005728508	1.3038516e-08	-0.0011273976	0.19479245	-0.050187428	11.4030285	-5.948742	0.33810702	-0.011513174	1.0	1.7295504	0.0031403815	1020000	958.455689907074
34	7.1035385	3.9554286	14.326033	-0.22458856	17.625	20.647463	89.0	0.0	1000.0	15015.0	0.0143	0.7961243	0.6477685	2.307283	-0.7927259	1.7843132	2.195179	26.826952	-2.0882938	6.519258e-09	-0.000461436	-1.1175871e-08	-0.0011254919	0.19595048	-0.05344756	10.312776	-4.076272	0.32659385	-0.01104027	1.0	1.7296252	0.0011961241	1050000	985.549733877182
35	9.409639	4.270603	19.176369	1.5702466	14.875	19.596582	77.0	0.0	1000.0	15508.0	0.014359259259259259	0.8112073	0.6323199	2.4405541	-0.9829774	1.672731	2.217343	26.201015	-4.454384	-7.450581e-09	-0.0008015814	-7.450581e-09	-0.0009390507	0.25633445	-0.08377075	11.018917	-4.83961	0.31555358	-0.010864109	1.0	1.729528	0.0011428354	1080000	1012.770937204361
36	8.688699	3.8694766	13.497869	-0.13729122	19.166666	15.200511	58.0	0.0	1000.0	16050.0	0.01445945945945946	0.9470763	0.6699844	2.6112401	-1.0747068	1.7601706	2.206564	20.580788	-2.0010748	-1.8626451e-09	-0.0006341243	1.8626451e-08	-0.0017188853	0.27428997	-0.070298076	8.878259	-3.7736754	0.30468947	-0.010251224	1.0	1.729391	0.0019852635	1110000	1039.7243967056274
37	8.289561	4.1567116	17.693527	0.50354975	18.416666	19.910042	84.0	0.0	1000.0	16578.0	0.014542105263157894	0.94774926	0.69329417	2.4307067	-1.0499306	2.000322	2.3528218	25.11259	-1.8571345	0.0	-0.0011434214	3.7252903e-09	-0.0009660511	0.23185259	-0.059738778	12.942778	-6.7860217	0.29443824	-0.009776562	1.0	1.7293215	0.0034980264	1140000	1066.666417837143
38	8.071728	3.5985146	14.622376	2.2588441	23.0	20.190756	75.0	0.0	1000.0	17188.0	0.014690598290598291	0.9036811	0.69206476	2.3490088	-1.2766058	2.063148	3.1205907	35.224213	-3.0064642	1.3969839e-09	-0.0008993308	-2.0489097e-08	2.3259781e-05	0.2017057	-0.059582297	11.591362	-5.480695	0.28466168	-0.008873671	1.0	1.7291077	0.003572865	1170000	1093.7001042366028
39	8.301056	4.10173	15.3324175	0.896673	13.916667	15.713361	54.0	0.0	1000.0	17602.0	0.014668333333333334	0.8625719	0.68969136	2.5979857	-0.99026453	1.9116739	1.9802628	20.768555	-5.409204	-1.3038516e-08	-0.00016182358	-3.7252903e-09	0.00036522764	0.20669106	-0.05968988	6.696713	-2.6474307	0.275788	-0.008963585	1.0	1.7287347	0.0012432635	1200000	1120.9430644512177
40	9.003009	3.9025946	17.305315	2.0123458	27.166666	24.646952	99.0	0.0	1000.0	18318.0	0.014892682926829269	0.93531483	0.6522333	2.7879038	-0.8752134	1.9062971	2.7564366	30.317884	-4.258158	-2.7939677e-09	-0.00072781974	-1.3969839e-08	-0.0006418852	0.22836892	-0.07672953	11.77961	-4.7232623	0.26682442	-0.007693231	1.0	1.7282505	0.0024632374	1230000	1148.0029096603394
41	8.01381	3.8312418	16.275415	1.6750476	33.833332	69.64533	355.0	0.0	1000.0	19283.0	0.015303968253968254	0.8682179	0.6891074	2.5405939	-1.1154182	2.2052932	2.7701106	25.250956	-2.484598	-5.5879354e-09	-0.0004468793	-7.450581e-09	-0.00055845454	0.21774955	-0.07610077	85.0499	-69.8669	0.2591312	-0.005843729	1.0	1.7278075	0.00087555306	1260000	1174.9768676757812
42	7.188076	3.7335896	17.414814	0.37573332	24.125	22.482054	62.0	0.0	1000.0	19930.0	0.015449612403100775	0.85175496	0.70868474	2.5779436	-1.0637938	2.656349	3.3873048	69.049995	-0.83434415	-3.7252903e-09	-0.0009854494	-2.2351742e-08	-0.0017716466	0.22375154	-0.06685361	21.418293	-11.118042	0.25328746	-0.005302727	1.0	1.7276046	0.0031274897	1290000	1202.0963003635406
43	9.411831	3.7269545	18.61606	2.0223694	12.625	14.150419	43.0	0.0	1000.0	20338.0	0.015407575757575757	0.89887655	0.6730674	2.693613	-1.1625913	2.1036377	1.9906563	20.44589	-0.9452443	-4.656613e-09	-0.0008282305	1.3038516e-08	-0.00051493896	0.24534991	-0.07031134	7.7726703	-2.127942	0.24798474	-0.0059151202	1.0	1.7271345	0.0015384469	1320000	1229.322250366211
44	8.164587	3.328852	13.262867	-0.37527803	21.583334	20.812489	73.0	0.0	1000.0	20976.0	0.015537777777777777	0.922571	0.6992055	2.507712	-0.95565134	1.8255541	2.5288432	61.911507	-1.3604759	-1.1175871e-08	-0.0007942221	-9.778887e-09	-8.606742e-05	0.20967011	-0.08044863	15.520238	-6.759387	0.24206962	-0.0056016147	1.0	1.7265434	0.0008895943	1350000	1256.4269194602966
45	8.729335	3.629773	15.6762	0.52905166	25.916666	27.23802	119.0	0.0	1000.0	21707.0	0.015729710144927536	0.92165184	0.6401795	2.6796992	-1.0860301	1.9674633	2.1705368	22.616327	-0.87071764	-9.313226e-09	-0.00024374505	-7.450581e-09	-0.0005538736	0.20053744	-0.07007992	13.98312	-5.521611	0.236468	-0.004897535	1.0	1.7260416	0.0004978494	1380000	1283.5310847759247
46	9.735982	3.9959512	16.162983	-0.54527336	18.583334	14.628501	58.0	0.0	1000.0	22195.0	0.01574113475177305	0.9798478	0.6685669	2.3686943	-0.9567335	2.6867838	3.3550696	25.33923	-1.5589136	-7.450581e-09	-0.00064037764	1.4901161e-08	0.00034434	0.24733317	-0.077425234	13.798719	-7.9110394	0.23157047	-0.004982084	1.0	1.7255049	0.000371142	1410000	1310.674637079239
47	9.237404	4.8131166	17.39135	0.24206255	19.75	21.368298	86.0	0.0	1000.0	22842.0	0.0158625	0.980225	0.7053519	2.5648549	-1.0273234	1.9796625	2.4251401	20.925316	-1.7004381	-1.4901161e-08	-0.0008923982	1.4901161e-08	-0.0008631563	0.21673657	-0.06874246	14.556995	-5.9458556	0.22658838	-0.0049413145	1.0	1.724892	0.0010432836	1440000	1338.0501873493195
