Epoch	AverageEpRet	StdEpRet	MaxEpRet	MinEpRet	AverageEpCost	StdEpCost	MaxEpCost	MinEpCost	EpLen	CumulativeCost	CostRate	AverageVVals	StdVVals	MaxVVals	MinVVals	AverageCostVVals	StdCostVVals	MaxCostVVals	MinCostVVals	LossPi	DeltaLossPi	SurrCost	DeltaSurrCost	LossV	DeltaLossV	LossVC	DeltaLossVC	Penalty	DeltaPenalty	StopIter	Entropy	KL	TotalEnvInteracts	Time
0	0.15256807	1.7509558	5.3982205	-3.4451265	18.769825	16.599628	66.79783	3.2026918	1000.0	563.0947	0.01876982421875	0.5994599	0.56190324	1.9981493	-1.1331493	-0.43130884	0.11705207	0.072100006	-0.813013	-2.7465818e-08	0.021082204	-4.679362e-08	-0.006174699	0.9026953	-0.7709112	12.922865	-5.642998	0.99999994	-0.031171978	1.0	1.837877	0.062303446	30000	362.7161138057709
1	0.71758974	2.5448308	6.5445447	-2.9441278	18.877497	19.097342	60.691032	3.7703617	1000.0	1129.4197	0.018823661295572915	0.13174358	0.42153904	1.3215935	-1.0838058	1.4930104	1.0307671	5.210941	-0.51086557	6.426924e-09	0.035219025	1.8310548e-08	-0.004738318	0.14652802	-0.03650982	7.257965	-1.167182	0.96882796	-0.030477405	1.0	1.8378251	0.11160193	60000	442.71897411346436
2	1.087243	2.4168043	10.286937	-2.5435786	20.212696	15.144564	62.9488	4.806461	1000.0	1735.8005	0.019286672634548613	0.11466188	0.4309354	1.5378842	-0.97016484	1.9098109	1.5700797	8.551948	-0.9621411	-8.63047e-09	0.00068763195	-9.155274e-09	-0.0015693005	0.1132782	-0.010524869	6.4969134	-0.7502403	0.93835056	-0.029468715	1.0	1.838031	0.009150617	90000	521.6013164520264
3	1.3645176	2.476074	8.872816	-1.7713888	35.7107	29.893555	105.016045	5.0092854	1000.0	2807.1216	0.023392679850260417	0.12510702	0.43396065	1.3996352	-0.9998277	2.6722012	1.4216646	7.8332133	-0.59862775	3.138671e-08	-0.00017989262	5.6966147e-08	0.00044667564	0.13379465	-0.010978423	19.604713	-3.5190697	0.90888184	-0.0035031438	1.0	1.8383614	0.0019844885	120000	601.8714079856873
4	1.4305314	2.8868022	10.655275	-2.2940595	22.587202	20.592302	89.194046	4.975377	1000.0	3484.7375	0.023231583658854166	0.13124983	0.4737944	1.6157885	-1.0601759	3.1756723	2.204153	13.449967	-1.7255187	8.7006224e-09	-0.009354842	1.8310548e-08	-0.017919773	0.15387632	-0.01918526	10.447862	-2.735691	0.9053787	-0.0008095503	79.0	1.8383343	0.009733871	150000	689.9030203819275
5	1.0942892	2.1385782	6.0971637	-2.0202582	24.452204	18.424776	71.48352	4.9933186	1000.0	4218.3037	0.023435020616319444	0.13004437	0.4033343	1.4900583	-1.1501977	2.5419102	1.6958014	13.430973	-0.9516122	2.1364468e-09	-0.0003971127	0.0	-0.0012708211	0.10804381	-0.010689527	9.353678	-1.2176485	0.90456915	-0.0051694512	2.0	1.8255363	0.001582576	180000	769.3484880924225
6	0.7906497	1.8822981	6.806005	-2.466219	18.391367	14.71158	64.8151	4.779678	1000.0	4770.045	0.02271449962797619	0.09112278	0.3804641	1.4230574	-1.0614729	2.1683493	1.5419418	12.574432	-1.188318	-1.4957247e-09	-0.00049048715	-1.2207031e-08	-0.00042885335	0.09508694	-0.013122357	5.069183	-1.0150609	0.8993997	-0.010264695	1.0	1.8248043	0.000883955	210000	849.3958330154419
7	1.3377718	2.9549532	8.733784	-3.4254527	18.943132	14.66964	59.765556	4.9316597	1000.0	5338.339	0.02224307861328125	0.11199771	0.3796875	1.338393	-1.0666238	1.7541846	1.33063	13.843177	-0.61747754	2.3926936e-09	-0.0004774561	-4.0690105e-09	-0.0013417582	0.12861557	-0.026946902	7.223996	-1.4478526	0.889135	-0.013475299	1.0	1.8243046	0.0027236436	240000	928.3074436187744
8	2.2074273	2.9747467	9.892493	-2.1724632	18.606533	19.289467	89.44466	4.482856	1000.0	5896.5347	0.021839017288773147	0.17601159	0.47286978	1.7114638	-1.0576481	2.326825	1.6075	13.825289	-0.6993278	-6.783592e-09	-0.00068168354	-1.2207031e-08	-0.0008339559	0.13480183	-0.024394423	8.80441	-2.9251466	0.8756597	-0.01600647	1.0	1.8237383	0.0018966431	270000	1007.5756711959839
9	1.518764	2.747157	6.7032537	-2.319603	14.094358	16.882416	86.812515	4.536666	1000.0	6319.365	0.02106455078125	0.16117395	0.43895644	1.7321664	-1.1335913	1.4855139	1.5231806	16.9827	-0.8730598	5.7448437e-09	-0.0009945306	8.138021e-09	-0.0014030416	0.09494303	-0.015532091	5.058497	-1.5351508	0.85965323	-0.01918	1.0	1.8231491	0.002452615	300000	1086.4083952903748
10	2.7241335	2.4924235	7.227894	-1.2218837	24.71973	17.77548	76.38276	5.078006	1000.0	7060.9575	0.021396840968276515	0.19947295	0.47449404	1.8459688	-1.1047326	2.0474916	2.1476746	19.079441	-0.5541	-5.774504e-09	-0.0035406162	-1.6276042e-08	-0.0056216554	0.14057401	-0.029447787	11.665506	-2.7800274	0.84047323	-0.016833007	8.0	1.8225858	0.0051809796	330000	1165.8874390125275
11	1.5977863	3.1859117	13.675497	-1.3236845	15.920424	12.1189575	43.681835	4.8963847	1000.0	7538.5703	0.02094047309027778	0.21682587	0.47633502	2.110569	-1.1110424	2.0177925	1.6220547	21.382498	-0.38385606	-8.236922e-09	-0.009230377	-1.5767416e-08	-0.015348117	0.14726621	-0.03913097	5.333831	-1.6172662	0.8236402	-0.014306486	79.0	1.8192326	0.010713385	360000	1253.3006055355072
12	3.058962	3.4265668	12.664834	-1.1255462	16.419437	10.379293	41.5341	4.648455	1000.0	8031.1533	0.020592700821314102	0.23276539	0.45644003	2.238356	-1.0825793	1.7296252	1.1403115	18.739885	-0.19340353	9.910142e-10	-0.007983571	-4.0690105e-09	-0.010360494	0.1574757	-0.038502336	4.542296	-0.8742533	0.80933374	-0.017986894	79.0	1.7890496	0.00913521	390000	1341.1974108219147
13	3.2727745	2.3830805	9.024689	-1.0369002	16.052269	12.416654	51.58466	4.681871	1000.0	8512.722	0.020268384951636905	0.34977916	0.5007306	1.9185799	-0.8716269	1.8247702	1.1642215	20.31103	-0.39063543	-3.0763274e-09	0.0048510595	2.0345052e-09	-0.00025717722	0.10658848	-0.017275818	5.241725	-1.3760893	0.79134685	-0.021670818	2.0	1.7690301	0.013280529	420000	1420.7645065784454
14	3.4220955	2.4340186	9.207209	-0.295216	23.626965	17.506092	90.53903	6.0998073	1000.0	9221.53	0.020492289496527778	0.33565745	0.46639186	1.8608572	-1.2891147	1.8004581	1.1688854	16.880308	-0.85007566	3.1336003e-10	0.011260482	1.525879e-08	-0.00049686735	0.104024366	-0.012828417	8.348965	-1.977077	0.769676	-0.019922554	1.0	1.7683645	0.035791505	450000	1499.0117151737213
15	4.9396515	2.8439782	11.242917	-0.40572092	20.21084	15.374279	71.61959	4.8019657	1000.0	9827.855	0.020474698893229167	0.43127447	0.5001842	1.8516189	-0.9199219	2.2316408	1.5263788	20.211412	-0.9840919	1.2788974e-08	-0.00065497425	8.138021e-09	-0.0008866089	0.17710686	-0.032176778	7.5459905	-2.1089368	0.7497535	-0.019650877	1.0	1.7679477	0.0014822927	480000	1578.7407224178314
16	4.364314	2.9737256	11.863105	-1.1281437	28.106514	18.741116	96.506065	4.981285	1000.0	10671.051	0.020923628982843136	0.50706804	0.5098264	1.976667	-1.0215027	2.2656634	1.8766376	19.955643	-0.78456223	6.8684836e-09	-0.00032808993	1.6276042e-08	-0.003973299	0.18223424	-0.04464078	10.782666	-3.282661	0.7301026	-0.015881717	1.0	1.7677382	0.0072799358	510000	1657.6360294818878
17	3.6895056	3.1308	10.062694	-1.5025411	23.130354	14.116849	54.790756	3.9347446	1000.0	11364.962	0.021046225766782407	0.43002063	0.5423399	2.2676003	-1.019143	2.8871794	2.2671802	19.493631	-1.212657	1.0903954e-08	-0.0005064973	3.5603842e-09	-0.0017621181	0.1650993	-0.036121696	8.471224	-2.597386	0.7142209	-0.014975131	1.0	1.7677684	0.004856765	540000	1736.2412629127502
18	3.9576752	3.2257235	11.9105425	-1.0532753	28.08652	18.997807	96.92152	4.5361485	1000.0	12207.558	0.021416767749451754	0.41621992	0.5218218	2.0348492	-1.0662003	2.5773382	1.6149359	16.03107	0.0269144	2.151526e-09	-0.0007145682	8.138021e-09	-0.0010739889	0.13706087	-0.023879044	8.71888	-2.8316755	0.69924575	-0.01185298	1.0	1.7679381	0.001118653	570000	1814.750107049942
19	4.6603417	2.8711395	11.039175	-0.38633743	26.103556	20.293795	81.08018	3.7050614	1000.0	12990.664	0.021651106770833334	0.46582237	0.5370587	2.1170738	-1.1611913	2.526587	1.6745121	17.18917	-0.7230814	-7.836077e-09	-0.0006243505	-1.6276042e-08	-0.00075096433	0.15523686	-0.028671041	9.7578125	-2.6950283	0.6873928	-0.010104179	1.0	1.7682056	0.00087742246	600000	1894.3560137748718
20	4.4343934	3.5582013	10.480205	-2.540377	29.148497	24.093243	93.62427	4.411466	1000.0	13865.119	0.022008125620039683	0.47940984	0.5668845	2.0225074	-1.3049766	2.6591587	2.003558	18.140617	-1.0459602	-8.849572e-09	-0.000820279	-4.0690104e-08	-0.0013036946	0.18196204	-0.044337437	10.433891	-3.7886415	0.6772886	-0.0070844293	1.0	1.768487	0.00087189383	630000	1973.129567861557
21	3.1645555	2.843223	10.6545315	-0.9188761	25.511036	15.465416	64.87448	4.187473	1000.0	14630.45	0.022167348780776516	0.44408807	0.5802409	2.236289	-1.1804342	2.968845	2.3325174	18.015257	-1.0015287	8.034603e-10	-0.0008466386	-4.0690105e-09	-0.00066284585	0.16302894	-0.04432723	8.743667	-2.6163278	0.67020416	-0.0061605573	1.0	1.7689021	0.001689119	660000	2052.252856492996
22	3.8023944	2.512849	9.569553	-1.650319	30.419018	15.201757	62.6793	4.026524	1000.0	15543.0205	0.02252611667798913	0.3682571	0.5630502	1.8690262	-1.4843888	2.714795	1.5980815	15.641471	-0.18615241	-2.9226126e-09	-0.00046116073	-2.0345052e-08	0.00012796224	0.15999097	-0.0366984	10.556927	-3.36826	0.6640436	-0.0030071735	1.0	1.7694737	0.0015291168	690000	2131.1512405872345
23	3.9496336	2.7310693	8.252222	-1.031278	23.33106	17.304035	81.65253	3.5469606	1000.0	16242.952	0.02255965576171875	0.4491683	0.5440912	2.0157607	-1.1081864	2.869254	2.0374963	16.711123	-0.9096838	4.1103867e-09	-0.00061453163	-8.138021e-09	-0.0009322835	0.16567582	-0.034188986	8.198982	-2.6356502	0.66103643	-0.0034834146	1.0	1.7700167	0.0013443547	720000	2209.970191001892
24	5.7568603	3.9081604	13.94105	-2.2702637	27.70696	17.0041	79.64733	3.6829479	1000.0	17074.16	0.022765546875	0.5191483	0.5556115	2.2338836	-1.2213839	2.5275307	1.7300001	18.227598	-0.2644164	1.1753148e-08	-0.0011458016	2.0345052e-08	-0.0010517456	0.20630759	-0.044561133	8.747165	-2.0368595	0.657553	-0.0019102097	1.0	1.7702926	0.0016773527	750000	2289.713299036026
25	3.7218523	3.048763	12.619733	-1.3818427	26.099209	16.780985	64.68049	3.2669287	1000.0	17857.137	0.022893765024038462	0.45518547	0.5677751	2.0407171	-1.1778665	2.6929843	1.8970647	17.001902	-0.33252147	-8.32928e-09	-0.002639273	-1.0172526e-08	-0.0051637003	0.13469738	-0.03776849	9.390182	-2.1788096	0.6556428	-0.00071948767	8.0	1.7703661	0.0062642274	780000	2370.5942759513855
26	4.6055355	3.3436203	11.569359	-0.98457175	24.248009	18.810118	79.38343	3.3316393	1000.0	18584.578	0.02294392361111111	0.4787517	0.5395071	1.9751701	-1.1759195	2.7876437	2.0810084	21.409452	-0.96237147	-3.3071812e-09	-0.00087400526	4.0690105e-09	-0.0019731119	0.16753106	-0.05436659	7.8665314	-2.4438343	0.6549233	-0.0015180707	1.0	1.7679281	0.0015080997	810000	2449.5252821445465
27	4.4451275	2.89263	12.690518	-1.6995198	26.404148	19.44695	76.44414	4.2434006	1000.0	19376.701	0.023067501395089285	0.49004495	0.55752116	2.0832129	-1.3133941	2.2367322	1.8028967	18.172771	-0.7268929	-6.7397137e-09	-0.00091432943	-1.6276042e-08	-0.00030037842	0.17241725	-0.048417255	9.433669	-2.8171825	0.65340525	-0.0007020235	1.0	1.7671013	0.001518655	840000	2527.891661167145
28	4.919184	3.6876807	12.895855	-1.7927502	30.79129	21.303503	96.7152	4.6387153	1000.0	20300.441	0.02333384069683908	0.5550694	0.5719846	2.105774	-1.1400604	3.254608	2.7336893	26.244427	-0.27324545	1.7101125e-09	-0.0005249342	-8.138021e-09	-0.00095881347	0.17510173	-0.03558001	9.24872	-2.6156826	0.6527032	0.0021052957	1.0	1.7664049	0.0008144279	870000	2606.058801651001
29	4.7223067	3.5271983	11.851053	-0.5048406	27.761162	20.622305	78.0628	4.201422	1000.0	21133.275	0.023481417100694443	0.50534177	0.565138	2.2965987	-1.2642688	2.8033774	2.2369914	21.202509	-1.1119046	4.0362074e-09	-0.00041149807	8.646647e-09	-0.00029619242	0.1493889	-0.04312572	9.968219	-3.4877949	0.6548085	0.0032319427	1.0	1.7656319	0.00015866153	900000	2684.6930718421936
30	6.080085	4.485987	19.034275	-2.6190832	33.665535	23.995296	92.30269	4.6568923	1000.0	22143.242	0.023809937836021505	0.59688133	0.59676826	2.5160456	-1.2990093	2.7922168	2.4805293	23.841082	-1.4108748	-3.3108893e-09	-0.00058101385	-1.2207031e-08	-0.0013906901	0.23150781	-0.06821057	15.25881	-6.641264	0.65804046	0.0068460703	1.0	1.7650125	0.00071482424	930000	2763.5339045524597
31	5.2522793	3.509086	13.854328	0.22652754	27.096655	15.216743	55.84396	4.948061	1000.0	22956.14	0.023912646484375	0.61592615	0.62643045	2.5992744	-1.053721	3.6016803	2.7341208	27.608786	-1.2759666	2.4309648e-09	-0.009893288	1.2207031e-08	-0.023322862	0.20779273	-0.056005687	9.984281	-4.605591	0.66488653	0.01349169	52.0	1.7642778	0.012169564	960000	2848.2353417873383
32	5.696246	2.8520424	10.864037	-0.9118785	31.845875	17.897533	63.475822	5.2521205	1000.0	23911.518	0.024153048058712122	0.6008197	0.59862113	2.206498	-1.4142103	2.892494	2.0747907	26.04578	-1.3618066	-6.9127176e-10	-0.01022142	-1.2207031e-08	-0.018889962	0.1734676	-0.05225146	9.832273	-3.8059578	0.6783782	0.018505633	79.0	1.7524037	0.010143508	990000	2936.1720972061157
33	6.0240602	3.702794	13.65947	-0.60415214	34.470993	21.79138	87.549866	5.175396	1000.0	24945.648	0.024456518075980392	0.61694604	0.6351103	2.4342914	-1.1320659	3.2402647	2.382392	17.518509	-0.22069834	4.5784856e-09	0.00013133444	-1.2207031e-08	0.00078450725	0.2009052	-0.057894498	14.300013	-5.795228	0.69688386	0.0134148	2.0	1.7421918	0.001311453	1020000	3014.833148956299
34	6.2503877	3.3410828	11.534063	-1.046884	26.329424	20.182005	87.87122	4.4814715	1000.0	25735.531	0.02451002976190476	0.6845888	0.6267736	2.3514125	-1.1883856	3.266361	2.4231517	22.540323	-1.1380545	-5.1641176e-09	-0.0012641944	-8.138021e-09	-0.0020123068	0.19392467	-0.055968404	10.289086	-4.120417	0.71029866	0.013077438	3.0	1.741684	0.0032883617	1050000	3094.5046434402466
35	7.1947355	3.6477687	16.468832	-0.39126447	22.601011	14.012959	62.853176	5.4848413	1000.0	26413.56	0.02445700050636574	0.7435527	0.640004	2.451416	-1.2722219	2.6869142	2.0202599	25.063465	-0.57717866	-7.4342914e-09	-0.0006064333	-3.4586588e-08	-0.0014626933	0.20144796	-0.05206032	7.6791115	-2.7486567	0.7233761	0.01063627	1.0	1.7406161	0.0019222285	1080000	3174.320583343506
36	6.7969413	3.5245125	12.942906	0.7768801	29.356756	15.67178	68.582085	4.702087	1000.0	27294.264	0.02458942673141892	0.7495945	0.62409353	2.473237	-1.2165809	2.485463	2.0309725	25.5215	-0.80033493	-8.138021e-09	-0.0008983012	-8.138021e-09	-0.0010530192	0.21533045	-0.06648046	8.0560255	-3.200501	0.73401237	0.011854947	1.0	1.7398776	0.00092648633	1110000	3254.7782773971558
37	5.3208632	3.389121	17.627598	-1.0902816	32.200138	20.050554	90.8468	3.694984	1000.0	28260.268	0.024789708401864036	0.66123396	0.641815	2.3690841	-1.3981694	3.0040848	2.253392	22.16658	-0.5541106	-9.284084e-09	-0.0005166658	-1.6276042e-08	-0.0032370605	0.19070394	-0.055710837	11.465111	-4.4631963	0.7458673	0.01422137	1.0	1.7391052	0.006749815	1140000	3335.0137736797333
38	7.2719665	4.163954	17.075296	0.057733543	23.992256	15.807555	60.939884	3.7822857	1000.0	28980.035	0.02476926081730769	0.68665016	0.63117427	2.5909078	-1.4094715	2.8604074	1.9770877	22.651636	-0.034631938	-5.5955307e-09	-0.001078836	-1.8310548e-08	-0.0024416177	0.25906804	-0.07651703	6.9407387	-2.4701471	0.7600887	0.012604296	1.0	1.7384282	0.00321255	1170000	3414.0242824554443
39	5.322914	4.0762434	14.101501	-1.5651815	27.403025	16.593996	74.85215	3.6936994	1000.0	29802.127	0.024835105794270833	0.6635367	0.6739667	2.7937381	-1.3917859	2.742706	2.0481102	21.536358	-0.55635726	-8.554734e-09	-0.010433586	-4.0690104e-08	-0.023094902	0.2020459	-0.06530577	8.001804	-3.1767864	0.772693	0.01934737	48.0	1.7377682	0.012349508	1200000	3499.559499502182
40	5.40623	3.5731847	13.500247	-0.64875376	32.086277	16.118124	62.11964	3.8093808	1000.0	30764.715	0.025011963287601625	0.6134226	0.6279767	2.384679	-1.5255021	3.0665073	2.5839782	19.076256	-0.28160307	-2.2825342e-09	-0.008378626	-5.086263e-10	-0.018878179	0.19600114	-0.068038836	9.061655	-3.2627907	0.79204035	0.020483375	38.0	1.7214758	0.012296962	1230000	3582.064644098282
41	7.1398826	2.967341	12.916754	-0.8448632	25.890411	17.634628	72.932106	3.8231235	1000.0	31541.426	0.025032877604166667	0.7020466	0.6507864	2.763159	-1.3672276	3.0798256	2.1269712	18.86433	-0.56451315	2.3850912e-09	-0.007891046	-1.2207031e-08	-0.017662514	0.27313605	-0.08561239	9.033931	-3.5668774	0.8125237	0.019355893	39.0	1.7146902	0.012001001	1260000	3667.6054558753967
42	8.224894	3.6472473	16.147009	0.4157643	28.980886	20.773973	87.22748	4.179077	1000.0	32410.854	0.025124692647771316	0.8133114	0.68240297	2.705585	-1.6720921	2.689055	2.3670526	25.325254	-1.4066645	7.582716e-09	-0.0009285689	8.138021e-09	-0.0011352702	0.23504384	-0.068958655	10.670607	-4.8400497	0.8318796	0.015891075	2.0	1.7081885	0.0009590738	1290000	3747.498209953308
43	8.321784	3.2052598	16.831146	3.3749158	26.512825	15.685699	62.002754	3.9994984	1000.0	33206.24	0.02515624112215909	0.86975235	0.6566598	2.6835923	-1.1372904	2.7945516	2.3639412	23.474083	-2.4867013	-8.1352125e-10	-0.00023690116	-1.0172526e-08	-0.0017822998	0.21791741	-0.06885268	8.750772	-3.8749776	0.8477707	0.01528883	1.0	1.708103	0.004353483	1320000	3826.488805770874
44	6.589633	3.3017418	13.824457	0.90967625	25.134966	16.26839	76.53199	3.6962206	1000.0	33960.285	0.025155766782407406	0.7909828	0.7352977	3.0166993	-1.4635159	2.6777916	2.0902357	21.211494	-0.8678677	-8.072824e-09	-0.0012161027	-1.8310548e-08	-0.0016009705	0.19440894	-0.0773717	10.1216545	-4.6465816	0.8630595	0.014135897	1.0	1.7081351	0.0021986135	1350000	3905.9094717502594
45	8.697925	4.4639945	16.928816	0.41072562	28.154692	17.648449	59.068947	3.8023953	1000.0	34804.926	0.025220960711050726	0.7799298	0.6349192	2.3126178	-1.43139	2.9874644	2.812948	26.989176	-1.9205939	-7.0732558e-09	-0.0008453035	-2.4414062e-08	-0.0022721027	0.28423744	-0.102866545	9.5960045	-4.2648044	0.8771954	0.014745176	1.0	1.7080988	0.0031674097	1380000	3984.813674926758
46	7.4487906	3.2717993	13.203165	0.6456486	25.276176	17.635382	77.195435	3.5200727	1000.0	35563.215	0.025222138187056736	0.87384164	0.6917875	2.8696802	-1.28861	2.8374505	2.2050045	20.92269	-1.5187705	1.6858989e-09	-0.0004179683	8.138021e-09	-0.0003691691	0.2622867	-0.09151313	8.758399	-3.9558573	0.8919406	0.013708115	1.0	1.7083138	0.0020999087	1410000	4064.634468317032
47	7.316278	3.9890566	15.982768	0.24862826	22.38154	15.206574	68.56898	3.4018571	1000.0	36234.66	0.02516295844184028	0.76579946	0.6647244	2.519743	-1.3326892	2.825422	2.3929117	21.064814	-1.0276527	3.9682795e-09	-0.0014421641	6.1035155e-09	-0.0031353394	0.22791158	-0.071092665	7.8521	-3.695621	0.9056487	0.010995567	1.0	1.708144	0.0034125652	1440000	4143.872717142105
48	7.5456405	2.9198923	13.315728	1.7532159	27.11082	17.784124	76.940735	4.214525	1000.0	37047.984	0.025202710459183673	0.83244103	0.69881374	3.2506626	-1.1626973	2.3054543	1.953491	20.653942	-1.0847936	6.236095e-09	-0.0007119742	1.525879e-08	-0.0012523661	0.23486364	-0.08460325	9.436104	-4.5563946	0.9166443	0.011364579	1.0	1.7077676	0.00120761	1470000	4222.315059423447
49	7.912808	3.7556124	15.551752	0.9583951	28.197823	20.481966	69.82832	3.0185738	1000.0	37893.918	0.025262611979166665	0.8173233	0.67683154	2.7086573	-1.6603906	2.8103004	2.8107774	32.5846	-2.0147698	6.2512955e-09	-0.00069010013	1.6276042e-08	-0.0011033773	0.2732189	-0.096348464	10.000365	-4.7515116	0.92800885	0.012354851	1.0	1.7077254	0.0005205428	1500000	4301.33594250679
50	7.982211	3.8063238	15.484917	-2.4304261	30.986532	21.183947	87.81953	9.08629	1000.0	38823.516	0.02537484681372549	0.8986798	0.69121236	2.6697083	-1.6090057	2.8324258	2.3327277	21.530672	-1.8163104	-3.3102652e-09	-0.0009396303	-1.1698405e-08	-0.0022618312	0.24239726	-0.09215593	10.687721	-4.8521967	0.9403637	0.01486963	1.0	1.707608	0.0020776931	1530000	4380.610845088959
51	7.9388156	3.9033682	16.930756	0.5325978	22.130238	16.36738	76.44812	3.5236485	1000.0	39487.42	0.025312449919871794	0.8553973	0.6458687	2.227018	-1.1055458	2.9395893	2.3336945	20.504835	-0.4553296	4.022429e-09	-0.0011367737	6.1035155e-09	-0.0012062682	0.2702617	-0.11354002	7.5425863	-3.67908	0.95523334	0.011803687	1.0	1.7073702	0.0020997543	1560000	4461.098495483398
52	8.192216	2.8422558	13.7977495	1.6890492	27.243	16.110088	67.08066	3.798517	1000.0	40304.71	0.02534887480345912	0.84935266	0.68329114	2.787951	-1.3550655	2.6055317	2.289026	23.050068	-4.7089376	-2.0345055e-09	-0.0012274927	-2.0345052e-09	-0.0020901836	0.24012835	-0.11137335	10.157021	-4.933857	0.967037	0.012481868	4.0	1.7070622	0.0015141815	1590000	4541.749604225159
53	7.5350018	3.6206646	20.226719	0.7817146	24.709133	14.038023	59.8109	3.8900309	1000.0	41045.984	0.025337027391975308	0.81911665	0.6733571	2.5354695	-1.5052404	2.8420577	2.0787344	23.642513	-1.4438442	2.5378691e-08	-0.00064604706	3.051758e-08	-0.0016938293	0.24195193	-0.0904271	6.8750324	-2.675353	0.9795189	0.010922313	1.0	1.7050166	0.0011449778	1620000	4621.284499406815
54	7.4717126	3.270818	15.97942	2.193598	26.210741	18.995138	89.592865	4.2122483	1000.0	41832.31	0.025352914299242423	0.809219	0.6846106	2.6630988	-1.6320897	2.7465382	2.0123227	18.88456	-1.108585	-1.5332067e-09	-0.0009863977	0.0	-0.0018315674	0.24746265	-0.09569575	8.132566	-3.376985	0.9904412	0.010773182	1.0	1.7038925	0.004070006	1650000	4700.782804727554
55	7.846895	2.7123728	13.2659855	2.0216722	24.559511	17.882841	59.843708	3.2797246	1000.0	42569.094	0.025338746279761903	0.8374715	0.69231635	2.7495956	-1.752746	2.5440943	2.4370208	23.858032	-1.4400976	-1.2213205e-08	-0.008907629	-2.2379558e-08	-0.018462466	0.2363433	-0.098548174	7.83138	-3.5737581	1.0012144	0.014504194	40.0	1.7026834	0.011934984	1680000	4783.725947856903
56	7.465646	3.3793054	13.037501	1.7478768	25.646547	22.199087	117.964355	3.7173324	1000.0	43338.49	0.02534414519371345	0.80011415	0.67479146	2.4909024	-1.3170462	2.5488148	2.4557028	22.188013	-0.7219791	-5.0148707e-09	-0.001548373	4.0690105e-09	-0.002693054	0.2562108	-0.11551416	9.057241	-4.3535905	1.0157186	0.009634852	2.0	1.6934512	0.0016316852	1710000	4862.867237091064
57	8.540492	3.1717606	13.979066	1.5236335	23.913597	18.338255	76.33479	3.0189788	1000.0	44055.9	0.025319481860632185	0.8681865	0.6938345	2.6990488	-1.6357445	2.2030878	2.1070654	27.276852	-0.7613921	4.520334e-09	-0.0015632261	0.0	-0.0041592447	0.24512406	-0.094344035	8.524332	-3.9834332	1.0253534	0.00783968	1.0	1.692517	0.009010581	1740000	4941.726520061493
58	8.88336	2.9735353	14.496551	3.4252322	24.263023	17.142094	64.83101	2.959445	1000.0	44783.79	0.025301575741525424	0.92190564	0.6990878	2.8887188	-1.674369	2.6470876	2.714481	25.437113	-0.70635563	-1.2439533e-08	-0.007134283	-2.6448568e-08	-0.018485261	0.2843584	-0.13393882	6.9014134	-3.2399561	1.0331931	0.009679675	25.0	1.6916138	0.013686763	1770000	5023.355740785599
59	7.589158	3.123398	14.6067915	1.8855292	18.595665	11.608457	44.31129	2.849633	1000.0	45341.656	0.025189809027777777	0.9255513	0.6903249	2.8362846	-1.4654864	2.5749755	2.3095615	21.110636	-1.2121308	5.4738685e-09	-0.00695371	-6.1035155e-09	-0.0163849	0.2640302	-0.12566783	6.2551093	-3.5117853	1.0428728	0.0044258833	22.0	1.7034686	0.011658544	1800000	5106.160753250122
60	7.2197547	3.0414798	12.848097	0.15829387	25.727684	16.236126	74.626465	2.5011623	1000.0	46113.49	0.025198627476092895	0.79506356	0.70242965	2.8136616	-1.6122328	1.9368359	1.7334903	16.588526	-1.2229978	-3.292811e-08	4.2496238e-05	-4.8828124e-08	-0.0006336873	0.25852644	-0.108955845	7.6712594	-3.611199	1.0472987	0.0020984411	2.0	1.7161686	0.0011350659	1830000	5185.6951994895935
61	7.6793528	2.7667902	13.200164	2.3356466	19.274773	17.173206	80.99713	2.5874333	1000.0	46691.73	0.02510308089717742	0.8111222	0.69776505	2.9333375	-1.7322906	2.1070712	2.0922232	18.048094	-1.0349365	6.7715162e-09	-0.00066424964	1.3224284e-08	-0.0019642126	0.25665578	-0.10478264	6.8900495	-3.4662275	1.0493971	-0.0022323132	1.0	1.7168319	0.0013981552	1860000	5264.845142126083
62	7.6337996	4.102478	17.412218	0.1676296	21.185343	16.301401	66.12776	2.445407	1000.0	47327.293	0.025040895750661377	0.87866604	0.72471815	2.6566494	-1.6880713	2.2064228	2.4888425	23.35706	-3.3559866	-1.0669434e-08	-0.0022104704	-1.0172526e-08	-0.0039456165	0.3373583	-0.1547505	8.7824	-4.427269	1.0471648	-0.0046344995	1.0	1.7168965	0.008906441	1890000	5335.851710557938
