Epoch	AverageEpRet	StdEpRet	MaxEpRet	MinEpRet	AverageEpCost	StdEpCost	MaxEpCost	MinEpCost	EpLen	CumulativeCost	CostRate	AverageVVals	StdVVals	MaxVVals	MinVVals	AverageCostVVals	StdCostVVals	MaxCostVVals	MinCostVVals	LossPi	DeltaLossPi	SurrCost	DeltaSurrCost	LossV	DeltaLossV	LossVC	DeltaLossVC	Penalty	DeltaPenalty	StopIter	Entropy	KL	TotalEnvInteracts	Time
0	-0.21114452	1.1468623	2.3305612	-2.2766945	72.083336	59.834435	179.0	2.0	1000.0	2405.0	0.08016666666666666	0.7673458	0.53295445	2.0703483	-1.0060328	-0.289682	0.118246295	0.3031673	-0.87380314	-1.4901161e-08	0.023231242	-5.9604645e-08	-0.010390008	0.9906473	-0.8990435	146.73018	-87.08876	0.99999994	0.032042563	1.0	1.837877	0.068296164	30000	27.985718727111816
1	-0.18231398	1.0085833	1.1539096	-2.5018215	81.958336	69.8543	237.0	2.0	1000.0	4902.0	0.0817	0.03696653	0.2747568	0.9200828	-1.0088643	7.2697406	4.244788	16.207975	-2.893485	4.0978193e-08	0.010822011	6.7055225e-08	-0.015381677	0.102409825	-0.021426836	57.260498	-15.691391	1.0320425	0.03273189	1.0	1.8383043	0.053544283	60000	54.47844958305359
2	0.14592858	1.1861949	1.9340843	-2.5523365	53.125	42.126114	135.0	0.0	1000.0	6769.0	0.07521111111111112	-0.02049813	0.35591024	0.65835595	-1.1971368	6.4962487	5.9688168	23.648926	-5.534108	1.8626451e-08	0.0023166398	4.0978193e-08	-8.4018335e-05	0.09574516	-0.01128692	33.345932	-6.4964066	1.0647744	0.031602502	1.0	1.8389487	0.011896955	90000	80.96632957458496
3	0.22291549	1.0362978	2.8706896	-2.1220014	72.041664	49.16001	180.0	0.0	1000.0	8941.0	0.07450833333333333	-0.060889952	0.44706154	0.9831287	-1.3366878	7.7456856	5.1945777	28.762833	-2.1915734	-1.8626451e-08	0.0003261729	-3.7252903e-08	-0.013137403	0.07596775	-0.026400177	39.27265	-7.243415	1.0963769	0.032618523	1.0	1.8393105	0.02156806	120000	107.71770739555359
4	-0.7637718	1.2908267	2.3219898	-2.7143521	60.666668	58.929806	191.0	0.0	1000.0	10680.0	0.0712	0.112482734	0.3051944	0.63721555	-0.87962276	5.702675	5.3470187	28.609938	-4.035637	-1.1175871e-08	-0.010990428	-1.1175871e-08	-0.025317298	0.14887418	-0.060976047	37.875114	-12.012529	1.1289954	0.03366053	13.0	1.83951	0.013698759	150000	135.75892090797424
5	-0.43478453	1.3519273	2.6740406	-3.4465384	53.75	48.3884	196.0	0.0	1000.0	12433.0	0.06907222222222222	-0.0055285124	0.40612695	0.9388954	-1.463085	5.3202085	5.385896	33.02237	-2.0420554	-3.7252903e-09	-0.007648588	2.2351742e-08	-0.020446809	0.13284105	-0.024129916	29.497478	-8.168621	1.162656	0.033319592	10.0	1.8406417	0.014846031	180000	163.44534969329834
6	-0.38223186	1.2008302	2.3955197	-3.390811	62.791668	44.23044	141.0	0.0	1000.0	14234.0	0.06778095238095239	-0.045052458	0.36268526	0.76827586	-1.2448239	6.741624	6.1713166	32.140617	-1.6865458	1.8626451e-08	-0.011588105	2.9802322e-08	-0.027171873	0.09803162	-0.018606924	34.044926	-8.648809	1.1959755	0.034169436	11.0	1.8435633	0.012135606	210000	191.32832288742065
7	-0.4354571	1.071862	1.8521668	-2.1598961	57.541668	63.13938	210.0	0.0	1000.0	15804.0	0.06585	-0.03689527	0.35954648	0.668303	-1.1719489	5.7037253	5.646363	31.454851	-2.072344	7.450581e-09	-0.0028360228	-7.450581e-09	-0.007306508	0.07473208	-0.01564281	35.393684	-9.544015	1.230145	0.033774257	2.0	1.8425592	0.0074980417	240000	218.8185863494873
8	-0.7985956	1.3520323	2.3060403	-3.2661974	30.875	34.490715	142.0	0.0	1000.0	16779.0	0.06214444444444445	0.01258115	0.3405697	0.7141895	-1.1028923	2.9903936	4.3991284	32.531765	-3.4625516	3.7252903e-09	-0.0020899996	1.4901161e-08	-0.004557571	0.11153769	-0.038732074	20.636017	-6.436702	1.2639192	0.031228423	2.0	1.8419752	0.0051131626	270000	245.92533206939697
9	-0.06386595	1.3002766	2.3694851	-2.0100296	45.875	41.637638	152.0	0.0	1000.0	18092.0	0.06030666666666667	-0.048062	0.37736082	0.92149943	-1.2426814	4.9287214	4.9380198	32.28028	-2.4574094	-3.7252903e-09	-0.0043181274	-2.9802322e-08	-0.010133242	0.10130922	-0.031121997	25.754566	-7.2678714	1.2951477	0.031064987	4.0	1.8416425	0.007176752	300000	273.4498972892761
10	-0.54086715	1.5430429	2.6418374	-2.8151448	56.625	37.06055	148.0	0.0	1000.0	19737.0	0.05980909090909091	0.0032665303	0.42162484	1.00817	-1.2139567	4.543047	4.7114134	31.754927	-1.6261859	-6.0535967e-09	-0.0024189055	-2.0489097e-08	-0.009626402	0.11272465	-0.03668941	24.16956	-6.0919876	1.3262126	0.031765103	2.0	1.8412246	0.0108817555	330000	301.0282835960388
11	-0.43811393	1.3577436	2.6563065	-2.9604836	32.291668	33.78545	107.0	0.0	1000.0	20678.0	0.05743888888888889	-0.032518208	0.41881245	0.8959556	-1.2303952	3.3071568	4.6755686	29.4564	-2.3347611	-7.916242e-09	-0.0052386676	-1.21071935e-08	-0.0130383	0.10674566	-0.03781398	13.793709	-3.610427	1.3579777	0.030357242	8.0	1.8410304	0.011428518	360000	330.5957691669464
12	-0.58785117	1.2550274	2.3554811	-2.7388022	28.208334	25.729326	83.0	0.0	1000.0	21595.0	0.055371794871794874	-0.0010010249	0.4055459	0.97022533	-1.1975117	3.5494542	4.328384	28.524961	-1.8723326	-1.8626451e-09	-0.015617291	-7.450581e-09	-0.03261456	0.12453839	-0.05247188	18.206532	-4.965831	1.388335	0.029636383	23.0	1.8407233	0.013759246	390000	360.10673356056213
13	-1.0499583	1.6297063	2.233399	-4.3581705	43.958332	77.28436	398.0	0.0	1000.0	22837.0	0.054373809523809526	-0.040814642	0.4827694	0.9101789	-1.5090988	2.9556577	3.5437474	26.163494	-1.4788347	1.4901161e-08	-0.0039314386	1.4901161e-08	-0.009018273	0.11967273	-0.04209326	88.10845	-62.664753	1.4179714	0.028117537	2.0	1.8363825	0.0064458577	420000	387.17745304107666
14	-0.48264876	1.1244628	1.4003036	-2.9234252	31.875	30.65033	98.0	0.0	1000.0	23853.0	0.05300666666666667	-0.091551796	0.5033159	1.0218371	-1.3383906	4.6070356	6.7229733	54.351677	-2.725365	0.0	-0.003984227	-3.7252903e-09	-0.01888039	0.12226664	-0.04487793	37.42241	-25.212557	1.4460889	0.026673555	2.0	1.8357298	0.022088114	450000	414.5396075248718
15	-1.3153683	1.8362463	1.9825011	-4.7257423	17.625	17.080233	53.0	0.0	1000.0	24328.0	0.05068333333333333	-0.008280566	0.5013414	1.4018085	-1.5378395	1.3835921	2.452753	22.090958	-2.7177446	-1.6763806e-08	-0.0042211637	-1.1175871e-08	-0.009415215	0.18281092	-0.065027714	9.803339	-4.2856326	1.4727625	0.023813725	10.0	1.8349009	0.010541817	480000	442.77513813972473
16	-1.2265873	1.8849763	1.3225496	-5.8523717	27.208334	24.789074	80.0	0.0	1000.0	25076.0	0.04916862745098039	-0.14006145	0.6011211	1.3344177	-1.9277343	2.0436053	3.4168146	28.259798	-1.7543406	9.313226e-09	-0.010503946	1.4901161e-08	-0.019475799	0.15741065	-0.061316762	10.155592	-4.0662746	1.4965762	0.023012638	26.0	1.8327389	0.013096857	510000	472.3507137298584
17	-1.0579578	1.2613804	2.0654864	-3.3691418	16.458334	17.94431	71.0	0.0	1000.0	25594.0	0.0473962962962963	-0.036095954	0.67444116	1.2837226	-1.8253847	2.3636885	3.0151384	22.730787	-2.8117151	9.313226e-09	-0.0036833186	1.4901161e-08	-0.013060269	0.183436	0.0032243002	10.122198	-3.9270928	1.5195888	0.01872456	7.0	1.8319649	0.0154451225	540000	500.1507601737976
18	-1.3060168	1.8799695	2.1192355	-5.1955304	10.875	13.195051	49.0	0.0	1000.0	25948.0	0.04552280701754386	0.27323738	0.6226542	1.633718	-1.5720099	1.4689763	2.1021237	19.139212	-1.1042935	-1.3038516e-08	-0.0011502631	-5.5879354e-09	-0.0015134397	0.23643938	-0.13808635	4.7382026	-1.5780735	1.5383134	0.01423192	2.0	1.8332863	0.0009981055	570000	527.5211431980133
19	-0.8234834	1.2391648	2.1776254	-2.9700437	13.75	12.54741	50.0	0.0	1000.0	26671.0	0.04445166666666667	-0.054710317	0.67157936	1.8364505	-1.9222729	1.5147828	2.1208434	19.660444	-2.9254808	0.0	-0.0008823755	1.4901161e-08	-0.004137453	0.18762398	-0.07236666	29.8378	-21.27126	1.5525453	0.011022806	1.0	1.8340564	0.0054852925	600000	554.7496778964996
20	-1.6538491	1.4902259	0.55755883	-5.2722564	8.958333	11.352237	36.0	0.0	1000.0	27006.0	0.042866666666666664	0.015952542	0.62812203	1.8451874	-1.7841063	1.2855425	1.7694665	21.117128	-2.727389	7.450581e-09	-0.010646852	1.4901161e-08	-0.019075088	0.21823563	-0.07755794	6.389664	-3.0521033	1.5635681	0.008894324	20.0	1.8344896	0.009571614	630000	583.870420217514
21	-0.79498523	1.6130735	2.2686827	-3.3692925	11.791667	13.530765	50.0	0.0	1000.0	27362.0	0.041457575757575756	-0.16411574	0.6764707	1.1736346	-1.8976953	1.5410873	2.4042695	18.31374	-0.42404103	0.0	-0.0088244565	3.7252903e-09	-0.017403973	0.16921875	-0.057199515	6.341545	-3.0741878	1.5724624	0.0072846413	28.0	1.8304851	0.01315414	660000	613.6957035064697
22	-1.1649426	1.9309727	2.0576947	-7.6556177	7.9166665	8.225553	29.0	0.0	1000.0	27584.0	0.039976811594202896	-0.1026517	0.6510889	1.3978145	-1.9059391	0.9141143	1.3535028	15.234083	-1.493124	5.122274e-09	-9.573635e-05	-3.7252903e-09	-0.0005500852	0.17339723	-0.0673695	2.7828155	-0.95404935	1.5797471	0.0015153885	2.0	1.8185813	0.00023399535	690000	641.1576030254364
23	-0.4845458	1.7227293	3.15986	-4.9040456	8.166667	10.644508	35.0	0.0	1000.0	27830.0	0.03865277777777778	-0.06606937	0.58133405	1.4945306	-1.9170548	0.629549	1.2696887	16.016182	-0.30917275	2.7939677e-09	-0.0026858116	3.7252903e-09	-0.0041840067	0.16408622	-0.06338217	4.0659003	-1.5369375	1.5812625	-0.0010342598	8.0	1.817535	0.0070609506	720000	669.0194201469421
24	-0.9294633	1.7822547	2.1619995	-6.4074044	9.958333	12.06054	44.0	0.0	1000.0	28143.0	0.037524	-0.000857311	0.6572483	1.4329299	-2.0842252	0.8639473	1.9558157	22.467907	-2.380425	1.4901161e-08	-0.009182097	1.6763806e-08	-0.016547395	0.15958586	-0.049823996	4.49515	-1.1826766	1.5802282	-0.0010700226	42.0	1.8152341	0.012279736	750000	700.1834437847137
25	-0.58136135	1.7223011	3.5710137	-4.6235595	14.208333	19.857784	96.0	0.0	1000.0	28627.0	0.03670128205128205	-0.026409555	0.64842397	1.2064067	-1.9994713	1.110006	2.0778131	19.900171	-0.62493	-1.8626451e-09	-0.00081280206	-1.1175871e-08	-0.0024755495	0.13366386	-0.04644613	16.438389	-8.204113	1.5791582	-0.0050969124	2.0	1.8181145	0.001801291	780000	727.8913972377777
26	-1.3013555	1.5804938	1.3052629	-5.246832	6.2083335	9.464756	40.0	0.0	1000.0	28793.0	0.03554691358024691	0.00020634664	0.6880771	1.3367846	-2.3107672	1.1383793	1.8188808	20.109627	-0.2522468	1.3038516e-08	-0.0005573203	1.9557774e-08	-0.0012009952	0.1577688	-0.06453045	3.1968527	-1.6153805	1.5740613	-0.0076619387	3.0	1.818207	0.0011760057	810000	755.5204901695251
27	-1.1199361	1.9156984	2.230997	-5.749549	9.416667	12.406035	44.0	0.0	1000.0	29095.0	0.034636904761904765	-0.0954467	0.6806215	1.2931491	-2.0203347	0.85118854	1.7135963	19.55582	-2.0936358	-3.7252903e-09	-0.009139196	0.0	-0.016481172	0.16125786	-0.056378115	3.9641528	-1.4941694	1.5663993	-0.006151676	41.0	1.8182214	0.01226728	840000	786.7076296806335
28	-0.9015641	1.649297	2.0985835	-4.4725685	15.583333	46.36892	222.0	0.0	1000.0	29539.0	0.03395287356321839	-0.03639083	0.62770706	1.4239618	-2.0243113	0.67542744	1.4799021	21.711353	-0.5668712	-1.1175871e-08	-0.0019615209	-1.4901161e-08	-0.0033295378	0.19219255	-0.0860299	36.425102	-31.239098	1.5602477	-0.0101614	2.0	1.8150547	0.0016994155	870000	814.3577859401703
29	-1.5140096	1.9681234	1.3824593	-7.627209	4.4583335	6.8311734	24.0	0.0	1000.0	29671.0	0.032967777777777776	-0.04868395	0.69217324	1.5225134	-1.9693732	0.507017	1.2848479	26.126247	-5.532099	-8.381903e-09	-0.010031613	-3.7252903e-09	-0.017013134	0.19622907	-0.06784618	2.3550022	-1.1791766	1.5500863	-0.008568287	44.0	1.8148391	0.012573413	900000	845.6189396381378
30	-1.2898308	1.5070064	1.9927609	-5.101232	5.0416665	7.2023096	22.0	0.0	1000.0	29834.0	0.03207956989247312	-0.12597653	0.70419717	1.6620307	-1.995384	0.52245444	1.1215024	20.032	-0.7677922	-9.313226e-10	-0.009104555	-3.259629e-09	-0.016541222	0.16505268	-0.05757303	2.0966797	-1.0116912	1.541518	-0.010416985	48.0	1.8007843	0.012423031	930000	877.6434233188629
31	-0.7813346	1.3768759	1.7491022	-4.1498103	5.0	6.8980675	23.0	0.0	1000.0	29970.0	0.03121875	-0.09118564	0.6918316	1.4465547	-2.1290693	0.48540294	0.9370948	10.597522	-1.9582652	-7.450581e-09	-0.0002443659	-5.5879354e-09	-0.0015251138	0.1518321	-0.05500832	1.2853743	-0.4835185	1.531101	-0.016018152	6.0	1.7928754	0.002421146	960000	905.5847496986389
32	-0.7863094	1.2531621	3.0191762	-2.6946628	5.9583335	8.979046	40.0	0.0	1000.0	30167.0	0.03047171717171717	-0.050543573	0.6533197	1.637548	-1.8141168	0.46627825	0.891417	10.63938	-0.8921591	5.5879354e-09	-0.00016459369	1.1175871e-08	-0.0020273025	0.16267446	-0.06667554	4.2730355	-2.6281216	1.5150828	-0.017998576	3.0	1.7923489	0.005831129	990000	933.2021400928497
33	-1.2206836	1.7723573	2.3389838	-4.5438194	3.5833333	6.738673	26.0	0.0	1000.0	30275.0	0.02968137254901961	-0.026069405	0.6184855	1.9262725	-1.8626897	0.37581158	0.8846226	13.958954	-0.65606195	-9.313226e-10	-0.0006417494	-3.7252903e-09	-0.00022763309	0.20169759	-0.07444714	2.2445996	-1.0642595	1.4970843	-0.019780159	1.0	1.7915533	0.0049177688	1020000	960.5152730941772
34	-1.444692	1.7449415	2.7439306	-4.6995916	4.9583335	8.283916	28.0	0.0	1000.0	30419.0	0.02897047619047619	-0.1658109	0.634137	1.457096	-1.9871053	0.4257835	1.2469349	22.000795	-1.5721424	1.8626451e-09	-0.00015075644	0.0	-0.001041609	0.14261244	-0.04895927	1.8784554	-0.9778974	1.4773041	-0.020968795	1.0	1.7912302	0.009577815	1050000	987.9633555412292
35	-0.57056504	1.3028723	2.7792952	-2.8579206	2.75	3.9921799	12.0	0.0	1000.0	30584.0	0.028318518518518517	-0.11212279	0.67016655	1.6235995	-1.6797917	0.36607203	0.82299477	19.708082	-0.6363618	0.0	-0.00058817887	-3.7252903e-09	0.00034287048	0.14549476	-0.065324225	3.2401254	-2.369073	1.4563353	-0.022333384	1.0	1.7910545	0.0044549834	1080000	1015.5345687866211
36	-1.3376781	1.5957136	0.7401875	-5.515043	13.708333	31.66686	158.0	0.0	1000.0	30937.0	0.02787117117117117	-0.11382642	0.6639842	1.5099968	-1.6799489	0.5187607	1.1286248	13.298255	-0.5583906	2.2351742e-08	-0.0011054704	3.7252903e-08	-0.0021079918	0.13141069	-0.056687403	16.989773	-13.997429	1.4340019	-0.021963	1.0	1.7909625	0.0026529145	1110000	1043.13312625885
37	-0.6171623	1.6595635	2.1807687	-5.937219	6.7916665	8.669771	31.0	0.0	1000.0	31123.0	0.027300877192982458	-0.068819255	0.6551733	1.4044204	-1.8734909	0.937528	1.672981	30.493868	-1.2989632	-2.7939677e-09	-0.0012490395	6.519258e-09	-0.00091648573	0.13499689	-0.059865855	3.4442286	-1.8242652	1.4120389	-0.022650361	1.0	1.7909652	0.006439379	1140000	1070.4089019298553
38	-0.680445	1.6225907	3.68271	-3.6513207	6.75	9.028889	32.0	0.0	1000.0	31310.0	0.02676068376068376	-0.044051144	0.6810842	1.3907118	-2.2803383	0.76479	1.5048655	20.713371	-0.6594747	1.8626451e-09	-0.0007046717	5.5879354e-09	-0.00068379164	0.12843692	-0.05665697	3.6355038	-2.073795	1.3893886	-0.023243785	1.0	1.7909808	0.0011817707	1170000	1097.7813403606415
39	-0.56800586	1.679336	3.1549664	-4.475564	5.5833335	9.810355	45.0	0.0	1000.0	31456.0	0.026213333333333335	-0.016396783	0.6849671	1.6114193	-1.6085609	0.57689273	1.0930738	15.805213	-0.22861655	3.7252903e-09	-0.0003899606	1.8626451e-09	-0.00040316535	0.13342784	-0.06266993	2.4657972	-0.9981848	1.3661448	-0.023899436	1.0	1.7909203	0.000977417	1200000	1125.253890991211
40	-0.5134873	1.685475	1.9741894	-4.576727	26.125	88.381424	445.0	0.0	1000.0	32140.0	0.02613008130081301	-0.15914705	0.6591442	1.3820539	-2.1849716	0.5753311	1.0461562	15.073572	-0.28399947	-2.9802322e-08	-0.0013905158	-5.9604645e-08	-0.0018187687	0.15258023	-0.08605942	97.73716	-86.93105	1.3422453	-0.021352291	1.0	1.790885	0.0017926604	1230000	1152.6771614551544
41	-0.8882492	1.943391	1.7867535	-5.955793	10.291667	10.216323	34.0	0.0	1000.0	32468.0	0.025768253968253968	-0.089345574	0.637291	1.4547216	-1.655462	1.1042358	2.6656947	61.15709	-1.0497842	-5.5879354e-09	-0.0011806228	-1.8626451e-09	-0.0020233819	0.14009824	-0.07045746	8.219134	-4.3075304	1.320893	-0.021560311	1.0	1.7909286	0.002054479	1260000	1180.0114347934723
42	-0.98041433	1.1985717	1.1473702	-3.2607846	6.375	8.73123	37.0	0.0	1000.0	32681.0	0.025334108527131784	-0.102522686	0.6216477	1.59087	-1.7738397	1.0382326	1.599018	16.00508	-0.044056535	9.313226e-09	-0.0006982498	6.519258e-09	-0.00048872153	0.13173379	-0.06273338	3.645286	-1.5495863	1.2993327	-0.02230692	1.0	1.7908124	0.0009650113	1290000	1207.3353984355927
43	-0.65036064	1.690707	1.9358056	-6.6297097	6.9166665	10.707928	47.0	0.0	1000.0	32931.0	0.024947727272727274	-0.08380764	0.6232509	1.3170333	-1.7146616	0.9591792	1.49842	16.271183	0.011588663	0.0	-0.0011609681	7.450581e-09	-0.0011084315	0.13554995	-0.06885125	3.6756172	-1.6223998	1.2770258	-0.022647977	3.0	1.7906587	0.0016443899	1320000	1234.8447480201721
44	-1.1539382	1.7890892	0.90773016	-7.8503695	3.4583333	4.924253	17.0	0.0	1000.0	33147.0	0.024553333333333333	-0.061778672	0.65982795	1.3267826	-1.9415668	0.7044805	1.1838131	16.511702	-0.4599044	3.958121e-09	-0.00042034552	3.7252903e-09	-0.0007756762	0.11375294	-0.05144961	6.7057333	-3.9709072	1.2543778	-0.02383411	1.0	1.7900555	0.0005498845	1350000	1262.126876115799
45	-0.287199	1.1743975	1.5470215	-2.6022847	5.3333335	7.898664	24.0	0.0	1000.0	33315.0	0.024141304347826086	-0.034566306	0.6561126	1.3529378	-1.7918442	0.5838753	1.1622554	17.877493	-1.1381216	1.0244548e-08	-0.000711077	5.5879354e-09	-0.00038048404	0.14599514	-0.07129577	3.7062707	-1.7991912	1.2305437	-0.024367332	1.0	1.7897367	0.0010315052	1380000	1289.7600054740906
46	-0.15959397	1.6763722	2.1176002	-4.8966913	7.4166665	9.978797	34.0	0.0	1000.0	33550.0	0.023794326241134752	-0.037678856	0.6209884	1.4342408	-1.682528	0.5671936	1.2234031	19.51812	-0.7021024	-1.3969839e-09	-0.00043811894	9.313226e-09	-0.00032769423	0.1301625	-0.060001545	4.453443	-1.8532859	1.2061764	-0.024537206	1.0	1.7895308	0.0008627295	1410000	1317.1166014671326
47	-0.41014946	1.4347054	2.3289573	-3.0471773	4.75	7.5897408	30.0	0.0	1000.0	33887.0	0.023532638888888888	-0.011585359	0.6155768	1.452676	-1.7571348	0.730149	1.1061028	20.923317	-2.5373876	7.450581e-09	-0.0014735337	2.2351742e-08	-0.0022317118	0.12558505	-0.054843787	18.870117	-14.425472	1.1816392	-0.025010586	1.0	1.7893398	0.0012415017	1440000	1344.4302411079407
48	-0.53245777	1.3714839	2.502382	-2.9252355	14.791667	14.448123	42.0	0.0	1000.0	34274.0	0.0233156462585034	-0.054206662	0.6120902	1.6249925	-1.8328518	0.95435864	2.8315344	29.93808	-0.44665328	-5.5879354e-09	-0.012288921	-1.8626451e-08	-0.027778473	0.11062394	-0.059344217	10.030984	-5.4575343	1.1566286	-0.02183342	18.0	1.7892953	0.015497208	1470000	1373.6144814491272
49	-0.14305988	1.6793779	3.1282268	-4.288867	6.625	11.235407	44.0	0.0	1000.0	34557.0	0.023038	-0.04817062	0.63730544	1.4278302	-1.5948824	1.1040083	1.6468056	18.36398	-0.06893936	0.0	-0.009319089	1.1175871e-08	-0.019025873	0.14408909	-0.07708363	9.178619	-6.393444	1.1347952	-0.017784238	40.0	1.7924726	0.012667164	1500000	1404.6464850902557
50	-0.79525393	1.719124	2.4033914	-5.1300797	5.0416665	11.573961	49.0	0.0	1000.0	34706.0	0.022683660130718954	-0.016823016	0.606678	1.3548665	-1.610289	0.7965678	1.964839	32.415115	-0.8580451	-1.1175871e-08	-0.008622202	-6.519258e-09	-0.017163236	0.14602771	-0.074904144	4.9711094	-3.1072109	1.117011	-0.018986583	41.0	1.7777907	0.012543075	1530000	1435.8372604846954
51	-0.6958205	2.1135747	1.9819616	-5.8476167	6.8333335	11.03278	36.0	0.0	1000.0	34879.0	0.022358333333333334	-0.062665276	0.6104539	1.380646	-1.8566635	0.6595607	1.4828737	24.745525	-0.011650413	-1.7695129e-08	-0.0013647429	-1.1175871e-08	-0.0030155827	0.11380468	-0.061309494	3.5016305	-1.5249166	1.0980244	-0.023936749	6.0	1.7696095	0.0039256164	1560000	1463.3296825885773
52	-0.3812755	1.7985885	1.8512833	-5.532093	6.0416665	9.391837	39.0	0.0	1000.0	35086.0	0.022066666666666665	-0.014652774	0.6002299	1.4798205	-2.3861802	0.5870086	0.92225546	14.201882	0.028180152	-1.8626451e-09	-0.0003366174	-3.7252903e-09	0.00020183134	0.11302392	-0.06251235	3.361095	-1.1847919	1.0740876	-0.024861336	1.0	1.768188	0.0025972857	1590000	1490.728199005127
53	-0.44172573	1.7201037	2.7147038	-3.7989607	4.75	7.980445	29.0	0.0	1000.0	35307.0	0.021794444444444446	-0.0567929	0.6389281	1.742532	-1.941412	0.79266644	1.5753405	30.883781	-0.62475896	1.3969839e-08	-0.00031720265	7.450581e-09	-0.0050577903	0.12973207	-0.07462155	5.5527134	-2.620224	1.0492263	-0.02508974	1.0	1.7677342	0.009293292	1620000	1517.9969148635864
54	-1.2927619	3.5701914	3.2980692	-14.192402	7.875	28.355352	143.0	0.0	1000.0	35500.0	0.021515151515151515	-0.113243036	0.6000066	1.5115206	-1.705282	0.43593392	1.1340125	20.953167	-1.2195174	7.450581e-09	-0.0007231565	-7.450581e-09	-0.00016544247	0.22297016	-0.15400594	9.713848	-5.9033103	1.0241365	-0.024808645	1.0	1.7672253	0.0033268672	1650000	1545.0380532741547
55	-0.4059938	2.6456053	5.0313954	-6.1260233	4.625	8.194573	29.0	0.0	1000.0	35642.0	0.02121547619047619	-0.05365845	0.62685657	1.3105563	-1.8357447	0.8892649	1.70303	31.561829	-0.6087068	-2.7939677e-09	-0.0008222684	-7.450581e-09	-0.00019542035	0.20736584	-0.122287214	3.9421482	-2.252414	0.9993279	-0.024888277	1.0	1.7666616	0.0015945008	1680000	1572.228394985199
56	-0.94644976	3.1800244	2.60405	-9.015528	7.375	11.097343	33.0	0.0	1000.0	35834.0	0.020955555555555557	-0.021869132	0.6510759	1.698931	-2.2416859	0.62641513	1.1083475	13.799088	-0.8051646	-9.313226e-09	-0.00039685797	2.7939677e-09	0.0002634164	0.1894232	-0.12102868	4.3101974	-1.6944666	0.9744396	-0.024585426	1.0	1.7660644	0.0040007853	1710000	1599.2446684837341
57	-0.44323993	1.7448161	3.2511623	-3.446899	7.25	9.942543	33.0	0.0	1000.0	36055.0	0.020721264367816093	-0.0717285	0.6072317	1.4528086	-2.0901685	0.64765626	1.0968249	17.1915	0.035680115	0.0	-0.00042120577	7.450581e-09	-0.00018982589	0.11768657	-0.060163073	3.9959557	-1.0504696	0.9498542	-0.024300754	1.0	1.7656087	0.0005983765	1740000	1626.528495311737
58	-0.70813864	1.8460865	2.3812542	-5.76898	5.5833335	10.927476	38.0	0.0	1000.0	36208.0	0.020456497175141242	-0.010745796	0.54372066	1.5746282	-1.5804235	0.6681694	1.0275022	13.864797	0.16434956	7.450581e-09	-0.0005353305	-3.7252903e-09	-0.0004767239	0.11363588	-0.06196795	4.326445	-1.9177359	0.92555344	-0.024194479	1.0	1.7652671	0.0004861326	1770000	1653.8356955051422
59	-0.2775563	1.8689806	3.0807323	-3.8142612	5.2916665	13.609063	52.0	0.0	1000.0	36378.0	0.02021	-0.10765508	0.5556141	1.4547787	-1.6592515	0.5371212	0.82356244	9.542527	0.2107361	5.5879354e-09	-0.0011053664	7.450581e-09	-0.0005134982	0.14334871	-0.08873921	4.4406233	-2.2381139	0.90135896	-0.024077654	1.0	1.765167	0.0030801082	1800000	1680.8783702850342
60	0.5349899	1.6958809	3.3881118	-2.4387767	7.7916665	13.632007	64.0	0.0	1000.0	36628.0	0.020015300546448088	-0.036301836	0.61928135	1.6988362	-2.0470214	0.5979315	1.3688713	16.208374	-0.19503403	4.656613e-10	-0.0006876775	-1.8626451e-09	-0.0012449436	0.11225115	-0.06379558	5.9452395	-3.0254178	0.8772813	-0.023633897	1.0	1.7652311	0.0009933123	1830000	1708.019463300705
61	-1.0702099	1.4218801	1.6681008	-3.6591232	3.9166667	6.0340466	18.0	0.0	1000.0	36768.0	0.01976774193548387	-0.013796308	0.61130667	1.526113	-1.6333914	0.58873	0.9174784	16.060608	0.16904128	9.313226e-09	-0.00053996884	-3.7252903e-09	-0.00041341595	0.102329016	-0.057955913	2.6644878	-1.0556337	0.8536474	-0.023667455	1.0	1.7652597	0.0009346421	1860000	1735.2965049743652
62	-1.4281155	2.6409643	3.4018545	-8.880857	6.625	12.164883	53.0	0.0	1000.0	36958.0	0.019554497354497356	-0.10365972	0.5782933	1.3762473	-1.7118653	0.64845675	1.1781377	17.933983	0.18841642	1.8626451e-08	-0.0006174968	3.7252903e-09	-0.0005396041	0.11225101	-0.062477317	6.3231792	-2.0180223	0.82997996	-0.023325622	1.0	1.7653077	0.0008326282	1890000	1762.6069321632385
63	0.08077275	1.7357849	3.7773683	-3.743459	5.9166665	7.4437714	23.0	0.0	1000.0	37187.0	0.019368229166666667	-0.057186488	0.58744484	1.3852273	-1.6962907	0.68750846	0.8877783	11.493891	-1.0853479	0.0	-0.0007059348	-1.8626451e-09	-0.0011522948	0.088223845	-0.047839943	9.267575	-4.203747	0.80665433	-0.023061454	1.0	1.7654876	0.0017202846	1920000	1791.0665369033813
64	-1.3462256	2.9431086	2.675502	-8.211954	15.375	63.720623	320.0	0.0	1000.0	37573.0	0.019268205128205127	-0.119643755	0.6251762	1.6906035	-1.487948	0.8405812	1.4817518	11.620434	-0.4328453	4.8428774e-08	-0.0013166075	1.0430813e-07	-0.0022046454	0.11474155	-0.062416278	37.41354	-32.87183	0.7835929	-0.02171266	1.0	1.7657031	0.0024569004	1950000	1818.0389750003815
65	-0.28570274	1.8761326	2.8481398	-4.879739	10.791667	20.89254	97.0	0.0	1000.0	37909.0	0.019145959595959595	-0.04474685	0.53678954	1.3939763	-1.5865101	0.3292233	0.8317218	24.795134	-0.21672371	1.8626451e-09	-0.0010728603	1.4901161e-08	-0.0018727176	0.09047145	-0.053587273	18.781757	-8.985949	0.7618802	-0.021027088	1.0	1.765954	0.0032749486	1980000	1845.5445959568024
66	-0.2900586	2.5152025	1.9995348	-9.115763	11.333333	25.187077	118.0	0.0	1000.0	38191.0	0.019000497512437813	-0.043423075	0.59234864	1.5940689	-1.6219476	0.6168897	1.279015	35.0878	-2.420642	7.450581e-09	-0.00093736255	1.1175871e-08	-0.0011223657	0.10139899	-0.058010507	17.680815	-15.123764	0.74085313	-0.020318687	1.0	1.766247	0.0014210709	2010000	1874.3910307884216
67	0.074136615	1.9790227	3.8676023	-5.1415625	10.416667	39.199184	198.0	0.0	1000.0	38599.0	0.01892107843137255	-0.011717578	0.5648752	1.6716425	-1.5715827	0.5526704	1.9468782	45.163033	-5.4749365	3.7252903e-09	-0.0017366568	-1.1175871e-08	-0.0025549345	0.10582982	-0.062249627	51.42668	-47.360104	0.72053444	-0.019756556	1.0	1.7664504	0.0035498277	2040000	1903.8028886318207
68	-0.37528372	1.1423137	1.782874	-2.047614	7.2083335	11.729519	53.0	0.0	1000.0	38778.0	0.018733333333333334	0.013692511	0.57733446	1.572473	-1.594817	0.48996297	1.9698231	43.518017	-2.232679	1.4901161e-08	-0.0005971659	7.450581e-09	-0.0007305662	0.09137381	-0.062063515	7.701972	-3.7085323	0.7007779	-0.019569099	1.0	1.7665067	0.00085671386	2070000	1933.0691385269165
69	-0.27957526	1.7558793	2.5613596	-4.2403	2.9166667	3.6846151	12.0	0.0	1000.0	38874.0	0.01851142857142857	-0.06311501	0.5479145	1.4843652	-1.4183388	0.59873414	0.6996043	8.167532	-2.0394413	-5.5879354e-09	-0.00043326983	-9.546056e-09	-6.725243e-05	0.09026699	-0.057175443	0.76897097	-0.33064547	0.6812088	-0.019807756	1.0	1.7665648	0.0010298933	2100000	1961.1332249641418
70	0.1918555	1.8122022	4.6533604	-3.5427413	10.458333	30.70285	153.0	0.0	1000.0	39164.0	0.018386854460093898	0.054948166	0.5681912	1.6441869	-1.7023389	0.34020883	0.49664927	10.396428	-0.8530953	3.7252903e-09	-0.0011849853	-1.1175871e-08	-0.0015101922	0.10085723	-0.06412633	20.851168	-11.301121	0.66140103	-0.019181252	1.0	1.7664406	0.00097581436	2130000	1990.4709613323212
71	0.20805085	2.1322432	3.6531854	-4.878928	3.0	6.8556547	26.0	0.0	1000.0	39269.0	0.01818009259259259	0.031509638	0.60046273	1.6521665	-1.6581762	0.5719387	1.0568601	14.539556	-2.560151	6.0535967e-09	-0.0008954733	1.8626451e-09	-0.0008409065	0.11370625	-0.07569854	2.4999197	-1.357157	0.6422198	-0.019339263	1.0	1.7663207	0.003225131	2160000	2017.7644662857056
72	0.040195882	1.1412865	1.7494446	-2.0964997	2.5	2.95804	9.0	0.0	1000.0	39347.0	0.017966666666666666	-0.032165874	0.5447987	1.4343752	-1.460837	0.44934872	0.72292525	17.94063	-2.3075097	1.21071935e-08	-0.00025713467	9.313226e-09	0.00021979536	0.11698425	-0.08495215	0.7585974	-0.4712104	0.6228805	-0.01946044	1.0	1.7662839	0.0031938031	2190000	2045.0445852279663
73	-0.51472	2.090641	3.4352825	-4.6307397	6.75	10.611511	37.0	0.0	1000.0	39517.0	0.01780045045045045	-0.011640115	0.49737096	1.9688445	-1.4000807	0.36764625	0.57515794	10.487031	-0.9873852	-4.8894435e-09	-0.00078637456	1.8626451e-09	-0.0006739623	0.10021062	-0.069058985	4.1385727	-2.394442	0.6034201	-0.019087434	1.0	1.7662529	0.0009057	2220000	2072.2672328948975
74	-0.7714114	2.3222082	4.86158	-8.361227	2.4583333	3.8511815	15.0	0.0	1000.0	39583.0	0.017592444444444445	-0.07450084	0.5094407	1.4383358	-1.444598	0.24047802	0.55842984	9.39964	-4.3895245	0.0	-0.00044963523	4.1909516e-09	-6.087916e-05	0.10240418	-0.06618719	0.5607977	-0.337441	0.58433264	-0.018955827	3.0	1.7661369	0.0011406931	2250000	2099.712229013443
75	0.08191049	2.050714	2.9136353	-5.3522058	9.291667	19.275372	88.0	0.0	1000.0	39827.0	0.01746798245614035	0.015465574	0.51747435	1.2741274	-1.3934005	0.25434992	0.4917687	9.364691	-3.4118605	-9.313226e-09	-0.0011450276	7.450581e-09	-0.0012217739	0.08861583	-0.05924753	14.214385	-9.254069	0.5653768	-0.018446386	1.0	1.7660935	0.0028033047	2280000	2127.302545070648
76	0.19486426	1.2642871	2.6276176	-2.134075	6.9166665	11.317084	41.0	0.0	1000.0	40040.0	0.017333333333333333	0.024866825	0.50834185	1.3026556	-1.6294228	0.8644132	2.0876136	24.346106	-0.85826963	8.381903e-09	-0.0007856257	3.7252903e-09	-0.0024163113	0.08175787	-0.05362542	6.175184	-3.5276484	0.54693043	-0.018021226	1.0	1.7660403	0.0030528721	2310000	2154.6780228614807
77	0.22956985	1.5875953	2.2997117	-3.8078854	1.0833334	1.8008485	7.0	0.0	1000.0	40088.0	0.017131623931623933	0.03860183	0.4899232	1.4807843	-1.336561	0.56983066	0.74931437	10.11726	-0.98655367	-2.7939677e-09	-0.00061758916	-1.8626451e-09	0.00013940496	0.09538168	-0.069401786	0.73002833	-0.4794265	0.5289092	-0.018085957	1.0	1.7657893	0.0018863973	2340000	2181.764261007309
78	0.710484	1.1594156	2.8787065	-1.756784	4.5833335	8.190018	31.0	0.0	1000.0	40274.0	0.016993248945147678	0.046618037	0.503254	1.6515749	-1.3601662	0.13585797	0.31034517	4.4379506	-1.4718742	7.450581e-09	-0.0006202405	0.0	-0.0012839753	0.08002305	-0.05523169	8.055754	-2.329476	0.51082325	-0.017766833	1.0	1.765471	0.0017973469	2370000	2209.069004535675
79	-1.0571333	2.4143307	2.5984268	-7.746132	1.25	2.4706612	10.0	0.0	1000.0	40312.0	0.016796666666666668	-0.12413634	0.5039365	1.5667964	-1.260488	0.44625202	0.42851844	5.5912924	-0.3134445	1.8626451e-09	-0.00096940855	2.7939677e-09	-2.6584166e-05	0.0807986	-0.054080572	0.36077124	-0.16892979	0.49305642	-0.017691791	1.0	1.7651241	0.0012097612	2400000	2236.0014884471893
80	-0.27240652	2.0814607	2.4432116	-5.4482875	20.125	45.62557	161.0	0.0	1000.0	40823.0	0.016799588477366255	-0.040728148	0.56644505	1.5836095	-1.631024	0.241858	0.4562825	7.538243	0.056722403	-1.3038516e-08	-0.0013004374	-2.9802322e-08	-0.0007269457	0.07613137	-0.05545874	57.78416	-35.16186	0.47536463	-0.016011924	1.0	1.7648048	0.0017702533	2430000	2263.851525783539
81	0.7208576	1.3986024	4.2836127	-2.9804988	9.416667	26.210554	128.0	0.0	1000.0	41089.0	0.016702845528455284	-0.024000822	0.44352874	1.237996	-1.1922415	1.694112	4.2119193	45.965363	-3.2597878	9.313226e-09	-0.001323415	7.450581e-09	-0.004855876	0.09197122	-0.06858087	36.29002	-22.942375	0.4593527	-0.015422195	1.0	1.7644427	0.003351826	2460000	2290.936007976532
82	0.60453016	0.9486037	2.8071766	-0.9507714	3.0	4.203173	17.0	0.0	1000.0	41170.0	0.016534136546184738	0.09037135	0.47217318	1.4174606	-1.3241227	1.6249493	2.9236426	19.536753	-0.66526383	1.4901161e-08	-0.0016540252	7.450581e-09	-0.0040446133	0.09910783	-0.074123874	9.696972	-8.291262	0.4439305	-0.015272707	3.0	1.7642416	0.0036071914	2490000	2318.390654563904
83	0.101191945	2.1493566	2.6575341	-6.1952033	5.9166665	8.386084	29.0	0.0	1000.0	41380.0	0.01642063492063492	0.064620584	0.48227096	1.4549772	-1.3612295	0.38187647	0.06686931	3.3429332	0.36487055	5.5879354e-09	-0.00040360237	-5.5879354e-09	-0.000283974	0.08375335	-0.05438192	5.0728416	-0.8461147	0.4286578	-0.015034556	1.0	1.7634594	0.0007365578	2520000	2345.8345353603363
84	0.057125807	2.6233263	3.064319	-7.662268	14.041667	32.016243	142.0	0.0	1000.0	41726.0	0.01636313725490196	-0.10209233	0.46324253	1.4036925	-1.3148658	0.7098692	0.48940456	4.5095167	0.48621294	2.8871e-08	-0.009688184	5.2154064e-08	-0.016301855	0.090264514	-0.055751603	21.993423	-5.467031	0.41362324	-0.011074841	79.0	1.7629955	0.0077964524	2550000	2380.571158885956
85	-0.20995493	2.3454351	2.9875064	-6.6792884	4.25	7.800908	34.0	0.0	1000.0	41831.0	0.016213565891472867	-0.038907748	0.50678027	1.5885625	-1.3013669	0.96715456	1.4113181	6.979679	0.23108536	-5.5879354e-09	-0.008350796	-1.8626451e-09	-0.004618533	0.08154472	-0.05592979	3.1124644	-1.5912211	0.4025484	-0.01602161	79.0	1.7452137	0.0070155896	2580000	2415.4430046081543
86	0.38436434	2.0366833	4.128659	-5.220666	12.0	33.18383	143.0	0.0	1000.0	42124.0	0.016139463601532567	-0.032393575	0.44880962	1.3621948	-1.3710881	0.37276673	0.22396147	5.668166	0.30865744	-1.5832484e-08	-0.0014268865	0.0	-0.00350344	0.08506554	-0.06084896	30.241917	-0.4532537	0.3865268	-0.013534367	6.0	1.7295628	0.0033513238	2610000	2443.001972913742
87	0.03707539	1.5377318	3.284851	-2.6292462	15.583333	43.364655	207.0	0.0	1000.0	42515.0	0.016104166666666666	0.014155687	0.40165126	1.3369509	-1.3118079	0.9820026	0.032194864	5.0051107	0.97532344	-7.450581e-09	-0.0014388434	-2.9802322e-08	-0.003195066	0.071695134	-0.051072907	46.218395	-0.19526842	0.37299243	-0.012426764	1.0	1.7283885	0.002544363	2640000	2470.026869535446
88	-0.017846664	2.142901	3.810966	-4.7825108	24.291666	98.05673	494.0	0.0	1000.0	43138.0	0.016156554307116103	-0.0032648072	0.47923702	1.3040227	-1.280703	1.2953895	0.120078705	8.705245	1.274667	2.7939677e-08	-0.0023754882	1.7881393e-07	-0.0061012506	0.076805696	-0.050571587	128.26718	-4.0181184	0.36056566	-0.010977328	1.0	1.7275953	0.0044306787	2670000	2497.0813093185425
89	0.19589736	1.7398266	2.9631045	-3.4864554	14.708333	48.85052	240.0	0.0	1000.0	43551.0	0.01613	-0.051196635	0.45318586	1.4812796	-1.1681592	2.1311302	0.19764704	6.5074205	2.0842745	-1.1175871e-08	-0.0011921918	-8.940697e-08	-0.0026930142	0.072423145	-0.05275199	54.781124	-0.46666592	0.34958833	-0.010395974	1.0	1.7266939	0.0048598642	2700000	2524.0491676330566
90	0.41846552	1.2280241	2.0454004	-3.0566387	20.625	78.5068	393.0	0.0	1000.0	44097.0	0.016152747252747252	0.027660437	0.42507553	1.4901658	-1.02584	1.5393293	0.090663575	5.91639	1.512816	7.450581e-09	-0.0004890936	-1.4901161e-08	-0.00048814528	0.050374538	-0.037081264	73.17705	-14.7348175	0.33919236	-0.009477913	1.0	1.7258036	0.0025658822	2730000	2551.612164735794
91	0.850699	1.4700768	2.6614614	-3.6808984	33.458332	106.99025	537.0	0.0	1000.0	44910.0	0.01627173913043478	0.066911355	0.40874463	1.5143207	-0.9235702	1.9867469	1.6126261	9.395184	1.1248391	2.6077032e-08	-0.0009169015	5.9604645e-08	-0.0036325874	0.07595366	-0.054678448	131.83296	-111.07953	0.32971445	-0.007788956	1.0	1.7251396	0.004746584	2760000	2580.047432899475
92	0.69113475	1.8168238	3.0738614	-5.5302734	8.791667	19.280775	73.0	0.0	1000.0	45190.0	0.016197132616487454	0.039367437	0.37373888	1.3102318	-0.9066472	1.7156594	4.6927843	64.83345	-0.8218625	6.519258e-09	0.0003965674	-7.450581e-09	-0.0029880041	0.05605801	-0.040833533	36.926903	-23.261934	0.3219255	-0.007974982	1.0	1.7245345	0.006303399	2790000	2607.078952550888
93	0.46170044	1.9607676	3.1884675	-3.9284992	13.458333	31.989553	117.0	0.0	1000.0	45563.0	0.01615709219858156	0.06814652	0.37624216	1.1921908	-1.1788621	1.0740274	1.1751947	8.142096	0.42795408	-9.313226e-09	0.0015531824	2.2351742e-08	-0.0026011267	0.06892792	-0.052828584	30.991291	-13.883645	0.3139505	-0.007810861	1.0	1.7237369	0.011060584	2820000	2633.849993467331
94	0.33235013	1.9446592	4.456172	-4.741694	7.9583335	14.356993	60.0	0.0	1000.0	45823.0	0.016078245614035088	0.014780305	0.3636954	1.091717	-1.481034	1.6590751	2.5450451	15.200716	0.0067857504	-3.7252903e-09	0.0014679789	2.9802322e-08	-3.4540426e-05	0.06516023	-0.050401527	13.352862	-7.846257	0.30613965	-0.007980406	1.0	1.7231314	0.00849146	2850000	2660.720472097397
95	0.5209753	1.473561	3.8497171	-2.2904696	23.75	46.445534	181.0	0.0	1000.0	46396.0	0.016109722222222223	0.040556848	0.38911605	1.458302	-1.0304334	0.7572569	1.5431279	23.681747	-0.9483303	7.450581e-09	-0.000799566	4.8428774e-08	-0.0016980525	0.068843976	-0.05641204	67.293884	-25.082794	0.29815924	-0.0071095824	1.0	1.7226198	0.0031680372	2880000	2688.1059556007385
96	0.9237406	1.604446	4.156823	-4.3273506	3.5416667	7.2628	25.0	0.0	1000.0	46493.0	0.015976975945017183	0.064947955	0.3739694	1.4966382	-0.9122518	1.8263676	1.4873265	21.721237	1.3139535	1.4901161e-08	-0.0006167523	3.1664968e-08	0.00010607828	0.06528555	-0.048972197	5.028384	-3.0168076	0.29104966	-0.007570088	1.0	1.7221656	0.00059171586	2910000	2714.927830696106
97	0.8582422	1.3513916	2.659297	-2.8826828	30.5	55.74944	213.0	0.0	1000.0	47245.0	0.016069727891156464	0.11047474	0.3480517	1.2055821	-1.2516412	0.57446826	0.5804523	13.399102	0.40030396	3.7252903e-09	-0.00061846245	2.2351742e-08	-0.00026805513	0.061000377	-0.04812571	86.74414	-52.538788	0.28347957	-0.0063322484	1.0	1.7219596	0.0039032241	2940000	2741.852927207947
98	1.0967295	1.4784492	3.1450844	-3.2145302	11.208333	17.202179	66.0	0.0	1000.0	47530.0	0.016003367003367002	0.05591202	0.38631156	1.8665314	-0.883497	1.8829851	3.807064	60.510525	-2.1401997	-7.450581e-09	0.0007746434	-1.6763806e-08	-0.000975174	0.07379258	-0.060711473	16.89075	-9.941351	0.27714732	-0.006415963	1.0	1.7220694	0.008166004	2970000	2768.916519880295
99	0.9101704	1.3848625	3.900689	-2.7193863	9.666667	22.75351	107.0	0.0	1000.0	47869.0	0.015956333333333333	0.10342529	0.3579686	1.6131542	-0.962175	1.0328344	1.5055305	31.773602	-2.0240257	1.8626451e-09	-0.00105708	2.6077032e-08	-0.0018535829	0.07518837	-0.05773521	24.653173	-14.519611	0.27073136	-0.0065615475	1.0	1.7225474	0.0005119575	3000000	2795.6211490631104
100	0.98106146	1.433291	3.4204094	-2.5553849	46.166668	79.18789	286.0	0.0	1000.0	49025.0	0.01617986798679868	0.11652747	0.3580952	1.5360925	-0.88223726	0.95455307	2.0289423	28.283436	-2.701728	2.2351742e-08	-0.001831946	7.4505806e-08	-0.0063314587	0.04780428	-0.034952626	166.39093	-116.0317	0.2641698	-0.0045382977	1.0	1.7231089	0.0041954345	3030000	2823.103449821472
101	0.56065685	1.6342857	2.7516024	-3.3145835	42.916668	118.02362	579.0	0.0	1000.0	50091.0	0.016369607843137256	0.03561297	0.32055387	1.3698115	-0.7902829	2.8521645	4.5095553	37.158264	-2.3117774	7.450581e-09	-0.0011077197	0.0	-0.007375641	0.035962664	-0.026251514	202.03139	-152.08643	0.2596315	-0.0029966235	1.0	1.7235411	0.0038969945	3060000	2850.1004827022552
102	0.2440669	1.4485414	2.8154364	-2.6506114	7.375	15.955178	71.0	0.0	1000.0	50280.0	0.016271844660194174	0.037523087	0.37557954	1.3824016	-0.91998595	2.3433175	4.482217	38.399128	-3.330257	-7.450581e-09	-0.0009969277	0.0	-0.00016060862	0.036372423	-0.02557115	26.573944	-19.189953	0.2566349	-0.0036740303	1.0	1.7240145	0.003878103	3090000	2877.020993947983
103	0.7276942	1.4602553	3.8325262	-2.09662	26.416666	66.76384	336.0	0.0	1000.0	50924.0	0.016321794871794873	0.052135188	0.34436932	1.3178047	-1.01151	0.89152133	0.38383174	2.7431996	-1.2937338	-3.259629e-09	-0.0011563711	-7.4505806e-08	-0.0047087185	0.049734272	-0.037212405	85.18536	-6.1383805	0.25296086	-0.0031998456	1.0	1.7245668	0.00525021	3120000	2904.0213956832886
104	0.9024141	1.7626193	4.5952864	-3.6098235	24.583334	62.483273	254.0	0.0	1000.0	51526.0	0.016357460317460316	0.031911783	0.35113207	1.6928318	-1.2588009	1.8149846	1.047652	15.3333435	1.1154624	1.1175871e-08	-0.00062964344	1.8626451e-08	-0.00071583875	0.051704817	-0.039565593	76.30041	-11.049468	0.24976102	-0.0028827041	1.0	1.7247871	0.00031639432	3150000	2930.8304109573364
105	0.7620799	1.0541639	2.5079088	-1.4883673	21.25	57.275105	271.0	0.0	1000.0	52455.0	0.016495283018867924	0.045910787	0.34483546	1.4578182	-0.7251486	2.296448	2.1191711	26.365108	1.1267438	1.8626451e-09	-0.0010106502	2.9802322e-08	-0.0024746344	0.060269788	-0.046223804	111.15042	-63.415886	0.24687831	-0.002776727	1.0	1.72503	0.0007923864	3180000	2959.2235009670258
106	0.46056876	1.6222979	3.6392376	-3.177793	6.7083335	11.966895	52.0	0.0	1000.0	52709.0	0.016420249221183802	0.06937729	0.36765817	1.7074298	-1.1034013	3.0343275	6.0060844	50.970016	0.5078707	3.7252903e-09	-0.0005306541	-2.6077032e-08	-0.0013293601	0.051868178	-0.037192233	37.342476	-25.139748	0.24410158	-0.0034866035	1.0	1.725203	0.0007412629	3210000	2987.4627335071564
107	0.9196925	1.0514268	2.8474379	-1.3944991	18.875	47.664898	209.0	0.0	1000.0	53231.0	0.01642932098765432	0.110759996	0.34067184	1.250114	-0.74802417	1.0799298	0.5899158	7.153099	-1.2717016	3.7252903e-09	-0.0007883967	1.4901161e-08	-0.0014958512	0.055815592	-0.044178706	60.53495	-19.696907	0.24061498	-0.0034447312	1.0	1.7251558	0.00049861555	3240000	3015.8015847206116
108	1.2875358	1.6356661	4.578238	-1.4429277	50.75	143.16985	684.0	0.0	1000.0	54514.0	0.016670948012232414	0.09251043	0.34169406	1.3704877	-1.0492356	1.8075854	2.1527627	16.387201	-2.682777	0.0	-0.0012402358	6.7055225e-08	-0.0037761535	0.06156148	-0.049523916	224.37988	-181.90453	0.23717025	-0.0016458035	1.0	1.7250264	0.00093256484	3270000	3044.2766773700714
109	0.40518248	1.1985652	2.2321055	-1.9524244	18.125	35.4945	154.0	0.0	1000.0	54955.0	0.0166530303030303	0.07421954	0.3686005	1.6559325	-1.2287049	2.8310313	4.5483446	36.522743	-7.1232843	-2.7939677e-09	-0.0010129515	1.4901161e-08	-0.0038144449	0.059771672	-0.049465466	48.67576	-35.112965	0.23552445	-0.0018470585	1.0	1.7249961	0.0021017333	3300000	3071.839865207672
110	0.84983635	1.2703059	2.8907127	-2.003009	13.041667	23.035261	101.0	0.0	1000.0	55310.0	0.01660960960960961	0.011105525	0.3080723	1.2450006	-0.6756442	0.7688393	2.0352087	25.793499	-11.689155	1.1175871e-08	-0.00062371866	1.1175871e-08	-0.00043809973	0.0501441	-0.036995485	19.451736	-8.843436	0.23367739	-0.0022979677	1.0	1.7250748	0.0008918081	3330000	3099.3410592079163
111	0.8941677	1.4622152	4.4710326	-1.8289112	16.916666	35.94662	149.0	0.0	1000.0	55850.0	0.01662202380952381	0.09193842	0.34803468	1.4004397	-0.96310866	1.5051147	3.4892123	42.879425	-6.641163	1.21071935e-08	-0.012762759	1.4901161e-08	-0.04186412	0.066262715	-0.052126925	60.101616	-35.714493	0.23137942	0.0043825507	79.0	1.7249699	0.009704822	3360000	3133.980677127838
112	0.8544936	1.676375	4.65442	-3.3810668	34.125	108.21287	548.0	0.0	1000.0	56691.0	0.016723008849557523	0.06951319	0.3319647	1.4612298	-0.96986747	2.6402469	3.3211303	25.37554	-2.3518572	-3.0733645e-08	-0.0002085428	-7.4505806e-08	-0.0010336582	0.059461154	-0.046962373	128.25163	-113.51891	0.23576197	-0.0015173107	2.0	1.722821	0.0025884383	3390000	3161.1667997837067
113	0.8896412	1.7400671	4.3996143	-2.9085977	11.458333	31.912615	150.0	0.0	1000.0	57092.0	0.01669356725146199	0.005947307	0.33896723	1.6904362	-0.7042584	1.9544172	6.13518	78.25106	-1.5007393	-2.0489097e-08	-0.00072500086	-2.9802322e-08	-0.0014937073	0.0564354	-0.043991297	50.22527	-26.298212	0.23424466	-0.0022279322	1.0	1.722682	0.0013061388	3420000	3188.268040418625
114	0.6106911	1.4007255	2.5881436	-2.7941568	101.75	219.80147	850.0	0.0	1000.0	59742.0	0.017316521739130435	0.11006093	0.35067368	1.5638225	-0.88438666	1.8709866	3.2544446	37.683758	-1.7921058	-4.8428774e-08	-0.0017714333	-2.9802322e-07	-0.007880956	0.054337863	-0.042531606	541.877	-478.80215	0.23201673	0.0020593703	1.0	1.722491	0.001725312	3450000	3215.5908057689667
115	0.7756339	1.0937383	2.5805311	-0.9436398	5.8333335	11.756795	42.0	0.0	1000.0	59921.0	0.01721867816091954	0.07142409	0.379502	1.4377768	-0.8665983	4.0605035	9.534384	82.48907	-3.1083112	-1.1175871e-08	-0.001456899	-2.9802322e-08	-0.0038636597	0.05266384	-0.04172805	85.29732	-76.507126	0.2340761	0.000864923	1.0	1.7223918	0.0007314012	3480000	3243.098977804184
116	0.5127244	1.6998998	3.0069633	-3.183788	33.5	98.294205	475.0	0.0	1000.0	60752.0	0.01730826210826211	0.041799206	0.36907566	1.5273528	-0.992594	0.9946404	1.0163819	9.300876	-6.044651	-1.4901161e-08	-0.001418551	-1.1920929e-07	-0.0044524185	0.05328376	-0.043438986	151.28899	-88.058014	0.23494102	0.0012233555	1.0	1.72243	0.0018964455	3510000	3270.905795097351
117	0.9233432	2.238039	6.202436	-3.1962645	15.375	20.566584	63.0	0.0	1000.0	61127.0	0.017267514124293785	0.058544867	0.3817954	1.5379778	-0.8731635	2.4793003	3.973596	39.42549	-10.642413	0.0	-0.00057142304	2.6077032e-08	-0.0010872469	0.05691923	-0.04345674	30.90532	-19.369987	0.23616438	0.0006015152	1.0	1.7223413	0.00074308715	3540000	3298.1619935035706
118	1.1779522	1.1595454	3.88441	-1.273051	14.791667	29.372578	119.0	0.0	1000.0	61811.0	0.017314005602240896	0.13439026	0.34290135	1.4140489	-0.84563625	1.3853579	1.6453502	33.235207	-2.7339497	-5.5879354e-09	-0.012273515	-7.450581e-09	-0.030666605	0.05515585	-0.04400958	66.09294	-26.449038	0.23676589	0.0042462796	79.0	1.7223363	0.008835545	3570000	3332.4716081619263
119	0.9771857	1.664449	6.537765	-1.6729559	28.083334	63.18948	267.0	0.0	1000.0	62558.0	0.01737722222222222	0.08795236	0.36248264	1.3263465	-0.80845535	1.8371329	2.0436342	17.63947	-3.9745991	-3.7252903e-09	-0.013473916	-2.2351742e-08	-0.040186606	0.055390418	-0.044711523	82.033676	-23.228718	0.24101217	0.006331399	79.0	1.6943245	0.010535199	3600000	3368.0574486255646
120	0.9276106	1.440003	3.811603	-2.3951826	15.333333	30.875647	153.0	0.0	1000.0	63086.0	0.017379063360881544	0.16426931	0.39345565	1.5728242	-1.2083935	2.3574667	2.8195388	17.25331	-7.677359	-1.8626451e-08	0.0007729558	-3.7252903e-08	-0.0009708577	0.079192966	-0.06411925	41.558464	-10.827114	0.24734357	-0.0001270622	2.0	1.6734016	0.0041344566	3630000	3396.8479697704315
121	1.2096243	1.4995135	5.363872	-1.2940483	5.7916665	12.301691	58.0	0.0	1000.0	63315.0	0.01729918032786885	0.040491723	0.3726251	1.1951379	-0.9967991	2.0454445	1.9190638	16.871538	-2.7670674	1.4901161e-08	0.0019282085	1.1175871e-08	0.0008152345	0.064839244	-0.052172728	13.205791	-6.409661	0.24721651	-0.0012794435	1.0	1.6731825	0.008212683	3660000	3423.9130024909973
122	0.63718325	1.6316129	3.9211674	-3.5216515	38.625	88.465065	358.0	0.0	1000.0	64310.0	0.01742818428184282	0.010615863	0.37753692	1.3662335	-0.95305693	1.1519753	1.3131323	13.2312155	-3.3038912	-3.3527613e-08	-0.0006082319	-1.4901161e-07	-0.0018191151	0.046578396	-0.03700702	147.5364	-111.491035	0.24593706	-0.0003992468	1.0	1.6730719	0.0047371006	3690000	3450.7043917179108
123	0.8286155	0.9335834	3.1638632	-1.7859749	13.5	23.762716	97.0	0.0	1000.0	64943.0	0.017457795698924732	0.07609526	0.35349092	1.2967539	-0.92171204	2.6457663	5.0587993	51.886734	-4.452304	1.6763806e-08	-0.0013041575	1.4901161e-08	-0.0033794176	0.052738667	-0.040161513	83.60275	-30.980766	0.24553782	-0.0009813458	1.0	1.673095	0.0043772645	3720000	3477.655497789383
124	0.505469	1.8357801	3.9762273	-2.1630125	45.125	122.468124	559.0	0.0	1000.0	66072.0	0.0176192	0.04743959	0.36470982	1.4862132	-0.8110242	2.3702726	1.1413025	21.757366	-1.1646714	-2.6077032e-08	-0.00035917084	-8.940697e-08	0.0016281866	0.059394937	-0.047078494	196.65483	-75.04573	0.24455647	0.0002322346	1.0	1.6733582	0.0066472674	3750000	3504.677397251129
125	0.81567496	1.5332348	6.0186625	-2.3215606	13.0	25.019993	123.0	0.0	1000.0	66450.0	0.01757936507936508	0.06864142	0.38313416	1.506976	-0.87513274	2.973675	3.1776998	27.090487	-0.4632249	-1.6763806e-08	-0.0007181894	-9.313226e-09	-0.0005148283	0.063287064	-0.050219554	23.576015	-12.960175	0.2447887	-0.0004463941	1.0	1.6736686	0.0032591773	3780000	3532.1534106731415
126	0.92751104	1.0167146	3.000645	-1.0956132	8.875	12.306206	44.0	0.0	1000.0	66840.0	0.017543307086614172	0.056149017	0.32862243	1.3910663	-1.0678139	1.7444466	2.5903327	35.68746	-2.0345025	1.1175871e-08	-0.0010176477	1.1175871e-08	-0.0017978298	0.047679357	-0.037703015	21.702414	-7.389769	0.24434231	-0.0012741387	1.0	1.6738467	0.003738401	3810000	3559.151795387268
127	0.91741276	0.857245	3.016437	-0.5409363	22.791666	54.86193	273.0	0.0	1000.0	67800.0	0.01765625	0.05304563	0.32887802	1.4717886	-1.079859	1.6549499	1.7839713	25.78466	-3.2339516	-2.2351742e-08	-0.00069093937	-1.1920929e-07	-0.0014501608	0.05431947	-0.0430049	94.51872	-38.641167	0.24306817	-0.0012583733	1.0	1.6739131	0.0015290312	3840000	3586.176045894623
128	0.7240922	1.4872919	4.696418	-2.618471	35.25	88.69435	418.0	0.0	1000.0	68887.0	0.017800258397932818	0.015139209	0.33903375	1.6807971	-0.9220501	3.5546694	4.898806	28.861996	-5.778599	7.450581e-09	-0.0013424524	-7.450581e-09	-0.0012174629	0.054775644	-0.04497826	131.7103	-64.662506	0.2418098	-0.0005656183	1.0	1.6742797	0.0025389334	3870000	3613.318788290024
129	0.567465	1.1848592	2.5937686	-1.9218137	34.833332	65.89996	258.0	0.0	1000.0	70100.0	0.017974358974358975	0.0930217	0.38250765	1.6672248	-1.3585187	3.6425688	4.854861	36.852432	-0.28341424	-3.7252903e-09	-0.001706528	-7.4505806e-08	-0.0047580507	0.056784876	-0.04849895	170.79489	-103.13307	0.24124418	3.7178397e-05	1.0	1.6749153	0.0031170603	3900000	3640.2867770195007
130	0.8884475	1.5011832	3.7970915	-1.014654	6.625	13.390956	59.0	0.0	1000.0	70975.0	0.018059796437659034	0.002124525	0.36704698	1.5230736	-1.149573	4.3075953	6.092246	44.68174	-2.1939259	7.450581e-09	-0.001778404	-5.9604645e-08	-0.007075647	0.059113234	-0.049769558	160.21275	-127.148544	0.24128136	-0.00096958876	1.0	1.675667	0.0027959526	3930000	3667.2204172611237
131	1.2350465	1.680122	5.7868814	-1.5100086	38.833332	101.76266	496.0	0.0	1000.0	72020.0	0.018186868686868685	0.096540935	0.41277212	1.7984169	-1.0356658	2.8613307	5.0914755	55.22352	-3.7091022	-1.1175871e-08	-0.00085091055	-4.4703484e-08	-0.0023699552	0.04884194	-0.03962126	152.53308	-109.82133	0.24031177	-0.00010754168	1.0	1.6762731	0.0024071762	3960000	3694.080912590027
132	0.45112336	1.22199	2.5074158	-2.0000155	18.333334	21.932978	65.0	0.0	1000.0	72511.0	0.018173182957393483	0.093826525	0.403894	1.4893836	-0.87199736	2.9532385	6.307091	51.666557	-12.845303	6.519258e-09	-0.00075980974	7.450581e-09	-0.0001839064	0.07330372	-0.06332236	49.275158	-37.638683	0.24020423	-0.00046390295	1.0	1.6766661	0.0008780618	3990000	3720.9421377182007
133	0.60378474	0.80070865	2.457092	-0.9162418	7.6666665	18.77868	74.0	0.0	1000.0	72844.0	0.01812039800995025	0.012381748	0.33899885	1.2954715	-0.98759085	1.6942093	2.1744964	46.132927	-4.816807	5.5879354e-09	-0.00995174	3.7252903e-09	-0.010937946	0.04604789	-0.03734693	16.030247	-4.9148674	0.23974033	-0.0008058548	79.0	1.6766422	0.00619528	4020000	3755.401948451996
134	1.1874503	1.5860851	5.859265	-1.4618521	14.083333	19.88491	81.0	0.0	1000.0	73191.0	0.018071851851851853	0.05791687	0.38303602	1.5694032	-1.1495869	1.2253039	2.3514328	47.437958	-3.950642	9.313226e-09	-0.0016679685	5.5879354e-09	-0.00042824494	0.0533876	-0.045322135	12.6415415	-2.867232	0.23893447	-0.0018768907	6.0	1.6434	0.0019537439	4050000	3782.6726133823395
135	1.266775	1.6491015	4.563453	-1.9729764	51.166668	100.71108	413.0	0.0	1000.0	74425.0	0.01824142156862745	0.10739045	0.3589403	1.4001065	-0.86399657	1.2594557	1.7310039	25.321718	-3.609448	0.0	-0.0012964746	-2.9802322e-08	-0.0026372373	0.047834665	-0.040244605	216.23808	-117.93044	0.23705758	-0.0002604574	1.0	1.6426861	0.0019708504	4080000	3810.1221652030945
136	1.4136518	1.123131	5.174228	-0.24734554	5.9583335	12.391123	60.0	0.0	1000.0	74632.0	0.018158637469586375	0.116050616	0.36282352	1.3734877	-0.95498586	4.6530147	7.0669084	49.011383	-2.7265177	0.0	-0.0017707334	2.9802322e-08	-0.00345145	0.046542365	-0.038607467	63.377495	-54.262394	0.23679712	-0.0012604445	1.0	1.6425581	0.0021844571	4110000	3837.206372022629
137	1.0677698	1.7856865	5.480419	-3.04881	40.25	93.76	468.0	0.0	1000.0	75769.0	0.018301690821256038	0.06464961	0.3103028	1.3055307	-1.0352257	1.042024	0.81141585	28.86466	0.18839753	1.2665987e-07	-0.00097314833	7.1525574e-07	-0.001886515	0.054941047	-0.04608862	168.69911	-99.377945	0.23553668	-0.00030305982	1.0	1.6423409	0.0007122132	4140000	3864.728552341461
138	0.76979345	1.334732	3.0712826	-1.3628551	7.2916665	12.343956	47.0	0.0	1000.0	76271.0	0.01829040767386091	0.075806804	0.40366462	1.4689424	-0.77760047	3.0504391	4.357642	42.793743	-1.5696276	1.8626451e-08	-0.0009956742	2.9802322e-08	-0.0011362063	0.07114217	-0.06150415	87.2441	-43.590954	0.23523362	-0.0012279898	1.0	1.6420417	0.0012816363	4170000	3891.5857450962067
139	0.9197462	1.1583503	2.7243884	-1.3341575	21.041666	46.832573	233.0	0.0	1000.0	76856.0	0.018299047619047618	0.072706476	0.32826558	1.315667	-1.0166726	1.4841859	2.0568073	21.330057	-0.37142968	7.450581e-09	-0.0011935764	7.450581e-09	-0.001876845	0.055695124	-0.049171716	39.188744	-22.442017	0.23400563	-0.0013151616	1.0	1.6417086	0.002531032	4200000	3918.4023797512054
140	0.95611316	1.5707896	4.608323	-2.1270487	7.75	14.000744	60.0	0.0	1000.0	77359.0	0.018288179669030732	0.06836865	0.387587	1.4008826	-0.9142657	2.009611	3.958106	47.116997	-0.701226	-1.8626451e-09	-0.011321178	-1.4901161e-08	-0.025582038	0.043209776	-0.03292484	33.41223	-21.060347	0.23269047	0.0010243803	79.0	1.6412526	0.008021306	4230000	3954.367909669876
141	0.88296556	1.3647203	4.3042374	-1.5486857	21.208334	39.488373	143.0	0.0	1000.0	77972.0	0.018303286384976525	0.10100445	0.3751352	1.5292156	-0.8768231	1.6775031	2.666077	38.438843	-0.04804635	7.450581e-09	-0.011147179	1.4901161e-08	-0.019905033	0.05653762	-0.043931536	41.865967	-11.443012	0.23371485	0.00022739172	79.0	1.6206536	0.0078969635	4260000	3988.842095851898
142	0.9458118	1.4403927	3.881437	-1.5192293	20.75	41.10581	151.0	0.0	1000.0	78480.0	0.018293706293706295	0.06460282	0.30019093	1.3303692	-0.9257034	2.388838	3.3928125	40.2845	0.37543827	0.0	-0.012095431	1.4901161e-08	-0.029728819	0.040464863	-0.032821286	46.780197	-19.692327	0.23394224	0.0023871362	79.0	1.5937839	0.00878582	4290000	4023.358512878418
143	0.8444071	1.2781628	3.4922426	-1.2931519	22.291666	42.17076	192.0	0.0	1000.0	79028.0	0.018293518518518518	0.08491819	0.39482942	1.5322497	-0.86852455	2.0072587	3.2149792	50.057602	1.0191706	-3.7252903e-09	-0.0006958023	0.0	-0.0065462654	0.04833739	-0.03956342	30.088186	-11.568464	0.23632938	-0.0015004277	10.0	1.5726223	0.0071063084	4320000	4051.289881706238
144	0.7094193	1.4359287	4.3399663	-1.9403313	33.666668	73.29374	330.0	0.0	1000.0	79943.0	0.018377701149425288	0.06382269	0.34599167	1.5346528	-0.8347188	1.5139719	1.9978983	23.250921	-2.0080833	3.7252903e-09	-0.0005858986	4.4703484e-08	-0.0023369407	0.06324306	-0.054844823	100.71039	-55.354507	0.23482895	-0.0013546646	1.0	1.5703802	0.0071015474	4350000	4078.3359644412994
145	0.9033527	1.7385786	3.9800696	-2.8920863	14.666667	21.2851	88.0	0.0	1000.0	80437.0	0.01836461187214612	0.07246789	0.3286779	1.2308898	-0.8046806	2.198113	1.7387905	27.213924	0.9822525	9.313226e-09	-3.351108e-05	1.4901161e-08	-0.00026210863	0.049273424	-0.042075455	24.813349	-7.5041485	0.23347428	-0.0017737001	1.0	1.5699749	0.003253166	4380000	4105.662403345108
