Epoch	AverageEpRet	StdEpRet	MaxEpRet	MinEpRet	AverageEpCost	StdEpCost	MaxEpCost	MinEpCost	EpLen	CumulativeCost	CostRate	AverageVVals	StdVVals	MaxVVals	MinVVals	AverageCostVVals	StdCostVVals	MaxCostVVals	MinCostVVals	LossPi	DeltaLossPi	SurrCost	DeltaSurrCost	LossV	DeltaLossV	LossVC	DeltaLossVC	Penalty	DeltaPenalty	StopIter	Entropy	KL	TotalEnvInteracts	Time
0	0.55134875	2.0456598	4.4036517	-3.5524435	5.5	10.460242	34.0	0.0	1000.0	197.0	0.006566666666666667	0.6072908	0.5755658	2.0035431	-1.1514295	-0.4303288	0.11963319	0.09710092	-0.8321207	5.5879354e-09	0.016209519	-1.4901161e-08	-0.003567614	0.9014667	-0.7507098	5.7230306	-1.4495794	0.99999994	-0.031172037	1.0	1.837877	0.03712137	30000	26.973309755325317
1	0.7994316	2.8290055	8.692684	-2.243713	4.2916665	9.135459	37.0	0.0	1000.0	357.0	0.00595	0.17400223	0.40092608	1.2783504	-0.95138174	0.5289258	0.69440216	3.289081	-0.8522479	2.7939677e-09	0.029504323	3.7252903e-09	0.00017217314	0.20414013	-0.031348854	5.6543894	-0.56342	0.9688279	-0.030528665	1.0	1.8383429	0.08872453	60000	52.4140465259552
2	0.08876596	1.3223262	3.110322	-1.5494062	10.958333	20.11525	84.0	0.0	1000.0	669.0	0.0074333333333333335	0.083066724	0.49847156	1.7915442	-1.2018211	0.79097867	0.82317805	4.2598314	-1.4436758	3.7252903e-09	0.0033293408	0.0	-0.0024756286	0.14010248	-0.030386616	7.8722515	-2.3070493	0.93829924	-0.02922982	1.0	1.8390396	0.016192283	90000	78.0775351524353
3	-0.29475713	1.7770103	5.787795	-2.8059657	4.2083335	11.697503	48.0	0.0	1000.0	827.0	0.006891666666666667	0.0846906	0.36883312	1.596567	-0.9390782	1.0825173	1.5926793	10.506602	-2.8623052	1.8626451e-09	-0.00044819247	-9.313226e-10	-0.0002797927	0.112407126	-0.0193578	4.481783	-1.8802238	0.9090694	-0.029021382	1.0	1.8398604	0.0026222882	120000	103.87083554267883
4	1.1739708	2.3688335	5.4374924	-2.3001082	8.0	14.941553	48.0	0.0	1000.0	1079.0	0.007193333333333334	0.08152889	0.45693424	1.5013703	-1.2405968	0.5167863	0.8685492	10.109007	-1.14651	-7.450581e-09	-0.007124973	-7.450581e-09	-0.009986563	0.1373694	-0.024856947	6.0188904	-1.522637	0.88004804	-0.026496112	79.0	1.8406444	0.00702574	150000	136.97913813591003
5	1.7915187	2.2121484	8.623732	-2.1268003	10.0	11.989579	45.0	0.0	1000.0	1329.0	0.007383333333333334	0.15250872	0.47754428	1.7128527	-1.0186622	1.0397116	1.463899	12.121297	-1.2723948	0.0	-0.008602338	3.7252903e-09	-0.012924376	0.13029212	-0.019034334	4.991288	-1.0167428	0.8535519	-0.024606466	79.0	1.8326229	0.008970119	180000	169.92687320709229
6	1.7460961	2.6036153	8.24269	-1.4639438	11.958333	16.922567	51.0	0.0	1000.0	1723.0	0.008204761904761904	0.17145222	0.46847576	1.7407923	-0.9864476	1.085787	1.1196963	11.388022	-1.591739	6.519258e-09	-0.007827841	7.450581e-09	-0.013191802	0.11795112	-0.015145055	10.227903	-1.8285047	0.82894546	-0.022798419	47.0	1.8212655	0.008021096	210000	200.28009796142578
7	2.7071793	2.189557	7.7766614	-0.8054001	7.3333335	14.40968	58.0	0.0	1000.0	1965.0	0.0081875	0.22241977	0.4845874	1.7908481	-0.9707943	1.3050307	1.3872007	14.02885	-1.7318691	-6.519258e-09	0.004462568	9.313226e-10	-0.0001702602	0.15313432	-0.022406302	5.673421	-1.5610448	0.80614704	-0.026100218	3.0	1.805448	0.018697843	240000	226.58212685585022
8	1.95902	2.6164052	8.909371	-1.425494	14.916667	16.2914	56.0	0.0	1000.0	2390.0	0.008851851851851852	0.26964042	0.5010482	2.0456662	-0.9875301	0.8464887	0.9638213	12.285684	-1.0934793	-5.5879354e-09	0.00046113506	-7.450581e-09	-0.0025301492	0.14330892	-0.032628395	8.591309	-1.8549364	0.7800468	-0.024984896	1.0	1.8057697	0.007976315	270000	252.65444922447205
9	2.4197304	2.5270429	8.231336	-1.416077	10.666667	16.54707	57.0	0.0	1000.0	2661.0	0.00887	0.20895256	0.5142418	1.6382507	-1.2994317	1.4894755	1.5616435	15.835233	-2.5441442	7.450581e-09	-0.00048645574	-1.1175871e-08	-0.00017961836	0.14336821	-0.018820515	5.7154317	-1.343364	0.7550619	-0.024381638	1.0	1.8064253	0.0019741305	300000	278.77149772644043
10	2.8913548	2.865478	9.078635	-1.3080415	8.25	10.751938	46.0	0.0	1000.0	2931.0	0.008881818181818182	0.26216462	0.49590582	2.025759	-0.94279325	1.0212222	1.1874404	13.812424	-2.3318338	1.3038516e-08	-0.000410703	1.8626451e-09	-0.0012772942	0.17634492	-0.024128418	4.31626	-1.1139629	0.7306803	-0.024049938	1.0	1.8072627	0.0017347778	330000	304.81411576271057
11	2.1683872	3.414029	11.831817	-1.5739797	11.666667	13.104282	44.0	0.0	1000.0	3274.0	0.009094444444444445	0.27213344	0.48069775	2.0278883	-0.9208743	1.0799832	1.3330185	13.42045	-1.7466041	1.8626451e-09	-0.00039910502	1.8626451e-09	-0.00014734874	0.16807032	-0.032066897	5.7181463	-1.307908	0.70663035	-0.02333194	1.0	1.8081956	0.00071692764	360000	331.20517444610596
12	3.2454758	3.142966	9.262927	-1.2820064	17.625	16.301361	53.0	0.0	1000.0	3776.0	0.009682051282051282	0.34092772	0.5770736	2.1525505	-1.0334762	1.2806139	1.431172	15.10434	-1.6780854	1.3038516e-08	-0.0007316241	7.450581e-09	-0.0016615405	0.20710671	-0.047636874	9.669987	-2.8599975	0.6832984	-0.021861553	1.0	1.8091089	0.004783871	390000	357.49609899520874
13	3.5896854	3.3776634	10.181681	-1.54284	13.625	15.209132	52.0	0.0	1000.0	4188.0	0.009971428571428572	0.34566483	0.5407011	2.2946482	-1.0945165	1.8817968	1.9388764	16.8597	-1.2334325	-1.1175871e-08	-0.00092948554	5.5879354e-09	-0.0012725387	0.17586799	-0.035393186	8.936284	-2.2306454	0.66143686	-0.021169007	1.0	1.810367	0.0023009852	420000	383.5944707393646
14	4.122197	4.2329383	19.074612	-1.155784	16.458334	20.209278	68.0	0.0	1000.0	4636.0	0.010302222222222223	0.45537993	0.60750234	2.2127101	-1.1727273	1.5373383	1.7110393	20.829565	-1.0499665	5.5879354e-09	-0.0007474595	7.450581e-09	-0.0013396866	0.21305409	-0.03427449	10.337895	-2.7099695	0.64026785	-0.020169199	1.0	1.8115972	0.0014992335	450000	409.8397767543793
15	2.9791698	3.187314	11.968402	-1.5927637	13.583333	18.982265	91.0	0.0	1000.0	5024.0	0.010466666666666668	0.40648007	0.5895834	2.344424	-1.0524334	1.5279641	1.5722572	19.600086	-0.7220253	-2.7939677e-09	-0.0009674707	-2.7939677e-09	-0.0012522181	0.17535932	-0.04360998	7.544715	-2.5513084	0.62009865	-0.019662797	1.0	1.8126423	0.0015091577	480000	436.2254946231842
16	3.968687	2.5997014	8.048636	-1.9561667	18.791666	16.743107	63.0	0.0	1000.0	5548.0	0.01087843137254902	0.37453562	0.59490854	2.0690193	-1.240052	1.4032521	1.5947138	18.788364	-0.47209224	1.1175871e-08	-0.0006599005	0.0	-0.0008165032	0.18171082	-0.04477595	11.615755	-4.329943	0.60043585	-0.018482268	1.0	1.8135122	0.0012599351	510000	462.57009530067444
17	3.6563263	2.7678757	9.759308	-0.9135661	11.583333	15.0496855	44.0	0.0	1000.0	5909.0	0.010942592592592592	0.36765853	0.58116776	2.1502473	-1.2757566	1.5345829	1.7403914	21.61928	0.013603207	-3.7252903e-09	-0.0006363086	-9.313226e-10	-0.00024835818	0.14635043	-0.008371676	6.920429	-1.9642062	0.5819536	-0.018366814	1.0	1.8143008	0.00062313944	540000	488.8880605697632
18	3.6171513	2.5504436	10.220121	-1.0614213	19.5	20.29573	81.0	0.0	1000.0	6453.0	0.011321052631578947	0.2138303	0.56224245	1.911345	-1.3882387	1.60433	2.0642033	20.23884	-0.41826165	-1.8626451e-09	-0.000653496	-1.4901161e-08	-0.0021842185	0.16142166	-0.036499523	11.045519	-3.0879788	0.5635868	-0.017195284	1.0	1.8150085	0.0015737279	570000	515.2621247768402
19	3.9949067	3.0054913	9.925981	-1.7888038	10.916667	15.033065	63.0	0.0	1000.0	6754.0	0.011256666666666667	0.35037732	0.5813401	2.0459108	-1.1546715	1.7095332	1.8349265	23.401749	-0.40278167	5.5879354e-09	-0.009019028	9.313226e-09	-0.014038783	0.16838133	-0.035236403	7.323704	-2.8535957	0.5463915	-0.014034212	79.0	1.8156834	0.008277282	600000	548.6190052032471
20	4.4890275	2.8180735	9.622215	-0.495001	16.041666	17.43674	58.0	0.0	1000.0	7216.0	0.011453968253968255	0.4412488	0.57334644	1.8156487	-1.1594346	1.1645353	1.5071577	22.22734	-0.56791735	-7.450581e-09	-0.0083232485	-1.1175871e-08	-0.013562771	0.19165595	-0.041272447	8.197147	-2.1786246	0.5323573	-0.011827886	79.0	1.806283	0.0077812388	630000	582.2094020843506
21	4.7270494	2.9839869	10.257969	-1.9053217	12.041667	9.905719	37.0	0.0	1000.0	7576.0	0.011478787878787878	0.481349	0.6050266	2.459459	-1.1219172	1.8452978	1.8297793	17.213049	-0.37117904	4.656613e-10	-0.009395998	7.450581e-09	-0.015689984	0.19046286	-0.036680978	7.5944643	-2.6404004	0.5205294	-0.0120713115	79.0	1.8131597	0.009068714	660000	615.7387402057648
22	5.134812	3.9579947	13.993203	-0.77973807	13.166667	14.267289	44.0	0.0	1000.0	7999.0	0.011592753623188406	0.4699946	0.6110427	2.0249422	-1.3408579	1.3177361	1.1399384	15.253907	-0.7699677	7.450581e-09	0.014145054	3.7252903e-09	-0.0014418641	0.21238092	-0.052717663	6.7666807	-2.1235528	0.5084581	-0.016092628	6.0	1.793398	0.03190715	690000	642.4074788093567
23	5.858091	3.4496405	12.31284	-1.9560434	12.0	15.033297	56.0	0.0	1000.0	8383.0	0.011643055555555556	0.62790555	0.6384581	2.3275206	-1.0859694	1.4098622	1.8110164	25.156635	-1.1829518	2.3283064e-10	0.0004965307	1.0011718e-08	-4.463084e-05	0.24490055	-0.05929117	7.5615788	-2.08569	0.49236545	-0.016277522	1.0	1.7915204	0.010049209	720000	668.4744548797607
24	5.725746	3.754425	13.285065	-0.14884444	13.208333	15.242428	65.0	0.0	1000.0	8748.0	0.011664	0.5788562	0.60000664	2.0495293	-1.211283	1.3396217	1.6956329	20.645662	-1.5796113	3.7252903e-09	-0.00071139436	1.6763806e-08	-0.0001367554	0.19129929	-0.043975167	8.541468	-3.457436	0.47608793	-0.015858412	1.0	1.791117	0.005863127	750000	694.5182304382324
25	6.866098	3.8041651	15.193543	0.17901331	15.416667	15.686822	54.0	0.0	1000.0	9175.0	0.011762820512820512	0.6405564	0.6192755	2.4678464	-1.1411222	1.5127354	1.8303149	22.698215	-3.428416	1.4901161e-08	-5.435037e-05	1.1175871e-08	-0.00067094935	0.24810943	-0.059372842	10.218477	-3.4635468	0.46022952	-0.015237808	1.0	1.7911592	0.0040968545	780000	720.6220483779907
26	5.8812404	2.459825	12.092568	2.4899352	14.375	14.755825	60.0	0.0	1000.0	9658.0	0.011923456790123457	0.6418261	0.6423834	2.341031	-1.3164486	1.6678541	1.6812891	18.157804	-1.4022784	2.7939677e-09	-0.0009623766	-7.450581e-09	-0.0022413866	0.18896167	-0.044072382	9.629816	-4.152149	0.4449917	-0.01479125	1.0	1.7915838	0.0034300887	810000	746.6230118274689
27	6.1744447	3.2494469	11.259431	0.28309718	18.916666	19.137478	61.0	0.0	1000.0	10162.0	0.012097619047619048	0.6133871	0.59371066	2.3446863	-1.1687579	1.4514554	1.699771	18.991701	-3.9174657	-1.1175871e-08	-0.001097051	-1.4901161e-08	-0.0017487957	0.18205866	-0.048590943	9.672856	-3.8408792	0.43020046	-0.013866484	1.0	1.7921138	0.0040495265	840000	772.6736204624176
28	4.7563214	3.345567	12.661222	0.44018075	9.958333	9.964434	33.0	0.0	1000.0	10501.0	0.012070114942528735	0.5587772	0.6081705	2.3462327	-1.141164	1.8817104	2.22103	20.723204	-1.4704888	2.7939677e-09	-0.00066198397	7.450581e-09	-0.0012852612	0.19715162	-0.060571827	7.473763	-3.3856053	0.41633397	-0.013975501	1.0	1.7922889	0.0021213973	870000	798.6876397132874
29	7.5102386	2.7616045	15.917067	2.451855	12.375	13.828752	53.0	0.0	1000.0	10894.0	0.012104444444444444	0.6484858	0.6014471	2.3575802	-0.9560238	1.1767528	1.1138439	20.34842	-0.9584361	1.1175871e-08	-0.0004924934	7.450581e-09	-0.0004535336	0.22751814	-0.066249676	6.434825	-2.1218276	0.40235847	-0.013779193	1.0	1.7924616	0.0017385009	900000	824.6576969623566
30	7.8396535	3.1985896	12.911882	0.3535442	11.958333	10.6867485	32.0	0.0	1000.0	11327.0	0.012179569892473117	0.78352827	0.6208517	2.7502506	-1.111685	1.4376363	1.6001102	20.396128	-1.282202	-1.8626451e-09	-0.00034062396	-1.4901161e-08	0.00056267646	0.21815296	-0.0610191	7.586962	-2.384416	0.38857928	-0.013601452	1.0	1.7926348	0.0021175055	930000	850.7621376514435
31	6.98831	3.1511056	12.1003065	0.33726302	22.708334	18.3132	66.0	0.0	1000.0	11934.0	0.01243125	0.8060145	0.6647379	2.5013945	-1.0977006	1.5273846	1.6886108	19.981018	-1.32849	0.0	-0.0011309078	7.450581e-09	-0.0016320511	0.16457674	-0.03828086	10.07247	-3.819425	0.37497783	-0.012302071	1.0	1.7927451	0.001619755	960000	876.8567688465118
32	7.294727	3.8719985	17.02939	2.1658604	18.208334	14.617282	54.0	0.0	1000.0	12455.0	0.012580808080808081	0.7803033	0.6098607	2.4364064	-1.1232396	2.0264132	2.1144238	20.013403	-0.93668145	-1.3969839e-09	-0.0008448871	-7.450581e-09	-0.00028773258	0.24583243	-0.056738142	9.399338	-3.3406196	0.36267576	-0.011652887	1.0	1.7930151	0.0030076653	990000	902.9983055591583
33	7.9790516	3.9195468	13.633652	2.1520374	14.875	15.428093	50.0	0.0	1000.0	12874.0	0.01262156862745098	0.83050215	0.61466277	2.6052606	-1.0156589	1.8793396	2.0654764	22.415781	-2.2464623	3.7252903e-09	-0.0004960214	-7.450581e-09	-0.00032276846	0.23136649	-0.044784583	9.964567	-4.7766895	0.35102287	-0.011397183	1.0	1.793405	0.0007642879	1020000	928.809093952179
34	8.027164	3.5889661	16.217194	-0.37618658	21.666666	15.611606	63.0	0.0	1000.0	13506.0	0.012862857142857143	0.82086694	0.6554636	2.3389192	-1.0762327	1.515336	1.8339928	30.277536	-1.540744	-1.8626451e-09	-0.00065121544	-1.8626451e-09	-0.00074838055	0.18796289	-0.046896026	12.884651	-5.128849	0.3396257	-0.01046887	1.0	1.7935295	0.00080295024	1050000	954.8339686393738
35	8.696113	3.4795082	16.36519	3.7491682	15.666667	14.516274	46.0	0.0	1000.0	14036.0	0.012996296296296296	0.8934247	0.6266969	2.5002668	-1.1249788	1.9929087	1.8725525	19.80737	-4.261033	5.5879354e-09	-0.00075737265	-1.6763806e-08	-0.00026003225	0.20843269	-0.040120266	9.19326	-3.7338228	0.32915682	-0.010256618	1.0	1.7931798	0.00096289185	1080000	980.8244185447693
36	8.289235	4.407393	17.613503	-0.08807578	17.708334	13.119575	45.0	0.0	1000.0	14553.0	0.013110810810810811	0.79982585	0.63993394	2.3815875	-1.0861621	1.8386409	1.8924085	23.126478	-1.2870129	0.0	-0.00082356547	1.4901161e-08	-0.00017149467	0.22016725	-0.05958044	8.646372	-3.544851	0.3189002	-0.009847611	1.0	1.792831	0.0007549768	1110000	1006.9019973278046
37	6.0081105	3.3327508	11.799181	0.09873972	18.291666	14.063781	57.0	0.0	1000.0	15124.0	0.013266666666666666	0.711541	0.68461657	2.7406735	-1.1260217	1.9737818	1.7180511	16.093979	-1.7822773	1.0011718e-08	-0.001024501	-3.7252903e-09	-0.0006900359	0.20288548	-0.061339557	9.741325	-3.2122304	0.3090526	-0.009420335	1.0	1.7922034	0.0014721749	1140000	1032.9771482944489
38	7.464716	3.191807	12.918377	-0.9899366	17.791666	21.861265	96.0	0.0	1000.0	15601.0	0.013334188034188035	0.75567997	0.631212	2.5396361	-1.2445831	2.0490415	1.7863919	19.736197	-0.9216556	1.8626451e-09	-0.00049567746	1.8626451e-09	-0.00014518207	0.21246575	-0.05413153	9.411705	-4.0998955	0.29963225	-0.009078234	1.0	1.7916781	0.00034708687	1170000	1058.9777071475983
39	7.9163136	2.8602805	13.331334	3.2817028	15.583333	13.184324	45.0	0.0	1000.0	16010.0	0.013341666666666667	0.81847125	0.6216134	2.1536417	-1.0868196	1.6095757	1.8283986	20.050375	-1.356105	-2.7939677e-09	-0.0006702435	-3.7252903e-09	-0.001158617	0.20299667	-0.050526	7.2530484	-3.3448076	0.29055402	-0.008955121	1.0	1.791606	0.0012640214	1200000	1085.0000700950623
40	9.316689	2.9540777	13.657887	2.9106867	19.75	22.42441	113.0	0.0	1000.0	16608.0	0.013502439024390243	0.88858247	0.62813556	2.426087	-1.0899655	1.6596372	1.9767336	22.110397	-1.5388193	-1.8626451e-09	-0.0006603156	0.0	-0.0016840077	0.2287671	-0.065322824	9.844932	-4.8074007	0.2815989	-0.008447856	1.0	1.791518	0.0013703962	1230000	1111.0107381343842
41	8.50949	3.6270077	14.909253	1.1154122	16.666666	13.535961	53.0	0.0	1000.0	17054.0	0.013534920634920634	0.93587124	0.6699704	2.627285	-1.137937	1.8880634	2.05292	24.956587	-2.0769997	-8.381903e-09	-0.008030962	9.313226e-10	-0.008144614	0.19918957	-0.06367415	7.312091	-3.4640875	0.27315104	-0.007939935	79.0	1.7913326	0.0061814473	1260000	1144.3059422969818
42	8.362545	2.581363	13.251589	3.0936592	17.375	9.411042	33.0	0.0	1000.0	17549.0	0.013603875968992247	0.8929433	0.63132787	2.609689	-1.1354558	1.5763221	1.7366148	16.406672	-3.7236934	1.8626451e-09	-0.0071114777	0.0	-0.006607672	0.21375714	-0.077288985	7.966366	-3.8838444	0.2652111	-0.008399636	79.0	1.7626703	0.005329389	1290000	1177.39004611969
43	7.9735665	3.4380949	17.238533	1.0411454	24.458334	18.055422	75.0	0.0	1000.0	18233.0	0.013812878787878787	0.82738966	0.60258466	2.3789794	-1.1445748	1.9375126	2.0371442	19.952652	-1.8697739	-3.7252903e-09	-0.007952906	1.1175871e-08	-0.009256856	0.2058574	-0.058346227	11.661304	-5.1670365	0.25681147	-0.00687775	79.0	1.7388635	0.0057773315	1320000	1210.6445565223694
44	8.444434	3.1626916	13.443776	1.4404358	16.958334	14.805627	51.0	0.0	1000.0	18731.0	0.013874814814814816	0.9129084	0.62966895	2.6746902	-1.3326038	2.011514	2.3129115	22.98712	-3.024426	-4.656613e-10	-0.008354283	1.0244548e-08	-0.010362167	0.20557612	-0.059701853	8.373484	-4.472668	0.24993372	-0.006053865	79.0	1.7175784	0.006314249	1350000	1243.9168059825897
45	10.225484	3.5554423	15.977827	0.43295762	21.416666	17.7222	61.0	0.0	1000.0	19327.0	0.014005072463768116	1.0712329	0.6041185	2.4019196	-1.2654349	1.680394	2.0574472	21.114704	-1.7506928	-9.313226e-09	-0.007140627	0.0	-0.01001044	0.19600832	-0.05314573	11.3269825	-5.9823456	0.24387985	-0.00536415	79.0	1.6738843	0.006123661	1380000	1277.1623938083649
46	10.473671	3.149859	16.652246	5.698933	18.708334	19.348728	85.0	0.0	1000.0	19930.0	0.014134751773049646	1.0955877	0.6225812	2.5130718	-0.89107907	2.1416562	2.7928424	24.974876	-2.4613492	-3.7252903e-09	0.0044858726	1.4901161e-08	-0.0034564678	0.18385875	-0.048359536	9.472941	-4.3103266	0.2385157	-0.0064399987	3.0	1.668709	0.013452367	1410000	1303.4006485939026
47	11.056575	2.9515414	15.823626	5.151546	20.458334	15.209589	53.0	0.0	1000.0	20514.0	0.014245833333333333	1.1109203	0.6211699	2.596506	-0.80692554	1.7828078	1.9510772	20.91336	-0.83752024	-2.3283064e-09	0.003875942	7.450581e-09	0.0019091386	0.23614772	-0.07636635	8.555635	-3.7015433	0.2320757	-0.0061148703	1.0	1.667012	0.013157902	1440000	1329.4380633831024
48	10.349924	4.196375	16.66723	1.1228199	16.25	14.315639	44.0	0.0	1000.0	20988.0	0.014277551020408162	1.1385732	0.62804395	2.848696	-1.219234	2.2209423	2.3347998	21.146616	-1.2800951	0.0	-6.186543e-05	-5.5879354e-09	-0.0008209101	0.2160127	-0.07145672	7.972871	-3.6034205	0.22596084	-0.006104365	1.0	1.6661727	0.0024345536	1470000	1355.622253894806
49	10.894904	3.6643987	15.85951	-0.100503266	21.875	20.015228	73.0	0.0	1000.0	21600.0	0.0144	1.13901	0.61553204	2.5763018	-0.90170485	1.7419493	1.8086913	17.734932	-1.8373051	0.0	0.00075173413	1.3038516e-08	-0.0006862632	0.2077359	-0.0632139	10.077315	-4.209016	0.21985647	-0.005633205	1.0	1.6655458	0.008551281	1500000	1381.6476819515228
50	10.200051	2.7118204	15.183799	3.517685	30.0	21.053503	72.0	0.0	1000.0	22390.0	0.014633986928104576	1.108736	0.6158961	2.57769	-0.8617884	2.3631098	2.454479	20.860071	-0.75934905	7.450581e-09	-0.00023981556	-1.4901161e-08	-0.00074075046	0.22091003	-0.06779714	12.138571	-5.5250645	0.21422327	-0.0045318156	1.0	1.6652822	0.0011792758	1530000	1408.013846874237
51	9.294057	2.97703	16.021555	3.7121873	25.208334	16.258278	70.0	0.0	1000.0	23088.0	0.0148	1.0457338	0.6403005	2.762618	-1.1013857	2.8961713	2.8341439	25.979769	-1.9310386	-1.0011718e-08	-0.00010265544	-1.8626451e-09	-0.00063827244	0.1776556	-0.05846072	11.065189	-5.419156	0.20969145	-0.0039898157	1.0	1.6652913	0.0036534085	1560000	1434.1985440254211
52	11.038769	3.3556166	17.438498	2.8518157	17.833334	21.782383	85.0	0.0	1000.0	23582.0	0.014831446540880503	1.1023476	0.6029164	3.2316523	-1.0195545	2.1183116	1.8784852	17.27616	-2.5801992	-1.1175871e-08	-0.00021099375	-1.4901161e-08	0.0004497677	0.21082509	-0.069480285	11.4621315	-5.929273	0.20570163	-0.004120484	1.0	1.6654468	0.001638118	1590000	1460.4230198860168
53	11.18396	3.3318815	20.280176	4.4327774	26.416666	19.918411	69.0	0.0	1000.0	24367.0	0.015041358024691358	1.1128787	0.6237683	2.8932178	-1.2499784	1.9400879	2.5115857	24.301271	-2.166926	-1.9557774e-08	-0.00046694477	-2.6077032e-08	-0.00096518896	0.2462717	-0.08050205	12.709326	-5.6242104	0.20158115	-0.0035356432	1.0	1.6659161	0.0017859666	1620000	1486.5917375087738
54	11.765545	2.400809	18.196028	7.867242	11.666667	12.565385	55.0	0.0	1000.0	24780.0	0.015018181818181818	1.2049565	0.6631074	2.6807325	-1.567557	2.1879735	2.1651025	22.342997	-1.0756499	5.5879354e-09	0.0033513876	1.8626451e-08	-0.0025596647	0.19649637	-0.077730015	9.074621	-4.4214835	0.1980455	-0.0041817874	1.0	1.6666684	0.011635458	1650000	1512.7310678958893
55	11.217191	2.6822722	16.044067	4.8530226	22.083334	22.963587	109.0	0.0	1000.0	25429.0	0.015136309523809524	1.2227489	0.5680824	2.728403	-0.8819737	1.8954054	2.4627478	28.848915	-1.3138036	-4.1909516e-09	-0.00054320856	0.0	-0.0009669758	0.20625839	-0.07179459	12.708698	-5.6797605	0.19386372	-0.0039402097	1.0	1.6673219	0.00216651	1680000	1538.996325969696
56	11.122997	2.5418017	18.60732	6.6542964	22.458334	17.065998	69.0	0.0	1000.0	26057.0	0.015238011695906432	1.1318786	0.63558334	2.7189956	-0.72944957	2.0393295	2.2697883	21.78483	-2.1074927	1.21071935e-08	-6.250794e-05	-2.2351742e-08	-0.00030246936	0.18008997	-0.06468028	9.57233	-4.6122274	0.18992351	-0.0036954135	1.0	1.668208	0.0026192097	1710000	1565.258596420288
57	11.554866	2.505277	16.297132	6.2543874	18.25	11.931227	45.0	0.0	1000.0	26670.0	0.015327586206896551	1.2247494	0.62085927	2.7741761	-1.2877156	2.2260222	1.9885174	21.310894	-1.123781	5.5879354e-09	-0.0016621957	0.0	-0.0005836023	0.217118	-0.065879345	11.035602	-5.0516434	0.1862281	-0.0038053691	1.0	1.6694365	0.0038034166	1740000	1591.4855773448944
58	11.528911	3.40034	17.888721	6.1580977	26.041666	14.830934	54.0	0.0	1000.0	27483.0	0.015527118644067797	1.1760815	0.62538445	2.889673	-0.9880278	2.3333135	2.794459	26.012747	-1.9504178	1.9092113e-08	-0.0013116305	1.1175871e-08	-7.2082505e-05	0.21857601	-0.061943244	10.5510845	-5.2950053	0.18242273	-0.0033023506	1.0	1.6703157	0.002830782	1770000	1617.7422542572021
59	11.985724	3.9426215	19.511019	2.3912866	24.291666	16.654528	65.0	0.0	1000.0	28234.0	0.015685555555555557	1.284717	0.6807907	2.9510531	-1.1138251	2.7628088	2.4716852	21.184582	-1.5876061	-1.6298145e-09	-0.00067888317	-1.4901161e-08	-0.0016309195	0.23563038	-0.08707694	10.467536	-4.918521	0.17912038	-0.0029993653	1.0	1.6710846	0.0026737424	1800000	1644.0065858364105
60	10.883597	2.7522466	16.196575	5.7412095	20.625	20.007942	71.0	0.0	1000.0	28848.0	0.015763934426229507	1.2014385	0.6716224	2.693462	-1.0346876	2.4784682	2.2918344	22.53614	-1.4201906	-5.5879354e-09	-0.0013268723	7.450581e-09	-0.0005855318	0.21255484	-0.08277947	10.650372	-5.6710114	0.17612101	-0.0030083805	1.0	1.6712857	0.0017683941	1830000	1670.1854693889618
61	11.905098	3.8486936	20.151838	4.2978344	18.333334	16.664999	53.0	0.0	1000.0	29378.0	0.01579462365591398	1.1699009	0.62207794	2.7293305	-1.1676824	2.2522485	2.343301	23.059622	-1.8032589	2.0954758e-09	-0.00033534993	-9.313226e-09	5.3291908e-05	0.22518122	-0.085338935	8.958688	-4.3691535	0.17311263	-0.003175661	1.0	1.671493	0.00017241325	1860000	1696.4429104328156
62	12.188853	2.590519	16.33942	6.731874	17.208334	15.381209	51.0	0.0	1000.0	29988.0	0.015866666666666668	1.2601253	0.6161234	2.772633	-0.83728635	1.9960012	2.117746	25.894266	-3.1897788	3.7252903e-09	-0.0009792068	4.4703484e-08	-0.0007243089	0.20015174	-0.08262339	11.458193	-5.2043467	0.16993697	-0.0033973008	1.0	1.6716772	0.0015294626	1890000	1722.6704461574554
63	12.2961035	3.4099326	19.071295	4.112273	22.458334	11.48905	43.0	0.0	1000.0	30693.0	0.0159859375	1.2165172	0.62776595	2.8641715	-0.9211577	2.3642204	2.851924	29.391632	-2.5875552	-5.5879354e-09	-0.00043223368	-3.7252903e-09	-0.00015371281	0.20255345	-0.06707124	10.924869	-4.967719	0.16653967	-0.0032114089	1.0	1.6716648	0.00043459132	1920000	1748.8548002243042
64	13.136004	3.2825298	22.086401	7.7354474	23.875	16.57637	65.0	0.0	1000.0	31396.0	0.01610051282051282	1.297564	0.6387705	2.962292	-1.009173	2.5094032	2.2242227	20.181618	-2.7052603	9.313226e-10	-0.0005475627	2.2351742e-08	-0.00022549089	0.22176842	-0.08482267	9.3620405	-3.7542043	0.16332826	-0.0029442161	1.0	1.6717238	0.0006299746	1950000	1774.9538924694061
65	10.422687	3.8037515	17.236866	0.4378308	25.458334	17.423592	75.0	0.0	1000.0	32130.0	0.016227272727272726	1.2591428	0.646143	3.1155865	-0.6678359	2.4383762	2.2121816	19.548254	-1.5392133	-3.7252903e-09	-0.0006366868	-1.1175871e-08	0.00051416736	0.25281414	-0.1051839	10.783337	-5.162307	0.16038404	-0.002594158	1.0	1.6716188	0.0006561667	1980000	1801.1522073745728
66	13.826076	3.734402	22.183647	6.50404	21.375	24.699549	106.0	0.0	1000.0	32806.0	0.01632139303482587	1.2887563	0.6066522	3.0375948	-0.81473076	2.377373	2.418895	28.40766	-1.1448692	5.5879354e-09	-0.0003427958	-2.2351742e-08	0.0003286249	0.26397637	-0.12101577	13.226963	-6.9590797	0.15778989	-0.0025741756	1.0	1.6715786	0.0006534603	2010000	1827.3015961647034
67	12.356032	3.0639758	18.162388	5.477843	26.875	23.800056	80.0	0.0	1000.0	33600.0	0.01647058823529412	1.3654282	0.64721406	3.1286652	-0.6406809	2.5581422	2.8603137	28.679914	-1.1738462	-3.7252903e-09	-0.0014351709	-1.4901161e-08	-0.0015560763	0.21920028	-0.08804657	13.011799	-5.926642	0.15521571	-0.0021623522	1.0	1.6713803	0.0017774858	2040000	1853.5309357643127
68	12.822427	3.0583394	20.602848	7.0210967	18.875	15.634664	55.0	0.0	1000.0	34139.0	0.016492270531400965	1.3357403	0.5960495	3.0811727	-1.5488011	2.4824553	2.517874	24.981657	-1.737865	-5.5879354e-09	-0.0006966114	-1.8626451e-08	-0.0005787916	0.20726313	-0.07897708	9.355331	-4.7850857	0.15305336	-0.0023620427	1.0	1.6711706	0.0005557058	2070000	1879.6711654663086
69	12.034485	3.2122834	21.470255	6.4875603	20.416666	15.016426	61.0	0.0	1000.0	34792.0	0.016567619047619046	1.2725278	0.5479272	3.0104957	-0.79244256	2.05866	2.208659	23.825306	-3.860647	-2.7939677e-09	-0.0008705449	-3.7252903e-09	-0.00033085723	0.22449964	-0.092434734	10.190494	-4.226029	0.15069132	-0.0024317652	1.0	1.6707253	0.0010392219	2100000	1905.8354964256287
70	12.990096	2.4972286	18.228619	8.407819	23.541666	20.56287	76.0	0.0	1000.0	35614.0	0.01672018779342723	1.2726791	0.62204194	3.029597	-0.985022	2.376132	2.2113607	22.713533	-0.82695884	-4.8894435e-09	-0.0007060672	1.8626451e-08	-0.00035572133	0.16500214	-0.06304507	17.476154	-8.679075	0.14825955	-0.0022761524	1.0	1.6701336	0.0008008707	2130000	1932.042927980423
71	12.185252	4.1108804	19.979717	1.6616998	32.541668	20.375597	83.0	0.0	1000.0	36603.0	0.016945833333333334	1.2774181	0.6277994	2.9337704	-0.532102	3.1831696	3.5313215	26.489075	-2.924307	-6.519258e-09	-0.00039096503	1.9557774e-08	-0.00022071332	0.21537438	-0.08833098	16.131079	-7.4469833	0.1459834	-0.0015081763	1.0	1.6696241	0.00047589978	2160000	1958.2477271556854
72	13.194725	3.721086	20.4903	6.7764306	30.916666	20.858484	66.0	0.0	1000.0	37461.0	0.017105479452054796	1.369248	0.6209556	2.9919093	-0.784414	3.2306182	3.0526597	26.913282	-1.3703605	-3.7252903e-09	-0.00085677986	3.7252903e-09	-0.0006239437	0.2221779	-0.09378959	15.3652	-7.039763	0.14447522	-0.0009428263	1.0	1.6692569	0.0010253657	2190000	1984.5949370861053
73	13.119439	3.0541012	19.487408	8.072185	24.5	18.513508	74.0	0.0	1000.0	38190.0	0.017202702702702702	1.3872956	0.589453	3.075911	-0.7315481	2.8573647	2.9613914	27.582157	-2.4522038	-2.2351742e-08	-0.0008943657	-2.6077032e-08	-0.00044684618	0.16797197	-0.06845912	11.904608	-5.900044	0.1435324	-0.00088346004	1.0	1.6689777	0.00088379317	2220000	2010.852549791336
74	11.879489	3.309196	18.146927	5.705546	39.125	28.421402	94.0	0.0	1000.0	39430.0	0.017524444444444443	1.2668816	0.5977014	2.8372374	-0.6391472	3.0781834	3.3189552	30.058832	-4.2029076	1.8626451e-08	-0.0007561194	-5.5879354e-09	-0.00015259534	0.2143449	-0.09027724	20.39037	-10.679588	0.14264894	0.00017952919	1.0	1.6686991	0.0012036893	2250000	2036.9673109054565
75	12.261218	2.7271376	16.067213	3.4818583	32.5	22.224236	96.0	0.0	1000.0	40401.0	0.017719736842105264	1.2412497	0.6100881	3.0101264	-1.012767	4.041655	3.6073132	25.108713	-2.5377035	2.7939677e-09	-0.008444792	7.450581e-09	-0.009863142	0.23785144	-0.09393489	15.514889	-6.9028363	0.14282846	0.0009954125	79.0	1.6685839	0.005631671	2280000	2070.424679517746
76	12.471843	4.805549	21.06721	3.0937264	27.875	17.737232	66.0	0.0	1000.0	41244.0	0.017854545454545456	1.2971821	0.57655966	2.8215394	-0.93068165	3.0714803	2.7778625	26.029123	-1.6354436	-4.656613e-09	-0.007711745	3.8184226e-08	-0.0074385824	0.26181394	-0.13853233	12.366774	-5.505492	0.14382388	0.00071808696	79.0	1.6416564	0.0052534547	2310000	2103.766243457794
77	14.548108	2.7386892	18.222908	5.9250565	21.291666	16.351553	61.0	0.0	1000.0	41934.0	0.01792051282051282	1.3798395	0.6137729	2.8741992	-0.8854156	2.8378966	2.5523462	26.152578	-1.1424184	0.0	-0.008898018	3.7252903e-09	-0.010290568	0.24598451	-0.116761334	10.473425	-4.6211295	0.14454196	0.0007429272	79.0	1.6357474	0.006479011	2340000	2137.0206611156464
78	12.120247	3.723171	18.458378	2.318874	29.541666	23.50351	75.0	0.0	1000.0	42857.0	0.018083122362869197	1.3435084	0.61896926	2.8591602	-0.703906	2.7113843	2.9264205	33.91718	-1.1606131	-3.7252903e-09	-0.00086359034	-4.0978193e-08	-0.005240272	0.25581217	-0.13635184	17.577042	-8.680399	0.14528489	0.0008532256	18.0	1.5929506	0.0070658447	2370000	2164.737877845764
79	14.7584	2.558517	19.86451	11.005269	25.541666	20.316208	70.0	0.0	1000.0	43640.0	0.018183333333333333	1.3062263	0.604176	3.1472852	-1.0395803	2.8745391	2.8854904	28.284792	-1.6858323	-9.313226e-09	-0.0007415563	0.0	-0.00034942199	0.24153085	-0.10764561	13.800842	-7.069056	0.14613812	0.0007312447	1.0	1.5803144	0.0031217928	2400000	2191.026924610138
80	13.125354	3.1096878	18.882933	6.5600343	28.083334	21.169783	71.0	0.0	1000.0	44492.0	0.01830946502057613	1.4110641	0.5915059	3.0024698	-0.6292931	3.0233178	3.313736	32.452156	-1.6381983	3.7252903e-09	-0.00025408668	2.6077032e-08	0.0006964933	0.19508436	-0.083556294	14.005038	-6.621102	0.14686936	0.00090174377	1.0	1.5789882	0.0022186066	2430000	2217.3492469787598
81	14.122944	3.2555969	25.14437	9.3047695	29.791666	25.42633	73.0	0.0	1000.0	45335.0	0.018428861788617888	1.3807927	0.59328854	2.8082495	-0.86596525	3.0843797	3.1826804	29.602243	-1.7299458	-6.0535967e-09	-0.00080616947	1.8626451e-09	-0.00018120697	0.23842373	-0.10525891	13.92309	-7.358377	0.1477711	0.0011866093	1.0	1.5777562	0.0011726683	2460000	2243.539192199707
82	13.267095	2.1499438	17.352299	9.514455	28.916666	20.039371	68.0	0.0	1000.0	46219.0	0.018561847389558232	1.4033422	0.6158524	2.9030795	-0.855736	2.7994635	3.0700424	26.945845	-3.202069	-9.313226e-09	-0.00062518846	0.0	-0.00092834374	0.20692216	-0.0946891	15.544926	-7.7140083	0.14895771	0.001386568	1.0	1.5769892	0.0007095911	2490000	2269.8187005519867
83	13.9547615	3.1238706	18.349491	6.560411	38.125	27.686207	93.0	0.0	1000.0	47293.0	0.01876706349206349	1.4344307	0.58780175	2.9664733	-1.0276014	3.090742	3.077282	32.934925	-2.5249841	1.8626451e-08	-0.00055176014	1.8626451e-08	-0.0005898863	0.22362193	-0.08548099	23.017702	-12.61756	0.15034428	0.002249986	1.0	1.576813	0.0009937925	2520000	2296.1982283592224
84	12.804337	3.9775724	17.916967	2.6417108	28.75	25.868658	82.0	0.0	1000.0	48185.0	0.01889607843137255	1.4883584	0.5999188	2.8806965	-0.5238841	3.2482822	3.7674024	34.19333	-2.4121933	-2.9802322e-08	-0.0008769068	2.4214387e-08	-0.0045233197	0.21405602	-0.10289155	17.266777	-9.500428	0.15259427	0.0023559183	1.0	1.577019	0.0024049084	2550000	2322.370778799057
85	13.191589	2.8659475	19.28398	7.992736	36.375	27.649311	100.0	0.0	1000.0	49275.0	0.019098837209302326	1.4012868	0.59585637	2.9152026	-0.6426563	3.3765047	3.8739944	31.636414	-2.090534	1.8626451e-09	-0.0008997347	1.4901161e-08	-0.0016229949	0.18927237	-0.08084992	22.835135	-12.493064	0.15495019	0.003032595	1.0	1.5773387	0.0012101426	2580000	2349.1359581947327
86	13.189008	4.286976	20.2306	4.874528	30.125	26.177778	95.0	0.0	1000.0	50082.0	0.019188505747126435	1.3804935	0.6102059	3.0187414	-0.5108628	3.1986768	3.296229	31.779682	-2.860425	1.3969839e-08	-0.0009235528	-6.519258e-09	-0.00041992962	0.24736238	-0.11922256	15.817047	-8.816065	0.15798278	0.0032072067	1.0	1.5778402	0.0014803251	2610000	2376.552771091461
87	14.208705	2.6658633	19.699392	10.384884	32.416668	18.55828	63.0	0.0	1000.0	51057.0	0.019339772727272726	1.3721808	0.6222939	3.1438637	-1.0928228	3.0924468	3.5622606	40.266113	-2.285997	9.313226e-09	-0.001151602	1.5832484e-08	-0.0035644937	0.26630247	-0.13123006	17.576809	-8.671251	0.16118999	0.003558144	1.0	1.5781914	0.0027963538	2640000	2403.2156977653503
88	14.040024	3.6537998	18.935007	4.4379907	32.0	34.38992	182.0	0.0	1000.0	52159.0	0.019535205992509363	1.3804522	0.6201581	3.0858302	-0.8473485	3.707644	3.664279	34.575974	-2.6125855	1.21071935e-08	-0.00042767252	5.2154064e-08	0.0013100358	0.23567286	-0.103652686	19.364708	-9.357771	0.16474813	0.0038632303	1.0	1.5784979	0.0028766573	2670000	2429.719165802002
89	14.790874	3.2681437	19.904715	7.5068536	29.208334	19.544775	76.0	0.0	1000.0	53063.0	0.019652962962962962	1.4567714	0.59579426	3.0175354	-0.7432452	3.440278	3.2515805	34.887707	-1.6386052	0.0	-0.0005377814	-2.2351742e-08	-0.0017921585	0.21167243	-0.096294135	15.049541	-6.717087	0.16861136	0.003929019	1.0	1.5787579	0.0052416623	2700000	2456.114435195923
90	13.217771	2.8887484	20.48723	9.074439	28.0	24.5153	85.0	0.0	1000.0	53901.0	0.019743956043956044	1.4248711	0.6366099	3.1492803	-0.68084526	3.1553974	3.1330774	27.531048	-3.0815198	-8.8475645e-09	0.00016750058	-5.5879354e-09	0.0008274468	0.21021917	-0.0920767	15.248577	-7.3322353	0.17254038	0.0038980544	1.0	1.5788138	0.0027156807	2730000	2482.6200597286224
91	14.184777	2.6925817	18.699495	8.344917	36.416668	28.453054	126.0	0.0	1000.0	55139.0	0.019977898550724637	1.3866625	0.594323	2.8169909	-0.826136	3.31153	3.6925712	37.26513	-2.1398458	-4.656613e-09	-0.0010145893	-3.7252903e-09	-0.0006179027	0.22932692	-0.107680805	27.198524	-13.946426	0.17643844	0.004605219	1.0	1.578668	0.0013316011	2760000	2509.384390592575
92	14.485638	3.2318091	21.212427	7.3134027	37.0	28.312246	116.0	4.0	1000.0	56270.0	0.020168458781362007	1.4403614	0.59284085	2.9168253	-0.70942897	3.9287333	3.7125626	31.415651	-2.318132	-9.313226e-09	-0.00044931727	-1.8626451e-08	-0.000907755	0.229799	-0.11293445	17.892397	-9.690263	0.18104365	0.0053415596	1.0	1.5785317	0.00082903676	2790000	2536.1074981689453
93	12.462855	2.9912207	17.424162	3.0562284	46.625	33.73032	159.0	0.0	1000.0	57604.0	0.020426950354609928	1.3722371	0.59891623	3.0253863	-0.5964835	4.5765543	4.6005263	38.415226	-1.417737	1.8626451e-09	-0.0007529161	5.5879354e-09	-0.0003455279	0.19645399	-0.10483333	25.705177	-12.923134	0.18638521	0.006827131	1.0	1.5785701	0.0029665523	2820000	2562.8993039131165
94	12.572697	4.3130665	20.61532	3.34874	49.333332	36.37383	170.0	7.0	1000.0	58955.0	0.0206859649122807	1.3149768	0.60227424	2.865694	-0.43085778	4.6346445	4.406182	40.78374	-1.6560478	-5.5879354e-09	-0.0006520635	-1.4901161e-08	-0.0010771239	0.2634607	-0.13100132	23.712309	-12.073999	0.19321235	0.008432731	1.0	1.5783001	0.0009828956	2850000	2589.235183954239
95	14.99329	3.7518492	22.198702	4.620166	27.708334	28.329134	84.0	0.0	1000.0	59773.0	0.02075451388888889	1.4851669	0.61143094	3.188669	-0.77330947	3.6977646	3.446273	36.819347	-2.3150752	3.7252903e-09	-0.0008893793	1.4901161e-08	-0.0006079925	0.25303876	-0.14361212	15.084773	-7.8651175	0.20164508	0.008194342	1.0	1.5777855	0.0014039476	2880000	2615.675150871277
96	14.132106	3.6160018	21.63707	8.488389	30.208334	20.236061	71.0	0.0	1000.0	60739.0	0.020872508591065292	1.4352432	0.6466574	3.1107202	-0.774142	3.547762	4.0271792	36.091236	-2.2278924	1.1175871e-08	-0.0006340355	1.8626451e-08	-0.0014267452	0.2585713	-0.1310311	19.175678	-9.4651	0.20983942	0.008204162	1.0	1.5773149	0.0007571648	2910000	2641.898780822754
97	14.28671	2.9955704	21.713955	8.454958	30.375	24.205393	87.0	0.0	1000.0	61669.0	0.020975850340136055	1.4638512	0.6491941	3.116818	-1.0455978	3.0702367	3.5182621	39.654385	-3.3761296	-9.778887e-09	-0.0008162507	-1.8626451e-08	-0.0014672298	0.24994373	-0.13772422	17.54814	-8.922186	0.21804358	0.008230269	1.0	1.5770061	0.0010607705	2940000	2668.304072380066
98	13.732811	2.8842077	18.80524	7.7761865	31.208334	21.804012	89.0	0.0	1000.0	62599.0	0.021077104377104378	1.4413102	0.5966378	3.377728	-0.71990114	3.1575835	3.1201255	26.262024	-3.8442638	-1.8626451e-09	-0.00071949174	-2.2351742e-08	-0.0009286496	0.17759648	-0.083479986	19.585392	-10.201688	0.22627385	0.0083503425	1.0	1.5766845	0.0007169812	2970000	2694.8625819683075
99	14.634731	3.0517979	19.414368	6.644175	33.125	25.562525	100.0	0.0	1000.0	63624.0	0.021208	1.4231752	0.53167826	3.180431	-0.2933355	3.1037776	3.474611	33.537876	-3.4980512	-7.450581e-09	-0.0012395061	-1.4901161e-08	-0.002244884	0.2190895	-0.110281385	20.679968	-9.997175	0.23462419	0.008676916	1.0	1.5762072	0.0022004	3000000	2721.2862532138824
100	14.510654	2.7961826	20.818653	7.648002	35.416668	21.958136	76.0	0.0	1000.0	64621.0	0.021327062706270626	1.4255116	0.5815434	3.2206402	-0.4919998	3.661437	3.7371988	32.554913	-2.6977344	6.519258e-09	-0.00046912325	-1.4901161e-08	-0.0008285658	0.2363074	-0.112845145	17.653326	-7.7547884	0.24330111	0.00925152	1.0	1.5756445	0.00024574852	3030000	2748.088220357895
101	12.63826	4.4479575	21.016872	3.0044854	49.333332	36.722683	143.0	0.0	1000.0	66034.0	0.021579738562091503	1.3700179	0.6103235	2.9561098	-0.32171142	4.0527067	4.3593206	36.343636	-2.792866	-1.6763806e-08	-0.0012125587	-4.4703484e-08	-0.0026948499	0.2732293	-0.1392897	29.16893	-13.6666565	0.25255263	0.01121673	1.0	1.57507	0.0014335159	3060000	2774.78462266922
102	13.444896	3.8407626	18.96083	4.7502093	35.166668	29.67837	115.0	0.0	1000.0	67030.0	0.021692556634304208	1.3601964	0.62164694	3.5251245	-0.8063269	4.474139	4.011434	37.333263	-2.1705294	-1.9557774e-08	-0.0003672503	-2.7939677e-08	-0.00056069624	0.2555961	-0.11869111	23.320946	-12.18103	0.26376936	0.011707753	1.0	1.5744007	0.0002279912	3090000	2801.27854013443
103	13.218929	3.3267624	20.033278	5.2843876	34.625	27.694483	93.0	0.0	1000.0	68063.0	0.0218150641025641	1.396895	0.6385898	3.0208516	-0.63570625	3.5302536	3.7626278	30.604683	-2.7424178	-2.142042e-08	-0.00060602813	-1.8626451e-08	-0.0011807105	0.26407835	-0.13762039	22.063847	-10.797737	0.2754771	0.01213792	1.0	1.5737774	0.00039102943	3120000	2827.5930902957916
104	12.858653	3.2457154	17.487413	3.0692391	25.916666	20.003994	87.0	0.0	1000.0	68933.0	0.021883492063492063	1.3820474	0.5752145	3.2320156	-0.5515789	3.1982996	3.1864688	26.660734	-1.9454587	-7.450581e-09	-0.0009824783	-7.450581e-09	-0.000984381	0.2352186	-0.13011396	18.617687	-8.830364	0.28761503	0.011493117	1.0	1.5728583	0.001427467	3150000	2854.1317479610443
105	13.002202	4.159208	21.89537	4.231628	40.041668	29.710379	140.0	0.0	1000.0	70205.0	0.02207704402515723	1.2955848	0.5723731	2.9979947	-0.85519296	3.3863914	3.4670465	28.672379	-1.8402096	3.7252903e-09	-0.011238139	1.1175871e-08	-0.027522003	0.27400795	-0.14929473	27.048937	-13.696441	0.29910815	0.021900773	79.0	1.5717123	0.00862163	3180000	2887.7932934761047
106	13.18794	3.4980838	19.091873	6.079889	29.25	24.408417	91.0	0.0	1000.0	71099.0	0.022149221183800624	1.3797624	0.68607765	3.3041675	-1.0149494	3.7129178	3.44275	29.05968	-1.4782776	-7.450581e-09	-0.009593415	-1.4901161e-08	-0.020679286	0.2386536	-0.12686288	17.284054	-7.5211625	0.32100892	0.019330025	79.0	1.5609194	0.0077787424	3210000	2921.467136859894
107	13.595864	3.0408423	19.0711	8.036618	32.041668	28.211226	115.0	0.0	1000.0	72147.0	0.022267592592592592	1.2911301	0.62973356	3.5015306	-0.8244109	3.4727411	3.6753402	31.286222	-2.2156482	4.656613e-09	-0.013320983	-1.4901161e-08	-0.03572687	0.26148555	-0.1341826	27.377922	-14.238505	0.34033895	0.027096748	79.0	1.5608032	0.01107139	3240000	2955.3462619781494
108	13.039291	3.8124554	20.101702	4.8861165	38.041668	27.169958	101.0	0.0	1000.0	73246.0	0.022399388379204892	1.3498211	0.67351556	3.8213973	-0.9140179	3.7146041	4.110312	47.451073	-3.2324123	-5.5879354e-09	-0.0123387985	-7.450581e-09	-0.040545683	0.25074175	-0.13258606	21.97789	-10.957943	0.3674357	0.021977842	46.0	1.5151682	0.012685274	3270000	2986.098747730255
109	14.174726	3.558724	21.506357	8.384416	25.125	21.21971	93.0	0.0	1000.0	74131.0	0.022463939393939394	1.4014914	0.6168292	3.1493285	-0.76692915	3.521927	3.77382	36.681435	-2.4654784	1.3969839e-08	-0.0012694728	9.313226e-09	-0.0023984653	0.24101855	-0.13484454	20.170765	-9.02809	0.38941354	0.014364541	2.0	1.5166023	0.0010133901	3300000	3012.698817014694
110	12.747655	3.862628	19.019629	2.4794044	37.083332	30.371199	101.0	0.0	1000.0	75201.0	0.022582882882882883	1.4175389	0.6221331	3.3922865	-1.0816293	3.5070755	4.0450296	37.003773	-1.6273403	-1.8626451e-09	-0.010880989	2.2351742e-08	-0.036483984	0.28776246	-0.16351163	20.721737	-8.772379	0.40377808	0.018826574	26.0	1.5169091	0.012020603	3330000	3041.5554621219635
111	10.996224	3.9156282	17.722504	3.9411144	53.416668	48.780903	197.0	0.0	1000.0	76697.0	0.022826488095238094	1.2455341	0.6414182	3.1314976	-0.6751584	4.1482973	4.4527597	39.59856	-3.2231832	-3.7252903e-09	-0.014241602	1.4901161e-08	-0.041606378	0.277441	-0.15419513	37.682175	-19.669518	0.42260465	0.027604192	47.0	1.5162698	0.0122354245	3360000	3072.478949069977
112	14.278885	3.3712692	19.269495	7.15759	29.666666	32.18005	147.0	0.0	1000.0	77683.0	0.02291533923303835	1.2465302	0.64200115	2.8800948	-0.78619194	4.0225296	4.2362046	50.111347	-2.4126644	-4.656613e-09	-0.0011232304	-7.450581e-09	-0.0046777027	0.22666389	-0.1189737	28.818474	-14.355394	0.45020884	0.018939346	2.0	1.505301	0.0036423465	3390000	3099.177673816681
113	16.291986	3.8617604	22.541801	8.151773	45.916668	24.077854	102.0	6.0	1000.0	79083.0	0.023123684210526317	1.4521968	0.56373537	3.110285	-0.70821613	3.848161	4.4852448	42.03241	-3.390062	1.3038516e-08	-0.0008402846	2.9802322e-08	-0.002280525	0.33127797	-0.21687469	28.050182	-12.937155	0.4691482	0.021342963	3.0	1.5049855	0.0023684078	3420000	3125.939002752304
114	18.977148	2.754192	24.32453	9.856307	57.458332	28.709724	120.0	0.0	1000.0	80708.0	0.023393623188405797	1.7546333	0.49822882	3.2752805	-0.13867736	4.593706	3.5043423	30.84134	-0.8541566	7.450581e-09	-0.001482516	1.1175871e-08	-0.0052479394	0.19579217	-0.11148806	23.340797	-9.854934	0.49049115	0.024784863	1.0	1.5041368	0.006069327	3450000	3152.4598939418793
115	18.182215	2.5251415	21.82283	11.160314	52.75	24.493622	139.0	27.0	1000.0	82360.0	0.023666666666666666	1.8657807	0.52010274	3.363159	-0.42181465	5.3678	3.8993676	31.175522	-2.5315144	3.7252903e-09	-0.0011297907	-9.313226e-09	-0.0027131587	0.14750427	-0.076476604	20.429811	-7.3978004	0.515276	0.02780968	1.0	1.5035546	0.0023712127	3480000	3178.9215564727783
116	18.964056	2.172441	22.678566	12.682544	45.041668	26.57925	103.0	0.0	1000.0	83755.0	0.02386182336182336	1.8847846	0.51920986	3.3304334	-0.55607545	5.4191666	3.7678094	31.680319	-0.44173142	-9.313226e-10	-0.010363379	-1.1175871e-08	-0.027175827	0.15501434	-0.07823019	17.046616	-6.6499805	0.5430857	0.03691119	52.0	1.5029576	0.012498574	3510000	3210.266771554947
117	19.275726	1.9350106	23.21594	16.229551	46.916668	24.684536	116.0	0.0	1000.0	85134.0	0.02404915254237288	1.9019016	0.45821583	2.9601524	0.007414378	4.947362	3.8484137	28.616806	-1.7291301	1.3038516e-08	-0.010046596	1.4901161e-08	-0.027692508	0.14076224	-0.06281384	20.5867	-8.397501	0.5799969	0.037796795	35.0	1.5012705	0.012163215	3540000	3240.029478788376
118	18.737074	2.541326	23.125994	11.189045	50.333332	33.36998	145.0	0.0	1000.0	86880.0	0.02433613445378151	1.9673821	0.46734816	3.3785114	0.28348416	4.9370437	4.0340104	34.21499	-2.9033272	-2.2351742e-08	-0.0076002134	-2.2351742e-08	-0.018201023	0.17483595	-0.09493451	25.172993	-10.746574	0.6177937	0.03768736	20.0	1.490325	0.011337943	3570000	3269.232450246811
119	19.39701	2.388767	26.305464	14.724837	45.5	25.109758	106.0	0.0	1000.0	88234.0	0.024509444444444445	1.9667156	0.46645203	3.0664995	0.2581298	5.9742866	4.145784	33.390327	-1.6793219	3.3527613e-08	-0.009203801	5.029142e-08	-0.024783207	0.15475482	-0.07073323	18.812368	-8.42083	0.65548104	0.04006368	24.0	1.4748716	0.011465973	3600000	3300.064423561096
120	19.60538	1.8265095	23.161232	14.871642	49.166668	31.639462	111.0	0.0	1000.0	89680.0	0.024705234159779613	1.9670286	0.45881355	3.3584144	-0.03007016	4.857884	3.7280629	26.90831	-1.2685481	-1.1175871e-08	-0.0067501143	-4.4703484e-08	-0.018208621	0.12819237	-0.056589186	19.072472	-8.049506	0.6955447	0.041609287	18.0	1.45781	0.011739481	3630000	3329.570115327835
121	18.737274	2.2282004	22.287264	13.09487	46.541668	30.585915	136.0	0.0	1000.0	91059.0	0.02487950819672131	1.9325011	0.47420692	3.6496885	0.029234467	4.8500376	3.9617662	30.81048	-3.2250452	1.3969839e-08	-0.0017275349	4.0978193e-08	-0.00383663	0.12102642	-0.050347343	20.455166	-9.267093	0.737154	0.041364014	2.0	1.4552784	0.0011422948	3660000	3356.7685103416443
122	19.265768	2.8286405	24.976013	13.5506	43.166668	19.633448	80.0	11.0	1000.0	92356.0	0.025028726287262874	1.9446945	0.47954595	3.2133832	-0.41551438	4.806347	3.678482	32.549877	-1.2100575	-5.820766e-09	-0.0021341324	-1.6763806e-08	-0.007495665	0.15304688	-0.072462544	15.922062	-6.5563393	0.778518	0.04242772	1.0	1.4545333	0.010208164	3690000	3383.664802312851
123	17.803596	2.7125201	21.464638	8.869878	30.625	24.136438	72.0	0.0	1000.0	93364.0	0.025097849462365592	1.9005502	0.49150333	3.3030958	-0.4583801	3.847633	3.333851	27.716217	-2.718752	-1.3969839e-08	-0.009165296	-2.8871e-08	-0.02116413	0.1414248	-0.06759548	14.236244	-5.664612	0.82094574	0.044192612	26.0	1.4540107	0.012173248	3720000	3412.578248500824
124	19.090384	2.4318388	26.581524	13.873467	31.708334	28.106165	103.0	0.0	1000.0	94330.0	0.025154666666666665	1.8913702	0.4676251	3.0591135	-0.34578404	3.5145197	3.1815307	25.861526	-1.7645613	1.8626451e-09	-0.008813316	-3.7252903e-09	-0.020607129	0.11750212	-0.04369042	16.540972	-6.5270557	0.86513835	0.042928338	23.0	1.4444032	0.012720905	3750000	3441.218863248825
125	18.806377	2.763466	23.639853	11.978459	36.25	27.88406	94.0	0.0	1000.0	95537.0	0.025274338624338623	1.9100052	0.47080553	2.9503913	-0.17372866	4.0984797	3.7197998	26.571863	-2.737098	-7.450581e-09	-0.009681794	-1.1175871e-08	-0.022437718	0.13253891	-0.05150356	15.8104515	-6.69724	0.9080667	0.04212576	16.0	1.4386022	0.012145633	3780000	3469.317352294922
126	18.844828	2.0489042	23.358345	15.291093	38.75	26.882847	114.0	0.0	1000.0	96828.0	0.025414173228346458	1.9280958	0.48999897	3.75813	-0.47637343	4.1194406	3.740839	32.69016	-2.2631302	0.0	-0.0025640172	-1.1175871e-08	-0.0048410506	0.115090825	-0.05059743	17.701397	-8.022403	0.95019245	0.04064524	2.0	1.4346857	0.004413248	3810000	3496.415627002716
127	17.628382	4.197454	24.23825	3.1251683	34.541668	26.185205	97.0	0.0	1000.0	97837.0	0.025478385416666666	1.849764	0.56039745	3.0811763	-0.4074258	4.0135484	3.4036195	26.280418	-2.8961487	5.5879354e-09	-0.009572576	1.4901161e-08	-0.0224885	0.13329133	-0.060754534	14.445194	-5.750168	0.9908377	0.043049097	22.0	1.4338527	0.01323133	3840000	3525.0347578525543
128	18.72658	2.153003	22.31796	14.040341	32.791668	27.580153	121.0	0.0	1000.0	98796.0	0.025528682170542636	1.8937715	0.47576076	3.4873075	-0.8123622	3.4704595	3.2176247	27.444984	-1.8305831	-2.0489097e-08	-0.0021590246	-4.0978193e-08	-0.0045827115	0.12020827	-0.053741746	14.772071	-5.652068	1.0338868	0.039322138	2.0	1.4261746	0.0059100753	3870000	3552.0947725772858
129	18.799719	1.6871095	21.799208	15.920654	30.583334	21.23071	78.0	0.0	1000.0	99702.0	0.025564615384615384	1.942686	0.47623736	3.646583	-0.61311865	3.248022	3.0899503	28.487179	-3.1705651	-1.3038516e-08	-0.0088464385	-2.9802322e-08	-0.019053403	0.118775174	-0.05852309	12.186543	-4.9389653	1.0732089	0.04054594	22.0	1.4255066	0.011833754	3900000	3580.5675785541534
130	18.98312	1.5489514	22.161625	15.5096	30.375	22.02236	66.0	0.0	1000.0	100711.0	0.02562620865139949	1.8837532	0.4328678	3.0477085	-0.1606604	3.3979652	3.2740767	26.114643	-2.0507636	-1.7695129e-08	-0.008346858	-3.7252903e-08	-0.01852991	0.10040642	-0.04537397	11.605739	-4.215025	1.1137549	0.03834212	16.0	1.411123	0.01470124	3930000	3608.4826617240906
131	18.325922	1.6268575	20.753462	14.931118	38.375	31.373838	106.0	0.0	1000.0	101810.0	0.02570959595959596	1.8759176	0.41326016	2.8689678	0.18151248	3.1925447	3.0996656	24.387146	-1.2008336	9.313226e-09	-0.002467175	1.9557774e-08	-0.004353839	0.08827498	-0.036036585	14.700972	-5.9434123	1.152097	0.037196755	2.0	1.4025986	0.0054381853	3960000	3635.2677285671234
132	18.955229	1.8091086	22.465233	14.418696	29.958334	27.37316	118.0	0.0	1000.0	102799.0	0.025764160401002507	1.9220245	0.4315045	3.0846617	0.009044124	4.041586	3.704918	30.720161	-1.3674592	-4.656613e-09	-0.0064238086	-1.4901161e-08	-0.014639584	0.08140762	-0.035105318	15.854485	-6.363474	1.1892937	0.036681056	11.0	1.4008634	0.010832098	3990000	3663.0608854293823
133	18.707355	2.2167068	22.606411	12.579539	32.958332	24.97245	101.0	0.0	1000.0	103800.0	0.02582089552238806	1.9080278	0.48227254	3.402194	-0.5108023	3.2733183	3.5140595	31.448736	-2.794158	-9.313226e-10	-0.004008704	6.519258e-09	-0.013656759	0.10790243	-0.045650106	13.865388	-4.9381943	1.2259748	0.0352813	4.0	1.3895018	0.021136358	4020000	3690.6227419376373
134	18.524374	1.5635632	22.108702	15.929544	33.833332	31.909594	108.0	0.0	1000.0	104749.0	0.02586395061728395	1.9200559	0.44337097	3.1045322	0.018898228	3.239188	3.0477638	27.265844	-1.352766	-7.450581e-09	-0.0029007583	0.0	-0.013002879	0.10605543	-0.04361841	19.64522	-8.522377	1.2612561	0.03477192	2.0	1.3858745	0.018529268	4050000	3717.448413848877
135	19.059034	1.8696091	22.272758	14.3971615	42.916668	27.96414	115.0	0.0	1000.0	106045.0	0.02599142156862745	1.9102163	0.41949427	3.054859	-0.008088744	4.0004663	4.076274	32.16372	-2.0275056	1.8626451e-09	-0.003171912	-3.7252903e-09	-0.012304774	0.09270568	-0.043261148	21.949135	-10.24828	1.296028	0.03717339	2.0	1.3845294	0.017412834	4080000	3744.315257549286
136	19.148726	2.1876178	23.542887	14.48152	39.666668	30.242996	98.0	0.0	1000.0	107196.0	0.026081751824817517	1.951183	0.40077496	3.1826067	0.2572982	4.080468	3.5097516	30.562006	-2.3259683	-1.1175871e-08	-0.0049216817	-1.4901161e-08	-0.01726256	0.12403357	-0.06833832	20.313705	-8.397186	1.3332014	0.03897226	6.0	1.383321	0.023432506	4110000	3771.4269235134125
137	18.545105	2.5168862	23.097834	12.24511	28.041666	25.658787	115.0	0.0	1000.0	107992.0	0.02608502415458937	1.9576172	0.51060987	3.4810915	-0.41581923	3.7303114	3.3615475	32.41041	-3.314166	-9.313226e-09	-0.0034629651	-3.7252903e-09	-0.011516964	0.113335796	-0.05712884	15.807449	-8.144602	1.3721737	0.03632939	3.0	1.3818882	0.016700748	4140000	3798.52099442482
138	19.950747	2.4172027	25.433832	11.914085	28.458334	22.744925	82.0	0.0	1000.0	108827.0	0.02609760191846523	1.976725	0.43089694	3.1692235	-0.30085444	2.386315	2.8961027	27.04798	-2.2242029	-1.3038516e-08	-0.0032219905	-2.9802322e-08	-0.005212012	0.11677521	-0.05321891	14.319739	-6.328328	1.408503	0.03422284	2.0	1.3818117	0.0070938934	4170000	3825.76748919487
