Epoch	AverageEpRet	StdEpRet	MaxEpRet	MinEpRet	AverageEpCost	StdEpCost	MaxEpCost	MinEpCost	EpLen	CumulativeCost	CostRate	AverageVVals	StdVVals	MaxVVals	MinVVals	AverageCostVVals	StdCostVVals	MaxCostVVals	MinCostVVals	LossPi	DeltaLossPi	SurrCost	DeltaSurrCost	LossV	DeltaLossV	LossVC	DeltaLossVC	Penalty	DeltaPenalty	StopIter	Entropy	KL	TotalEnvInteracts	Time
0	-0.20246816	0.6952319	0.94432014	-1.630864	73.0	65.60233	203.0	0.0	1000.0	2169.0	0.0723	0.7611189	0.5401908	2.0892546	-1.0463864	-0.32011127	0.11883854	0.23552173	-0.8916313	-1.4901161e-08	0.01256506	-2.9802322e-08	-0.014861396	0.9657225	-0.89360225	128.70076	-71.468956	0.99999994	0.032036364	1.0	1.837877	0.053336434	30000	26.671501874923706
1	0.0986194	0.70606816	1.4116877	-1.07979	86.916664	65.103714	208.0	0.0	1000.0	4322.0	0.07203333333333334	0.03732901	0.32342607	0.81788033	-0.7993885	6.259163	3.59075	16.403645	-2.4933665	-2.6077032e-08	0.0042715184	-5.2154064e-08	-0.004011333	0.042795278	-0.011378871	72.31619	-31.150036	1.0320363	0.03265989	1.0	1.8383741	0.01628397	60000	51.88418412208557
2	-0.12709539	0.6278688	0.93628347	-1.752064	48.333332	62.39436	193.0	0.0	1000.0	5821.0	0.06467777777777778	0.025328048	0.3159121	0.6057339	-0.7975541	4.788538	6.7833614	25.9909	-7.135607	-2.2351742e-08	0.0015707314	-1.4901161e-08	-0.002226621	0.037363544	-0.0067949835	30.3973	-7.636204	1.0646962	0.030656219	1.0	1.8387388	0.009409243	90000	77.21103119850159
3	0.032031342	0.7230521	1.2348073	-1.4118406	73.833336	53.563564	173.0	0.0	1000.0	7975.0	0.06645833333333333	-0.007329943	0.289533	0.57637924	-0.7908011	9.0865	7.622329	30.791498	-1.7282379	2.2351742e-08	-0.0021705609	5.9604645e-08	-0.0064825946	0.029374257	-0.009268235	51.45165	-12.653616	1.0953524	0.032006025	2.0	1.8388611	0.0053030355	120000	101.82128286361694
4	-0.021623483	0.9760019	3.1711526	-1.619046	64.791664	49.989983	162.0	0.0	1000.0	9825.0	0.0655	0.014654868	0.33208227	0.58488417	-0.915535	7.262973	5.5214977	31.914051	-3.0092418	1.4901161e-08	-0.007983207	7.450581e-09	-0.015918188	0.042748183	-0.006341641	38.31637	-6.8907194	1.1273584	0.032746077	6.0	1.8386672	0.0072690183	150000	127.44777297973633
5	-0.28104421	1.1444532	3.0697277	-2.5400844	51.125	57.141136	190.0	0.0	1000.0	11273.0	0.06262777777777778	0.012230205	0.324709	0.57719	-0.9204064	5.010637	5.6349354	31.593325	-2.3760319	2.9802322e-08	-0.0031690123	2.2351742e-08	-0.0070382413	0.055423982	-0.0057296525	28.129646	-6.5162177	1.1601045	0.031999588	2.0	1.838095	0.0047331676	180000	152.57288002967834
6	-0.21166547	1.1284584	1.5601846	-2.3381763	38.083332	40.630363	150.0	0.0	1000.0	12350.0	0.05880952380952381	-0.016135065	0.33294648	0.63651824	-0.88512254	4.965311	5.9139915	35.031918	-3.049229	-3.7252903e-09	-0.0037457645	1.8626451e-08	-0.009150052	0.06277632	-0.0114743	23.814835	-7.0184298	1.1921041	0.030329227	3.0	1.8381249	0.008390232	210000	177.8574411869049
7	-0.5338263	0.9136034	1.0820819	-2.3758514	38.208332	41.572205	119.0	0.0	1000.0	13565.0	0.05652083333333333	0.037648708	0.32014504	0.68727875	-0.8731855	3.7753775	5.1422906	33.990395	-1.4173253	-1.1175871e-08	-0.013663058	-1.8626451e-08	-0.028348807	0.08093925	-0.024750106	22.438381	-5.576242	1.2224333	0.030107379	22.0	1.8380594	0.012104087	240000	205.10623455047607
8	-0.5704803	1.2471766	1.1041193	-3.167369	28.166666	35.037678	128.0	0.0	1000.0	14477.0	0.05361851851851852	-0.04267369	0.35694283	0.59223	-1.0855792	3.9464483	5.166051	31.619755	-1.4123523	0.0	-0.012016889	-1.4901161e-08	-0.026446577	0.06210049	-0.016107494	21.592089	-6.576952	1.2525407	0.028361678	23.0	1.8411586	0.013695393	270000	232.2067039012909
9	-0.8812589	1.2816801	0.92348677	-3.949604	16.875	23.42597	82.0	0.0	1000.0	15021.0	0.05007	0.040450703	0.37441215	0.75280493	-1.0846163	2.2679229	3.3271365	26.640703	-2.4403067	-2.3283064e-08	-0.008751654	-3.7252903e-08	-0.017407384	0.12061024	-0.04346007	15.780699	-4.1192336	1.2809024	0.023795009	15.0	1.8309495	0.010327261	300000	258.6863000392914
10	-0.48495588	1.151122	2.1713831	-2.5076709	14.166667	25.125793	82.0	0.0	1000.0	15509.0	0.0469969696969697	-0.034778204	0.33222178	0.7738542	-0.96862	2.0499368	3.2126415	25.34596	-1.079049	-3.7252903e-09	-0.0022492101	-7.450581e-09	-0.0039607678	0.0949583	-0.028332695	13.1606045	-3.4559135	1.3046974	0.018652081	2.0	1.8241293	0.0054842085	330000	284.06403970718384
11	-0.44826844	1.3803378	2.5111027	-3.0040107	7.25	13.654212	46.0	0.0	1000.0	15721.0	0.04366944444444444	0.019329825	0.33626622	1.0134139	-1.0234898	0.95124024	2.1651387	27.709929	-3.592867	-1.21071935e-08	-0.008929613	1.1175871e-08	-0.016325798	0.09666931	-0.036554363	5.970963	-1.4889557	1.3233495	0.016894937	49.0	1.823201	0.012539982	360000	313.47026777267456
12	-0.62569445	1.1145527	1.2385886	-2.8952043	7.6666665	16.579773	66.0	0.0	1000.0	15936.0	0.04086153846153846	-0.032579042	0.3163239	0.8244078	-1.0818377	0.75116044	1.3823351	21.361185	-0.8394437	-5.5879354e-09	-0.00040962175	0.0	-1.8015824e-05	0.06448619	-0.023501325	6.5615463	-1.6539226	1.3402444	0.009697318	2.0	1.8164473	0.0039309408	390000	338.77022075653076
13	-0.3427168	1.2515173	1.2823029	-3.0763175	19.75	23.615408	95.0	0.0	1000.0	16452.0	0.03917142857142857	-0.05372246	0.38859603	0.98703897	-1.1625446	1.2871095	2.9454858	31.281967	-2.0983715	7.450581e-09	-0.001033254	0.0	-0.002676492	0.07405514	-0.022500614	13.188982	-4.4983835	1.3499417	0.007825613	1.0	1.8164458	0.0048261387	420000	363.78461933135986
14	-0.22498505	1.4868865	2.2269607	-3.1540062	19.5	25.539186	73.0	0.0	1000.0	17121.0	0.038046666666666666	0.048550688	0.38873366	1.1495351	-1.3293215	1.8344933	3.285678	27.382381	-1.8921863	1.4901161e-08	-0.0020329475	1.4901161e-08	-0.004530786	0.06971816	-0.025847647	14.739272	-4.997618	1.3577673	0.006219983	1.0	1.8165526	0.006829464	450000	389.0030908584595
15	-0.44168016	0.94431937	1.3466824	-2.9140728	16.0	22.122763	69.0	0.0	1000.0	17594.0	0.03665416666666667	0.01267476	0.36840907	1.111895	-1.4452262	1.719951	3.1946843	32.047916	-2.0120423	2.7939677e-09	-0.0013881053	1.1175871e-08	-0.005391973	0.055301413	-0.020952743	13.142805	-4.946745	1.3639873	0.004176736	1.0	1.8166173	0.007445232	480000	414.59950947761536
16	-0.45605114	1.3457335	1.687408	-3.2722294	17.375	18.445444	65.0	0.0	1000.0	18092.0	0.03547450980392157	-0.027638434	0.37637988	0.96895313	-1.3658832	1.444494	2.6626635	25.609737	-1.617762	0.0	-0.0008459782	0.0	-0.0035355482	0.048272617	-0.014372679	11.012913	-3.7362869	1.3681641	0.0025396347	1.0	1.8164954	0.0062442636	510000	440.0020377635956
17	-0.5712815	1.6763695	2.5383413	-3.7673404	16.833334	28.023302	128.0	0.0	1000.0	18595.0	0.03443518518518519	-0.06614774	0.377085	0.9972776	-1.3046291	1.47463	3.3814552	32.328884	-1.7880343	-3.7252903e-09	-0.00080810394	5.5879354e-09	-0.0024508627	0.050075628	-0.012750061	12.216146	-5.559707	1.3707037	0.00096321106	1.0	1.8162767	0.005792303	540000	465.3089790344238
18	-0.25909933	1.1875901	1.7141843	-2.5154014	13.333333	19.622833	61.0	0.0	1000.0	18956.0	0.03325614035087719	-0.018641857	0.3901209	0.98104614	-1.3244741	1.6383604	3.3391705	35.538513	-3.3591273	-3.7252903e-09	-0.0010958674	0.0	-0.0035092675	0.043292087	-0.016456537	9.072642	-3.7606535	1.3716669	-0.001054883	1.0	1.8160136	0.006497424	570000	490.8639941215515
19	-0.038977206	1.322215	3.470298	-3.2189512	11.916667	16.587938	47.0	0.0	1000.0	19327.0	0.032211666666666666	0.010158815	0.35512513	0.7804158	-1.4891651	1.2080733	2.634355	27.9969	-1.1557732	3.7252903e-09	-0.009977432	0.0	-0.019382752	0.06606184	-0.02229441	9.397074	-3.0408702	1.370612	-0.0016877651	21.0	1.8158216	0.013482966	600000	518.2884266376495
20	-0.3775984	1.0909879	2.7307117	-1.9514321	8.0	13.991069	38.0	0.0	1000.0	19654.0	0.031196825396825396	-0.042813662	0.40758276	0.8782024	-1.7299546	1.135585	2.4219937	30.372305	-1.9703995	-5.5879354e-09	-0.00456603	-2.2351742e-08	-0.009344542	0.071951956	-0.0277654	18.770134	-8.649746	1.3689243	-0.005075097	7.0	1.8130903	0.0045012934	630000	544.6988639831543
21	-0.053767014	1.2454504	3.065647	-2.6157863	12.916667	22.310156	88.0	0.0	1000.0	20127.0	0.030495454545454544	0.009256992	0.43120396	1.0678025	-1.4896615	1.3546357	3.2091386	29.635271	-1.8368002	7.450581e-09	-0.00929534	7.450581e-09	-0.018887099	0.057752162	-0.023104094	13.2339325	-6.227066	1.3638492	-0.006084919	13.0	1.8129363	0.011940561	660000	572.0583407878876
22	-0.5877939	1.2186997	1.7680935	-3.924146	9.708333	15.493223	57.0	0.0	1000.0	20404.0	0.029571014492753622	-0.017586611	0.4033523	0.9417625	-1.3635874	1.037763	1.8520883	24.699139	-1.9134432	-8.381903e-09	-0.009297973	6.519258e-09	-0.016329873	0.05019306	-0.016615512	8.737045	-3.4865942	1.3577642	-0.0069674253	32.0	1.8112525	0.012112884	690000	600.6517407894135
23	0.08733627	1.1853857	2.6309874	-2.368318	13.875	19.19052	59.0	0.0	1000.0	20778.0	0.028858333333333333	-0.00089908246	0.40596175	1.0423888	-1.3143064	1.0109844	2.0587442	28.256277	-2.6096358	-5.5879354e-09	-0.009174051	3.7252903e-09	-0.0183398	0.058100007	-0.023159832	9.888824	-4.4431705	1.3507968	-0.007983804	22.0	1.8017983	0.0142812915	720000	628.2867686748505
24	-0.17436306	1.3986002	1.7622883	-3.3545535	6.7083335	9.804247	31.0	0.0	1000.0	20976.0	0.027968	0.019048193	0.41256964	1.1470374	-1.4364256	1.0362275	2.126123	23.658695	-1.4099824	-5.5879354e-09	-0.009898474	-5.5879354e-09	-0.01763316	0.05365739	-0.020514257	6.655367	-3.8235393	1.342813	-0.0071485043	51.0	1.794397	0.012287246	750000	658.7827920913696
25	0.6064885	1.2495015	2.5136213	-2.7521396	15.5	22.11146	88.0	0.0	1000.0	21441.0	0.027488461538461538	-0.0062232395	0.36959204	1.026589	-1.1744257	0.86525995	2.4568105	31.629356	-1.06698	-7.450581e-09	-0.009427456	-7.450581e-09	-0.01936666	0.069719344	-0.02152899	11.982357	-4.8432207	1.3356645	-0.010371089	17.0	1.7852893	0.013565099	780000	686.0446364879608
26	0.15275061	1.543377	4.5032268	-2.2478423	9.625	14.279392	53.0	0.0	1000.0	21746.0	0.026846913580246913	0.063051805	0.39228815	1.0674424	-1.363447	1.4370588	2.884632	35.530983	-2.881548	-1.2572855e-08	-0.0068690497	-9.313226e-09	-0.01500146	0.062683895	-0.022577051	8.032592	-3.6407623	1.3252934	-0.011911035	17.0	1.782079	0.012243496	810000	713.3281447887421
27	0.6847213	1.4271058	4.497873	-1.1742877	9.458333	21.986698	93.0	0.0	1000.0	22052.0	0.02625238095238095	0.02949248	0.4026577	1.0222541	-1.208903	1.113906	2.6470985	31.513	-2.3455017	6.519258e-09	-0.00026417617	1.8626451e-08	-0.0042404	0.06610104	-0.029257648	8.320576	-4.5244226	1.3133824	-0.0145795345	4.0	1.7802274	0.010259047	840000	739.1420304775238
28	0.022097236	1.5556784	3.2187228	-3.3483331	12.625	18.968863	72.0	0.0	1000.0	22463.0	0.025819540229885057	0.08140555	0.39214972	0.9250757	-1.3299726	1.1455433	2.8345978	32.31009	-1.2357024	0.0	-0.00026080204	3.7252903e-09	-0.00020311866	0.0616519	-0.025709081	7.4482813	-3.165826	1.2988029	-0.015499353	1.0	1.7799973	0.0059162667	870000	764.9076988697052
29	0.73526305	1.3945092	4.5267467	-1.723722	11.375	14.2297	44.0	0.0	1000.0	22765.0	0.025294444444444446	0.030417757	0.38780043	0.9310342	-1.2563317	1.7232509	3.5314329	28.865145	-1.8850399	-2.7939677e-09	-0.0003759265	-3.7252903e-09	-0.0006722922	0.060283337	-0.02034517	11.39118	-6.692256	1.2833035	-0.016177297	1.0	1.7800038	0.0044513405	900000	790.48255610466
30	0.23497845	1.4389044	3.2273471	-1.971695	8.125	17.244112	62.0	0.0	1000.0	22960.0	0.024688172043010752	0.13049221	0.393458	1.1001525	-1.2066163	0.93711966	2.1598008	28.969847	-0.8771281	1.1641532e-09	-0.00014850555	3.7252903e-09	0.00091682497	0.075698726	-0.030610159	4.576514	-1.8028704	1.2671262	-0.01726222	1.0	1.7802372	0.0025330717	930000	816.3233051300049
31	0.31058455	2.3702724	7.70225	-3.9842558	4.0833335	9.656244	36.0	0.0	1000.0	23068.0	0.024029166666666667	0.042687878	0.42581463	1.413553	-1.173652	0.54405534	1.2968694	20.909534	-1.9646451	8.1490725e-09	-0.00045642018	1.0244548e-08	-0.0011868107	0.089566015	-0.034161717	2.4540381	-1.2082279	1.249864	-0.018803716	1.0	1.7806716	0.003334762	960000	841.7465710639954
32	0.18346544	1.2635493	1.87877	-4.537453	5.2916665	10.0103245	37.0	0.0	1000.0	23220.0	0.023454545454545454	0.014122095	0.40695494	1.2580966	-1.2058709	0.43169168	1.3639437	23.855204	-0.9932545	-6.519258e-09	-0.00020942662	-7.450581e-09	-0.0013817211	0.06184681	-0.034481063	3.640883	-1.7794976	1.2310603	-0.019989133	1.0	1.781071	0.007802733	990000	867.0301115512848
33	0.5584585	1.489732	4.0804534	-2.3565178	19.291666	39.626884	175.0	0.0	1000.0	23703.0	0.023238235294117646	-0.012473033	0.38813245	1.0861017	-1.091315	0.5180451	1.4412024	20.672987	-1.4352878	0.0	0.0009861013	0.0	-0.0057296157	0.06078046	-0.02818763	23.688166	-18.172138	1.2110711	-0.018910646	1.0	1.7815918	0.018075485	1020000	892.4022345542908
34	0.24032886	0.97557557	2.2339	-1.9348706	15.25	24.938675	98.0	0.0	1000.0	24152.0	0.02300190476190476	0.031637583	0.361043	0.9477016	-1.0832992	1.1570753	3.108828	33.608837	-1.0788915	-4.656613e-09	-0.00067019905	1.8626451e-09	-0.0020005205	0.057882458	-0.022726752	13.139855	-8.448742	1.1921605	-0.018601418	1.0	1.7821838	0.006088908	1050000	917.7774224281311
35	0.11754352	1.4970273	2.1141942	-4.525031	9.583333	16.449205	46.0	0.0	1000.0	24473.0	0.022660185185185186	0.020280307	0.35180616	1.0551186	-1.0464005	1.392925	3.0013254	32.784462	-2.2706807	3.7252903e-09	-0.00086483965	-3.7252903e-09	-0.0016827025	0.046374656	-0.020653201	11.539015	-6.232709	1.1735591	-0.019202948	1.0	1.7825089	0.0017939962	1080000	943.6333689689636
36	0.19297679	1.4060117	2.534777	-3.7765272	9.25	20.504572	73.0	0.0	1000.0	24726.0	0.022275675675675677	-0.01933589	0.35590923	1.2927296	-1.0775673	1.0297785	2.53979	35.05208	-2.8292692	-7.450581e-09	-0.0011773426	-7.450581e-09	-0.0024318965	0.058269806	-0.021985058	10.915182	-7.844104	1.1543561	-0.019762516	1.0	1.7827556	0.0020749278	1110000	968.9392955303192
37	0.012657911	1.2481525	2.61106	-2.256705	12.625	17.860134	67.0	0.0	1000.0	25143.0	0.022055263157894738	0.049578954	0.34536985	1.1342006	-1.1219437	1.5993497	4.3607097	41.736076	-1.7723393	-1.1175871e-08	-0.0012640313	-1.4901161e-08	-0.0024510152	0.054007545	-0.02146998	16.052853	-10.255596	1.1345936	-0.019741416	1.0	1.7830608	0.0034843679	1140000	994.4313409328461
38	0.41447768	1.6624465	6.498325	-3.4252741	6.75	11.666369	33.0	0.0	1000.0	25358.0	0.021673504273504274	0.017511882	0.3276677	0.96162343	-1.1660011	0.83550364	1.7119325	21.87381	-4.0288835	1.1175871e-08	-0.00041500386	1.3038516e-08	-0.00039991707	0.06665384	-0.030236568	5.2072105	-2.5618448	1.1148522	-0.020555735	1.0	1.7835128	0.0004403468	1170000	1019.9020638465881
39	0.14196837	1.1631473	2.930259	-2.4949818	8.0	17.394922	57.0	0.0	1000.0	25571.0	0.021309166666666667	0.014439622	0.3260499	1.2867508	-1.0109509	0.7525634	2.1851063	29.56251	-0.9909215	6.519258e-09	-0.00080965913	7.450581e-09	-0.0017151206	0.049184874	-0.024761625	8.522114	-4.9317927	1.0942965	-0.021080017	1.0	1.7838986	0.00091331854	1200000	1046.0162198543549
40	0.3525407	0.93643534	1.9629506	-1.4281275	13.333333	21.52647	80.0	0.0	1000.0	25982.0	0.021123577235772358	0.044663418	0.3394004	1.0579468	-1.0572636	1.276963	2.7695994	31.676476	-3.0699897	5.5879354e-09	-0.0013250215	7.450581e-09	-0.002950665	0.040047742	-0.024805075	11.12849	-5.5486445	1.0732164	-0.020763516	1.0	1.7843293	0.0019057394	1230000	1071.7912590503693
41	0.3157637	1.4192635	4.1048193	-3.2218776	7.5	11.912878	38.0	0.0	1000.0	26200.0	0.020793650793650795	0.0065275533	0.33358046	1.171834	-1.117786	0.94818246	2.223131	26.431532	-2.7296815	4.656613e-10	-0.00047719164	-1.4901161e-08	-0.000669537	0.080299646	-0.03940323	5.1359115	-3.271964	1.0524529	-0.021302342	1.0	1.7847788	0.0012495827	1260000	1097.9334106445312
42	-0.13824128	1.6132768	4.0396185	-3.3713462	9.916667	19.467745	81.0	0.0	1000.0	26438.0	0.020494573643410854	-0.028752359	0.36138552	1.1659153	-1.6411488	0.83730906	2.5639827	32.42925	-0.9157562	2.3283064e-10	-0.0118147265	1.8626451e-09	-0.024684012	0.0629847	-0.025166923	6.7708774	-3.8590963	1.0311506	-0.014872909	48.0	1.7851163	0.012557192	1290000	1127.4143226146698
43	0.010635237	1.2418692	2.360061	-3.041295	3.375	11.349789	47.0	0.0	1000.0	26519.0	0.020090151515151516	0.023233317	0.34924552	1.0276389	-1.1622041	0.42344987	1.1294329	20.074255	-3.4174778	0.0	-0.006311815	-3.7252903e-09	-0.006441009	0.05651722	-0.027706187	2.6664276	-1.1300591	1.0162777	-0.020420015	79.0	1.7989051	0.006803042	1320000	1160.242695093155
44	0.11300364	1.8125587	4.087911	-3.9439054	10.541667	14.722372	43.0	0.0	1000.0	26801.0	0.019852592592592592	-0.043611486	0.34773275	0.9192819	-1.3776993	0.7320314	2.441139	28.31925	-1.8863046	-1.8626451e-08	-5.3873286e-05	-2.6077032e-08	-0.00029049232	0.06592734	-0.038776174	7.1328764	-3.7964835	0.99585766	-0.022405744	2.0	1.7967103	0.0028296115	1350000	1185.666255235672
45	0.17525823	0.9708327	2.868709	-1.3305135	6.4166665	10.38796	27.0	0.0	1000.0	26987.0	0.019555797101449276	0.021806903	0.33405706	1.311071	-1.1888896	0.75251275	1.6979793	29.38144	-0.689405	0.0	-0.000657332	3.7252903e-09	-0.0022160327	0.044886112	-0.021928813	5.0869975	-2.4230838	0.9734519	-0.022734284	1.0	1.7969344	0.006486722	1380000	1211.6737310886383
46	0.50777584	1.3239917	3.841344	-2.3661606	6.2916665	14.084504	47.0	0.0	1000.0	27243.0	0.01932127659574468	0.050614532	0.3245385	1.1549349	-1.054232	0.63293725	1.6740805	24.537514	-1.8990461	0.0	-0.00027209846	-8.381903e-09	-0.0002829302	0.04806349	-0.020833816	5.803234	-3.1395752	0.9507176	-0.022976339	1.0	1.7972405	0.00038053197	1410000	1237.100341796875
47	0.08940933	0.86822027	1.7351018	-1.3717594	13.25	27.097431	98.0	0.0	1000.0	27587.0	0.019157638888888887	0.052949365	0.34651187	1.3362604	-1.4185654	1.0594296	2.8580186	32.261017	-1.3171499	3.7252903e-09	-0.00011811656	0.0	-0.00043244124	0.049158324	-0.028301746	8.818839	-5.1978383	0.9277413	-0.022210777	1.0	1.7976763	0.0027598077	1440000	1262.858350276947
48	0.51683843	0.625235	1.728661	-0.83528185	10.791667	15.146449	46.0	0.0	1000.0	27977.0	0.019031972789115646	0.049577456	0.34995142	1.1639057	-0.9708337	1.1566826	2.9848406	40.12036	-2.1261773	-1.46683306e-08	-0.00095441844	-1.1175871e-08	-0.0020620453	0.04700107	-0.022714216	10.912603	-6.0530596	0.9055305	-0.021824598	1.0	1.798117	0.001028168	1470000	1288.8530292510986
49	-0.12057773	0.8365666	1.0031297	-1.9200083	7.3333335	16.672499	68.0	0.0	1000.0	28180.0	0.018786666666666667	0.015688214	0.31833515	0.9626912	-1.0249928	0.9090803	2.1783152	31.00688	-0.7261965	1.1175871e-08	-0.0007156391	8.381903e-09	-0.0009746754	0.04271754	-0.023110513	6.227868	-3.6865034	0.8837059	-0.021886647	1.0	1.7984923	0.0035348986	1500000	1314.7978780269623
50	0.5104203	1.4555339	4.6110234	-2.1308277	1.875	5.0605707	17.0	0.0	1000.0	28225.0	0.018447712418300653	-0.025880165	0.35099202	0.9478737	-1.2157234	0.6819607	1.6980039	24.74722	-1.490567	9.313226e-10	-0.0005462156	6.519258e-09	-0.00047953706	0.08455369	-0.04449615	3.35777	-2.7107525	0.86181927	-0.022567868	1.0	1.7987592	0.001037441	1530000	1340.8979873657227
51	0.8137722	1.5301268	6.3077683	-1.4776503	14.875	21.010538	79.0	0.0	1000.0	28640.0	0.018358974358974357	0.049430184	0.34600425	1.3306612	-1.6325022	0.258612	0.8273098	20.893795	-2.2274098	7.450581e-09	-0.0010565738	2.2351742e-08	-0.0021765605	0.04596151	-0.020578427	13.829345	-8.455753	0.8392514	-0.021516263	1.0	1.798841	0.0022008275	1560000	1366.9866073131561
52	0.09050032	1.2223079	3.2578874	-1.9098067	3.7916667	8.539024	25.0	0.0	1000.0	28800.0	0.018113207547169812	0.047677245	0.36687416	1.2715577	-1.254018	0.9736983	2.3223684	28.535162	-1.3333558	-4.656613e-09	-0.0005644447	-8.8475645e-09	-0.0003822276	0.031653326	-0.015550626	5.0547543	-3.2783594	0.81773514	-0.021915376	1.0	1.7987478	0.0008606729	1590000	1392.8666169643402
53	-0.04931101	0.8901789	1.4562395	-2.0270336	5.75	13.654212	47.0	0.0	1000.0	29072.0	0.01794567901234568	0.0016939163	0.34819323	1.1433038	-1.2466458	0.7826262	2.313895	29.066721	-2.2475524	0.0	-0.0005421153	1.4901161e-08	-0.0007628884	0.032090634	-0.019329656	7.199109	-3.8775768	0.79581976	-0.021976769	1.0	1.7986022	0.0017813558	1620000	1418.9877626895905
54	0.30082917	1.329001	4.099115	-1.7033927	8.875	16.151142	64.0	0.0	1000.0	29458.0	0.017853333333333332	0.0061252606	0.32819363	1.1346564	-1.4117717	0.9329418	2.2744725	34.371464	-1.3566442	-6.519258e-09	-0.0006162729	4.656613e-09	-0.001203429	0.058243275	-0.032145236	10.669291	-5.0428114	0.773843	-0.021609485	1.0	1.7984672	0.0009599937	1650000	1445.2364773750305
55	0.64179724	1.6171631	5.8888726	-1.9420482	6.5	18.834808	84.0	0.0	1000.0	29682.0	0.01766785714285714	0.068238	0.3681565	1.1429722	-1.1614485	1.2264128	2.7915077	34.132023	-1.2703519	-1.8626451e-09	-0.0015540947	-1.6763806e-08	-0.0022550053	0.051757902	-0.029070545	6.401958	-3.3223772	0.7522335	-0.021524966	1.0	1.798289	0.003564186	1680000	1471.5435950756073
56	-0.113969624	1.3749818	3.9115627	-3.633744	12.291667	20.994997	88.0	0.0	1000.0	30076.0	0.01758830409356725	0.026206013	0.36827013	1.286657	-1.2858157	0.6030791	1.7569376	32.269833	-1.2433789	0.0	-0.0005012201	-7.450581e-09	-0.0007744683	0.052705623	-0.031854864	14.149366	-9.6561985	0.73070854	-0.020739079	1.0	1.7982032	0.0008856646	1710000	1497.8011891841888
57	0.13678835	1.3281418	2.55681	-3.0981934	9.541667	18.066956	67.0	0.0	1000.0	30422.0	0.01748390804597701	0.04379266	0.3835195	1.1815623	-1.6069161	1.3655033	3.4437008	39.582607	-0.83215904	7.450581e-09	-0.00067740434	1.8626451e-09	-0.0016467276	0.062448174	-0.033654828	7.6991186	-4.8434143	0.70996946	-0.020323873	1.0	1.79812	0.0015739194	1740000	1523.853548526764
58	0.25344488	1.212055	2.060233	-2.8743525	7.375	15.456424	61.0	0.0	1000.0	30613.0	0.017295480225988702	0.026263148	0.3660766	1.2056619	-1.6960415	1.1911263	2.6369202	32.9499	-3.3653576	1.8626451e-09	-0.0012015966	7.450581e-09	-0.001573056	0.044932876	-0.026691146	9.880069	-6.8701572	0.6896456	-0.019992411	3.0	1.7981454	0.000924782	1770000	1550.6582493782043
59	0.24706179	1.0786684	2.7029865	-1.9185172	13.125	21.317661	77.0	0.0	1000.0	31003.0	0.01722388888888889	0.00656302	0.36262453	1.057405	-1.4986575	0.669949	2.1642535	31.154507	-2.5806038	-5.5879354e-09	-0.0004962198	7.450581e-09	-0.0013018199	0.04928314	-0.022843022	11.536165	-8.245425	0.6696532	-0.019331217	1.0	1.7983664	0.0009471588	1800000	1576.1236340999603
60	0.41151667	0.8307623	2.1988409	-1.0086956	6.375	14.901937	56.0	0.0	1000.0	31242.0	0.017072131147540984	0.031353068	0.3431268	1.0326891	-1.3477049	1.1200308	2.7465246	28.073889	-1.206253	3.259629e-09	-0.00073456473	-1.3038516e-08	-0.0010922644	0.030964347	-0.017278139	8.954781	-6.2425394	0.65032196	-0.019297123	1.0	1.798553	0.0005524291	1830000	1601.7369108200073
61	0.45286754	1.4169892	4.7881417	-2.7482083	12.5	23.797758	96.0	0.0	1000.0	31633.0	0.017006989247311827	0.011979531	0.31770664	0.975811	-1.0231427	1.2248552	3.3945873	43.4689	-4.175665	-1.5832484e-08	-0.00081564666	3.7252903e-09	-0.0012694738	0.059201628	-0.034328103	15.041349	-9.698176	0.63102484	-0.018559635	1.0	1.7988056	0.0016261137	1860000	1627.5715444087982
62	0.49181032	1.236471	2.972935	-2.154048	5.0416665	11.27859	31.0	0.0	1000.0	31754.0	0.016801058201058202	0.041432023	0.36907774	1.199677	-1.1507089	0.84529275	2.5184596	45.811893	-3.747696	0.0	-0.0093640955	-1.8626451e-09	-0.014030048	0.045880325	-0.02432299	4.5979652	-2.8082652	0.6124652	-0.015418112	79.0	1.7989569	0.008529481	1890000	1662.0297122001648
63	0.48471823	1.8131313	4.9596825	-2.9737184	16.083334	31.511793	146.0	0.0	1000.0	32140.0	0.016739583333333332	0.07516451	0.3312509	1.0779248	-1.1601338	0.452664	1.4417992	20.757723	-2.1929464	1.8626451e-09	-0.011317663	1.8626451e-09	-0.02004775	0.065633565	-0.03384692	15.42395	-12.253104	0.5970471	-0.010956168	79.0	1.7754171	0.009987464	1920000	1695.8971581459045
64	0.9308185	1.4905143	6.0113792	-1.1911298	14.833333	20.38518	74.0	0.0	1000.0	32607.0	0.01672153846153846	0.07483695	0.38510478	1.4144247	-1.2304543	1.2031194	3.0370855	34.47189	-3.3591478	1.4901161e-08	0.0015460436	3.3527613e-08	-0.0003485093	0.060092118	-0.038235314	13.485426	-9.23232	0.5860909	-0.016613662	2.0	1.7395531	0.0060821823	1950000	1722.3478548526764
65	0.40431464	1.2888777	3.471652	-2.361513	12.791667	15.721479	53.0	0.0	1000.0	32923.0	0.016627777777777776	0.06924985	0.3618181	1.3338522	-1.3818481	1.95587	3.678176	36.194252	-6.8816266	0.0	0.0014335795	-1.7695129e-08	-0.0005742749	0.06913256	-0.04164469	13.102702	-10.409947	0.56947726	-0.016189814	1.0	1.7392255	0.006545353	1980000	1748.859884262085
66	0.6559685	1.2485628	3.4344637	-1.7060803	10.958333	18.796007	75.0	0.0	1000.0	33246.0	0.016540298507462685	0.09927026	0.3570827	1.9646543	-0.9581983	0.84349716	2.4948466	35.187572	-1.4345821	-3.7252903e-09	-0.0006717695	-1.4901161e-08	-0.0013753605	0.043261267	-0.02563266	10.800846	-6.0533357	0.55328745	-0.015819252	1.0	1.7390671	0.0022276465	2010000	1775.3307094573975
67	0.51753104	1.3576943	4.6937823	-2.4673734	11.666667	27.082693	129.0	0.0	1000.0	33555.0	0.016448529411764706	0.0880464	0.35956952	1.4517642	-1.5053928	0.8682677	2.778738	38.44011	-1.491213	-1.0244548e-08	-0.0012425045	-1.4901161e-08	-0.0029732594	0.06638853	-0.0422995	15.702528	-11.284576	0.5374682	-0.015372515	1.0	1.7391566	0.0022686864	2040000	1801.5482189655304
68	0.9835489	1.5429306	5.3170424	-1.6434764	16.5	22.098265	65.0	0.0	1000.0	34065.0	0.016456521739130436	0.07044965	0.36101952	1.3391881	-1.0010757	1.8771391	4.234349	35.478867	-1.7384324	-8.8475645e-09	-0.00065526715	1.21071935e-08	-0.00096774404	0.051712528	-0.030153317	15.789908	-7.8854513	0.5220957	-0.014465153	1.0	1.739356	0.0009605415	2070000	1827.8568098545074
69	1.1414336	1.5206355	5.0410085	-1.3345095	17.791666	23.837957	83.0	0.0	1000.0	34577.0	0.016465238095238095	0.06472355	0.36153772	1.447926	-1.4819026	1.5424589	3.255884	44.232864	-1.7902888	-3.7252903e-09	-0.0011236724	-2.6077032e-08	-0.0020804787	0.06398961	-0.040112913	11.913682	-6.7524567	0.5076305	-0.013535678	1.0	1.7396882	0.0025125903	2100000	1853.722374200821
70	0.43830046	1.6280893	4.1902456	-4.090647	16.083334	21.252289	72.0	0.0	1000.0	35171.0	0.016512206572769954	0.08223435	0.36738926	1.3849291	-1.2288646	2.163954	4.545452	37.115547	-3.5569646	3.7252903e-09	-0.0011907693	7.450581e-09	-0.005452253	0.06589207	-0.042686492	26.05641	-17.848673	0.49409485	-0.012911379	1.0	1.7401373	0.00766613	2130000	1880.2460436820984
71	0.76077706	1.2124313	3.591136	-0.9871087	8.375	13.631496	39.0	0.0	1000.0	35438.0	0.01640648148148148	0.021994391	0.3740026	1.2690556	-1.4836999	1.4085323	2.923475	35.451637	-3.0012608	2.7939677e-09	-0.00021345523	-3.7252903e-09	-0.00043315208	0.045809433	-0.028916085	7.6122823	-5.1319427	0.48118347	-0.013067573	1.0	1.7406299	0.0012602548	2160000	1906.6587090492249
72	0.93378013	1.1946473	3.9529197	-0.86024904	10.291667	14.449565	40.0	0.0	1000.0	35773.0	0.01633470319634703	0.08572246	0.3787861	1.2353554	-1.4162444	1.198632	2.9222457	38.55917	-2.690967	8.381903e-09	-0.00043107697	1.4901161e-08	-0.000279853	0.04692494	-0.026481854	6.7907944	-3.6133244	0.4681159	-0.01296863	1.0	1.7412095	0.0008073518	2190000	1932.9201200008392
73	0.59672475	2.112265	6.6885924	-2.2279148	13.791667	22.132141	90.0	0.0	1000.0	36140.0	0.01627927927927928	0.08624518	0.3458258	1.0864127	-1.1047691	1.1185611	2.7777123	30.640732	-3.318636	3.259629e-09	-0.00086635165	9.313226e-10	-0.0015031482	0.09099742	-0.06223286	13.308989	-8.000784	0.45514727	-0.012543857	1.0	1.7417378	0.0018184911	2220000	1959.0429530143738
74	0.779624	1.7998487	3.543889	-5.2908754	11.625	20.481318	66.0	0.0	1000.0	36419.0	0.016186222222222223	0.083714806	0.423441	1.9833491	-1.448936	1.0386597	3.0702574	38.451675	-5.821746	-1.8626451e-09	-0.00029934873	3.7252903e-09	9.9591445e-05	0.0735288	-0.04904718	6.8841996	-4.573928	0.4426034	-0.012341857	1.0	1.7422202	0.00090596033	2250000	1984.8060188293457
75	1.1343461	1.6844391	4.960004	-1.6967682	24.0	23.996527	76.0	0.0	1000.0	37062.0	0.016255263157894738	0.12848246	0.3605056	1.1186308	-1.170768	1.5281812	3.4036882	33.58956	-2.829616	3.7252903e-09	-0.0006494974	1.8626451e-08	0.00094154524	0.076137185	-0.050696246	14.863358	-8.94082	0.43026155	-0.0110221505	1.0	1.7427208	0.0025062547	2280000	2010.6773657798767
76	1.4100145	1.5328726	4.9179463	-1.2343783	14.708333	21.298433	84.0	0.0	1000.0	37415.0	0.016196969696969696	0.12020798	0.40096465	1.7504073	-1.3693656	2.0402083	3.741431	40.66568	-5.9316034	1.6763806e-08	-0.00035491883	1.3038516e-08	-0.00038468535	0.088277124	-0.052663136	10.249203	-7.2226505	0.4192394	-0.0107008815	1.0	1.7430048	0.00051104865	2310000	2036.2924847602844
77	1.0552238	0.99282014	3.0702617	-0.6352667	12.541667	24.312172	91.0	0.0	1000.0	37785.0	0.016147435897435898	0.10136225	0.3454804	1.1270418	-1.5432886	1.0154463	2.2369223	27.870432	-1.8457778	-1.1175871e-08	0.00037764502	-9.313226e-09	0.00096037285	0.04434757	-0.027600326	10.989906	-6.403424	0.40853852	-0.010580003	1.0	1.7433461	0.002573002	2340000	2062.1468908786774
78	0.6982415	1.9252292	4.7778425	-5.226825	13.166667	21.759417	76.0	0.0	1000.0	38210.0	0.016122362869198312	0.088102005	0.3483664	1.1803507	-1.5903126	1.2471911	2.7143157	24.937073	-5.9186172	-6.519258e-09	-0.0007339064	1.0244548e-08	5.9944112e-05	0.06711979	-0.042798016	12.772616	-7.4818325	0.39795852	-0.010402054	1.0	1.7437072	0.002116174	2370000	2087.834954738617
79	0.8498638	1.8317261	4.623796	-2.26587	7.75	16.104477	62.0	0.0	1000.0	38499.0	0.01604125	0.103179365	0.34387615	1.5412004	-1.289193	1.0733728	2.3134193	29.689457	-2.5809288	0.0	-0.0007360617	-9.313226e-09	-0.000629717	0.06676863	-0.04260495	9.6869545	-6.390513	0.38755646	-0.010670364	1.0	1.7440336	0.002925322	2400000	2113.554114341736
80	0.87009126	1.0643754	3.125023	-0.8448636	20.25	30.127853	96.0	0.0	1000.0	39070.0	0.01607818930041152	0.07335914	0.3357891	1.3039882	-1.5850643	1.3005358	2.7993388	33.905125	-3.704921	-1.21071935e-08	-0.00071548636	-2.7939677e-08	-0.00029931322	0.046996832	-0.033025928	19.339106	-14.797722	0.3768861	-0.009850621	1.0	1.7443663	0.001934125	2430000	2139.731388092041
81	0.64104944	1.6984763	5.588213	-1.3191532	11.0	17.442764	64.0	0.0	1000.0	39427.0	0.016027235772357724	0.09630078	0.3965954	1.0836357	-1.4336171	1.4170966	3.420367	41.890163	-1.9342396	-7.450581e-09	-0.00043554802	-1.3038516e-08	-0.00010317145	0.06290316	-0.035743915	9.5488	-6.817387	0.36703548	-0.0098667145	1.0	1.7443151	0.0008027379	2460000	2165.3415217399597
82	1.9667584	1.7230322	5.182474	-1.6601061	5.125	11.237261	43.0	0.0	1000.0	39614.0	0.015909236947791165	0.089131005	0.39247534	1.328892	-1.4986873	1.2873182	2.9126244	32.545895	-3.5165942	-7.450581e-09	-0.00079372805	-2.4214387e-08	6.7041256e-05	0.06693308	-0.042641953	6.329063	-4.5468025	0.35716876	-0.0102981925	1.0	1.7442343	0.0015253348	2490000	2191.2117023468018
83	0.83277875	1.1893106	3.0998158	-1.586467	7.5416665	12.237166	42.0	0.0	1000.0	39898.0	0.015832539682539684	0.120432965	0.33305266	1.505111	-1.020242	0.6254299	1.8630046	32.848873	-1.9177874	-3.7252903e-09	-0.0010418923	8.381903e-09	-0.00096316193	0.05005975	-0.035553746	7.0892124	-4.1380835	0.34687057	-0.010443985	1.0	1.7440727	0.0028973976	2520000	2217.064234018326
84	1.0025228	2.380059	6.365775	-4.0049686	6.1666665	11.48066	34.0	0.0	1000.0	40052.0	0.015706666666666667	0.12610118	0.3574044	1.2885432	-1.4498042	1.1543463	2.3669765	27.314352	-8.036293	-1.8626451e-09	-0.0003463223	1.1175871e-08	-0.000419277	0.07554003	-0.05142469	6.2771053	-4.2058134	0.3364266	-0.010615766	1.0	1.7439283	0.000442873	2550000	2242.600472688675
85	1.2816218	2.0860658	9.109258	-1.1221832	7.75	13.438905	47.0	0.0	1000.0	40261.0	0.015605038759689922	0.13063106	0.39249688	2.057988	-1.2885776	0.62495536	1.6363031	24.299866	-2.8718786	-3.7252903e-09	-0.00058235787	5.5879354e-09	-0.00060106046	0.08041349	-0.056295093	5.2839546	-3.0799997	0.32581082	-0.010611296	1.0	1.7439975	0.0017270704	2580000	2268.442855834961
86	1.0502179	1.2999729	3.7055283	-1.2622954	16.583334	23.891973	90.0	0.0	1000.0	40818.0	0.015639080459770114	0.12909478	0.36504495	1.9047266	-1.2970804	0.94807994	2.2329228	37.40812	-4.553416	6.9849193e-09	-0.0009283533	2.9802322e-08	-0.0018574382	0.073793456	-0.053291872	20.87952	-14.199516	0.31519952	-0.00986895	3.0	1.7441146	0.0014368502	2610000	2294.266815185547
87	0.6087441	1.4646103	5.08991	-2.0114732	15.708333	26.824242	99.0	0.0	1000.0	41281.0	0.015636742424242425	0.11460182	0.383839	2.7372482	-1.1190684	1.7177436	3.8933926	38.92551	-6.5182014	6.519258e-09	-0.009809392	-1.8626451e-09	-0.020990226	0.077042215	-0.055925872	14.18434	-10.579397	0.30533057	-0.0055711865	79.0	1.7443035	0.00793335	2640000	2327.6238338947296
88	1.3571125	1.9923029	6.49422	-1.250139	6.2083335	10.408247	30.0	0.0	1000.0	41563.0	0.015566666666666666	0.13140061	0.4198009	2.0333314	-1.5486218	1.0894737	2.7233317	33.526176	-4.024413	-2.7939677e-09	-0.008711135	-1.1175871e-08	-0.012107253	0.076876074	-0.051803876	7.6847153	-4.4366503	0.2997594	-0.007976651	79.0	1.7359321	0.0068249432	2670000	2361.4142014980316
89	1.3120828	1.7677494	4.976136	-1.169708	24.833334	51.947624	196.0	0.0	1000.0	42221.0	0.01563740740740741	0.13929294	0.36251327	1.6956233	-0.9729279	1.3848289	3.3493576	39.837048	-2.599452	-2.0489097e-08	-0.011912386	-5.401671e-08	-0.02846766	0.062001582	-0.042579833	38.9902	-33.42486	0.29178274	-0.003071636	79.0	1.7170804	0.009059806	2700000	2395.250982284546
90	1.4378039	1.4958358	5.2641172	-1.6920447	14.625	23.46773	89.0	0.0	1000.0	42611.0	0.01560842490842491	0.15443988	0.37603423	1.5450034	-1.4881207	1.6667719	4.0238247	60.41606	-2.150312	-7.450581e-09	-0.01085146	-4.656613e-09	-0.02199902	0.075317934	-0.04710805	12.48363	-9.013232	0.2887111	-0.004297495	79.0	1.7131817	0.007632465	2730000	2428.7467472553253
91	1.0445589	1.0578433	3.1417096	-0.7907061	16.375	24.122625	81.0	0.0	1000.0	43087.0	0.01561123188405797	0.110425144	0.3287234	1.4933151	-1.4274442	1.4009151	2.9160476	33.167477	-3.2498195	3.7252903e-09	-0.009819791	0.0	-0.015792243	0.06534183	-0.04480754	12.541718	-7.693349	0.2844136	-0.0054819286	79.0	1.695585	0.0072656116	2760000	2462.480675458908
92	1.4279093	1.5106659	5.2059493	-1.2479926	14.666667	22.08632	79.0	0.0	1000.0	43545.0	0.01560752688172043	0.14133514	0.31641763	1.5157399	-0.9783511	1.7770026	3.7172549	41.970146	-2.6711712	-1.1175871e-08	-0.010917094	3.7252903e-09	-0.019059055	0.048097797	-0.031220522	13.684931	-8.271724	0.27893168	-0.004747838	79.0	1.6654289	0.008167399	2790000	2496.4179360866547
93	1.7171898	1.8869019	6.2826953	-2.3715231	6.8333335	15.109783	53.0	0.0	1000.0	43817.0	0.015537943262411348	0.14427018	0.33448398	1.7082847	-1.4526012	1.2304605	2.680691	38.829056	-2.0940697	9.313226e-10	-0.00070377265	-7.450581e-09	-0.0021263715	0.05250597	-0.034305852	7.3784914	-4.8015738	0.27418384	-0.008039385	5.0	1.6514574	0.0035638232	2820000	2522.848897457123
94	1.647283	2.0361156	8.768562	-0.7134607	14.958333	27.249584	107.0	0.0	1000.0	44264.0	0.015531228070175438	0.16291548	0.33112562	1.4919726	-1.0208681	1.3434379	2.7382977	28.294273	-2.7090578	1.6763806e-08	0.015527161	1.4901161e-08	-0.0022238726	0.07149176	-0.051232092	21.850828	-18.022243	0.26614445	-0.007899761	1.0	1.6507838	0.029707057	2850000	2549.211147069931
95	1.2461752	1.1627524	3.8365407	-0.8163303	20.0	29.15476	119.0	0.0	1000.0	44784.0	0.01555	0.16242859	0.3748457	2.1991122	-0.96417487	1.6433845	4.604964	49.892067	-6.032771	-3.7252903e-09	0.0013299903	-5.5879354e-09	-0.0010737584	0.056932084	-0.04059597	12.164512	-8.050734	0.2582447	-0.0072607696	1.0	1.6504521	0.00803477	2880000	2575.871730566025
96	1.2268249	1.2998906	4.733514	-0.5955296	10.916667	20.870468	82.0	0.0	1000.0	45069.0	0.015487628865979382	0.15038873	0.33590582	1.4932022	-0.89641875	1.1734997	2.4950876	30.373577	-2.3122692	2.7939677e-09	-0.00075129233	1.8626451e-08	-0.0011929651	0.047820315	-0.029464094	10.317097	-7.4339	0.25098392	-0.0072238296	1.0	1.650394	0.0019418441	2910000	2602.378343105316
97	1.2239738	1.5198159	5.1481023	-0.9325801	9.333333	16.787066	62.0	0.0	1000.0	45401.0	0.015442517006802721	0.14151283	0.33627456	1.5743052	-1.2232902	1.3478935	3.1558428	44.805653	-3.1754446	-1.8626451e-09	-0.0006145912	-7.450581e-09	-0.0007007108	0.054164205	-0.036168788	14.984283	-10.888179	0.2437601	-0.0072611272	1.0	1.6506213	0.00084124197	2940000	2628.1231513023376
98	1.4707178	1.3919702	4.366129	-1.0084045	9.416667	15.585561	57.0	0.0	1000.0	45740.0	0.0154006734006734	0.108292505	0.3372527	1.6882175	-0.96064293	1.4185462	2.9427745	27.08107	-1.8549249	3.7252903e-09	-0.0010623583	0.0	-0.0021133195	0.04434659	-0.028485272	8.157952	-4.305305	0.23649897	-0.007261917	1.0	1.6511793	0.005500852	2970000	2654.1706082820892
99	1.1532499	1.3827276	3.721657	-2.4758773	18.625	23.127928	84.0	0.0	1000.0	46243.0	0.015414333333333334	0.13255462	0.35195553	1.7362877	-1.1047052	1.2881329	2.6328495	29.426012	-2.1222076	-1.4901161e-08	-0.00022560544	-2.9802322e-08	-0.0006225102	0.050036803	-0.03406982	12.696411	-7.1562037	0.22923705	-0.00673829	1.0	1.6520765	0.002033461	3000000	2679.8126566410065
100	1.2707235	0.9543027	3.4260893	-0.78447306	28.625	41.808903	151.0	0.0	1000.0	47112.0	0.01554851485148515	0.10279223	0.30333075	1.1010207	-0.8201716	1.564443	3.3438854	29.38487	-2.465431	-1.8626451e-09	-0.00050974486	-3.7252903e-09	-0.0011641085	0.04313357	-0.032458674	35.785934	-29.25763	0.22249876	-0.0057176203	1.0	1.6529365	0.0017281362	3030000	2706.301369905472
101	2.0184174	2.070106	6.5337443	-0.638378	17.541666	26.296354	104.0	0.0	1000.0	47588.0	0.015551633986928104	0.16339745	0.35196936	1.2814975	-0.9543689	3.193088	5.3566613	39.606754	-1.1705719	1.4901161e-08	-0.000816332	1.4901161e-08	-0.0010803776	0.07511721	-0.05473204	33.280827	-27.561523	0.21678114	-0.0054496676	1.0	1.653728	0.0053180684	3060000	2732.201302051544
102	1.2421695	1.6538416	5.9393177	-2.4379709	15.041667	21.107817	79.0	0.0	1000.0	48020.0	0.015540453074433656	0.22208965	0.38101164	1.580891	-0.937172	1.6877079	2.9954264	34.076656	-2.3139207	8.381903e-09	6.941153e-05	2.2351742e-08	-0.0017998749	0.06867743	-0.050733887	14.248913	-8.464054	0.21133147	-0.0053519458	1.0	1.6546896	0.004759548	3090000	2757.969002008438
103	1.2625788	1.5924128	5.345769	-1.5748358	18.041666	22.862778	70.0	0.0	1000.0	48604.0	0.015578205128205128	0.08566613	0.3395128	1.4649446	-1.1358734	1.4156406	2.9445727	35.373425	-4.1368647	3.7252903e-09	-0.00048304797	1.8626451e-08	0.0002285731	0.052815553	-0.039055996	18.865353	-11.09688	0.20597953	-0.0050973147	1.0	1.6556888	0.00050253037	3120000	2784.1249063014984
104	1.5310688	1.487043	5.844708	-0.64140946	11.583333	15.472871	52.0	0.0	1000.0	48953.0	0.01554063492063492	0.11542279	0.35991183	1.7334759	-1.1188921	1.3067781	2.8633113	33.94484	-2.1653068	4.1909516e-09	-0.0009493915	0.0	-0.0010190243	0.05148953	-0.032214984	9.930147	-5.849115	0.20088221	-0.005195871	1.0	1.6567417	0.0015102243	3150000	2810.122784137726
105	1.6073352	1.9420139	6.6294265	-1.2726287	15.875	22.692348	61.0	0.0	1000.0	49361.0	0.015522327044025157	0.18841091	0.33507907	1.7448491	-1.0395163	1.3851862	3.0220664	31.589088	-1.6589375	6.519258e-09	-0.000933341	2.2351742e-08	-0.0017465241	0.060595825	-0.042739302	12.5856085	-8.044775	0.19568634	-0.0050550103	1.0	1.6578707	0.0020911235	3180000	2836.742833852768
106	1.2644022	1.4952333	4.902068	-1.4496746	13.458333	18.549438	59.0	0.0	1000.0	49852.0	0.015530218068535825	0.17582314	0.37006432	2.4174452	-0.76542556	1.4631773	3.1624568	34.253216	-2.3847764	-2.7939677e-09	-0.00066080305	2.9802322e-08	-0.0010945052	0.058989543	-0.043659993	22.279648	-14.35444	0.19063133	-0.0050372332	1.0	1.6590519	0.0009459912	3210000	2863.0481266975403
107	1.2413555	1.473188	3.7239952	-1.015316	17.583334	27.730724	117.0	0.0	1000.0	50365.0	0.015544753086419753	0.1105867	0.345695	2.1765213	-1.1939107	2.1816015	5.7913	63.404564	-1.68749	1.4901161e-08	-0.00057287724	-1.4901161e-08	-0.00050653564	0.04689617	-0.03346027	15.815828	-11.325097	0.1855941	-0.0048076957	1.0	1.660413	0.001155484	3240000	2888.745669603348
108	1.5846282	1.5410516	5.9737267	-1.0059402	28.0	40.331955	168.0	0.0	1000.0	51213.0	0.015661467889908257	0.14524692	0.3814289	1.7918181	-1.1645465	1.669777	4.2327275	68.441734	-3.6560552	1.4901161e-08	-0.0009629383	7.450581e-09	3.3451244e-05	0.05755155	-0.04190449	31.063343	-24.832573	0.1807864	-0.0040998757	1.0	1.6619203	0.0014460725	3270000	2915.132259130478
109	2.1079254	1.8521967	5.7321815	-1.1761878	16.791666	27.035439	119.0	0.0	1000.0	51623.0	0.015643333333333332	0.15939346	0.33755	1.7036157	-0.97051024	2.5415099	5.898895	83.131355	-1.495523	3.7252903e-09	-0.00062641146	1.8626451e-09	-0.0015583804	0.07264544	-0.052476794	14.074722	-10.232315	0.17668653	-0.0040216595	1.0	1.6633805	0.0010798567	3300000	2941.2651023864746
110	1.1074874	1.4993106	5.256052	-1.1355293	13.125	16.24375	57.0	0.0	1000.0	52121.0	0.015651951951951952	0.15352322	0.36919105	2.251353	-1.0620416	1.715511	4.5325847	56.65037	-1.7460265	-3.7252903e-09	-0.0005669851	-1.1175871e-08	-0.0002479446	0.045250196	-0.03203258	16.806877	-11.490967	0.17266487	-0.004110217	1.0	1.6646333	0.00065061054	3330000	2967.850612640381
111	1.5444862	1.2489736	4.5072293	-0.42233935	7.1666665	10.667969	32.0	0.0	1000.0	52432.0	0.015604761904761904	0.13586369	0.33000708	1.6410791	-1.05895	1.5995873	3.5360725	36.241745	-3.28618	3.259629e-09	-0.00090043654	-3.7252903e-09	-0.000937384	0.045344852	-0.03257293	11.670513	-7.942616	0.16855465	-0.004433647	1.0	1.66589	0.0031431809	3360000	2993.9628479480743
112	1.002908	1.3209876	3.873115	-1.0934575	17.166666	32.15803	131.0	0.0	1000.0	52901.0	0.015605014749262536	0.14985214	0.325593	1.7621261	-0.7966666	1.2475489	2.949886	38.230484	-2.522407	-7.450581e-09	-0.0006058281	1.4901161e-08	-0.0010898912	0.039270073	-0.027156077	18.598621	-13.818654	0.164121	-0.004264012	1.0	1.6669621	0.0036876183	3390000	3020.451276063919
113	1.7320404	1.5802889	5.582605	-1.6916	10.416667	15.198455	47.0	0.0	1000.0	53167.0	0.015545906432748538	0.14581794	0.31634688	1.4641439	-1.1558161	1.3701484	3.1920164	33.34084	-1.1829731	0.0	-0.00079873553	0.0	-0.00016007666	0.057651427	-0.039792143	8.1201935	-5.7290134	0.15985699	-0.0043904185	1.0	1.6678505	0.0008388815	3420000	3047.323529958725
114	1.4215492	1.2550013	4.2438183	-0.95269185	27.958334	40.527233	188.0	0.0	1000.0	53896.0	0.015622028985507247	0.16494642	0.35857478	1.9272287	-1.035901	1.3105747	3.2140403	31.984734	-2.4290085	-3.7252903e-09	-0.00081388117	0.0	-0.00054657017	0.06535082	-0.04962106	32.56907	-23.234026	0.15546657	-0.0037411302	1.0	1.6684823	0.0013842697	3450000	3073.25475358963
115	1.8844585	1.7778397	5.7722297	-0.7674611	19.625	23.015959	88.0	0.0	1000.0	54447.0	0.015645689655172414	0.14590134	0.32769984	1.2200298	-1.2267135	2.7599635	6.592164	74.52809	-2.877905	1.3038516e-08	-0.0011599301	3.1664968e-08	-0.0014974215	0.072822794	-0.055110976	19.43068	-14.820641	0.15172544	-0.0035338402	1.0	1.6691384	0.0015716816	3480000	3099.840480327606
116	2.134363	1.5002645	5.859344	-0.9879759	21.416666	27.169096	91.0	0.0	1000.0	55275.0	0.015747863247863248	0.20539026	0.3726339	2.0461488	-0.9697405	2.8738713	5.638972	57.87166	-1.955761	-5.5879354e-09	-0.0002492218	-2.9802322e-08	0.00021504797	0.0513678	-0.036128074	29.906645	-22.786957	0.1481916	-0.0032781959	1.0	1.6699767	0.0032288083	3510000	3125.6577072143555
117	1.5265273	1.586619	5.688144	-1.8188303	20.375	32.25525	104.0	0.0	1000.0	55863.0	0.015780508474576273	0.20322235	0.4015344	2.3969014	-1.0600678	2.1224473	4.718797	53.79533	-4.319809	5.5879354e-09	-0.0010330662	2.2351742e-08	-0.0017292649	0.06926319	-0.05360366	19.378574	-13.62935	0.1449134	-0.0030929446	1.0	1.670656	0.0039784797	3540000	3151.3609902858734
118	1.2586589	1.2593052	4.5773396	-1.421347	14.25	20.232502	64.0	0.0	1000.0	56248.0	0.015755742296918767	0.14580324	0.3629753	2.150844	-1.2800862	1.9305522	2.9508276	39.407837	-2.8934355	7.450581e-09	-0.00021402235	-1.4901161e-08	-0.00017660664	0.051775973	-0.032596238	9.31259	-5.8241825	0.14182046	-0.0031682104	1.0	1.6713963	0.0050995923	3570000	3177.3934013843536
119	2.3584192	2.2094817	7.3163486	-1.3333437	19.75	26.577324	103.0	0.0	1000.0	56790.0	0.015775	0.21810336	0.39029336	2.5443401	-1.089933	1.8581041	4.010378	44.876667	-2.0780964	-1.8626451e-09	-0.00092178583	0.0	0.00049071247	0.09574388	-0.06832589	11.367141	-7.1114883	0.13865225	-0.0030115247	1.0	1.6718408	0.0021519284	3600000	3203.4806458950043
120	1.9226197	2.1437795	7.800276	-0.8399383	14.625	24.460533	101.0	0.0	1000.0	57337.0	0.015795316804407714	0.16329782	0.43854582	2.1453757	-1.362474	1.9702687	4.2757416	38.596836	-1.9880065	-4.656613e-10	-0.00062871655	0.0	0.0013697958	0.07017727	-0.053002857	10.694806	-6.5157814	0.13564073	-0.0030632168	1.0	1.6720669	0.003942145	3630000	3230.0363726615906
121	1.4039932	1.7539325	5.590296	-1.7559255	31.458334	42.448967	144.0	0.0	1000.0	58159.0	0.015890437158469946	0.16509461	0.3453254	1.454182	-1.399022	1.9843072	3.8990326	35.061058	-1.8217605	-2.2351742e-08	-0.0003026747	-7.450581e-09	-0.0015138206	0.056463126	-0.04249293	30.152332	-20.908724	0.13257751	-0.0024614185	1.0	1.6722298	0.0031145546	3660000	3257.3726601600647
122	1.9269241	1.3767557	5.3867927	-0.12091274	18.833334	24.067036	93.0	0.0	1000.0	58737.0	0.01591788617886179	0.1933431	0.38458884	2.7883995	-0.9536646	3.159166	4.7491374	50.315666	-1.6839387	-1.8626451e-09	-0.0005419175	2.9802322e-08	-0.00023672078	0.08989283	-0.070738286	22.901402	-16.879204	0.13011609	-0.0024147034	1.0	1.6722732	0.0021978354	3690000	3283.762739419937
123	1.6760927	1.6601778	7.6526303	-0.6660434	12.041667	21.415491	76.0	0.0	1000.0	59030.0	0.015868279569892473	0.22282171	0.38469034	1.8710948	-1.4617553	1.9372289	4.015391	50.528698	-3.6573448	1.8626451e-09	-0.0012475068	-1.4901161e-08	0.0012404947	0.08003464	-0.06429041	15.945666	-11.040444	0.12770139	-0.0026175678	1.0	1.672338	0.002424155	3720000	3310.664062023163
124	1.5601115	1.9041655	6.9498167	-1.2052302	21.958334	46.56311	218.0	0.0	1000.0	59601.0	0.0158936	0.15506387	0.3493407	2.0248287	-1.2084827	1.1341661	2.7365165	40.358955	-2.0047605	1.4901161e-08	-0.0008210265	-2.6077032e-08	-0.00088048354	0.08074298	-0.06144146	44.03309	-36.592255	0.12508382	-0.0024336502	1.0	1.6723962	0.0010390275	3750000	3337.3665573596954
125	2.027342	1.5637704	5.738202	-0.48922673	20.791666	26.600407	102.0	0.0	1000.0	60166.0	0.015916931216931218	0.198072	0.39210743	1.7543442	-1.3719157	1.8609533	4.2837877	49.37242	-3.0128825	1.5133992e-09	-0.0006565392	1.7695129e-08	-0.00048547424	0.08080739	-0.06035699	18.270363	-11.54054	0.12265017	-0.002312541	1.0	1.6723263	0.00088065624	3780000	3365.2989072799683
126	2.418681	2.1115978	9.736091	-0.21334656	18.708334	28.079468	103.0	0.0	1000.0	60723.0	0.01593779527559055	0.23812343	0.37917563	1.8930954	-1.0534892	1.7824224	3.9770646	38.456856	-4.152836	7.450581e-09	-0.0006563779	-1.6763806e-08	-0.0012599092	0.10621216	-0.07946786	10.311514	-5.7231374	0.12033763	-0.0022768974	1.0	1.6720504	0.0008924118	3810000	3392.7883875370026
127	2.3103673	2.0610778	7.6569824	-1.3388219	21.375	31.84574	117.0	0.0	1000.0	61351.0	0.015976822916666668	0.24336849	0.44507292	2.8447905	-1.4019452	2.9129255	4.8161077	35.626293	-4.1850533	6.519258e-09	-0.008335123	2.2351742e-08	-0.00820826	0.10755928	-0.08786447	21.200535	-16.032957	0.11806073	-0.002180919	79.0	1.6718976	0.006084527	3840000	3428.372491836548
128	1.9760414	1.7720742	6.940338	-0.64494324	23.708334	39.661568	161.0	0.0	1000.0	62013.0	0.01602403100775194	0.22043145	0.38726202	2.090254	-1.2273606	2.4541893	5.573251	60.53376	-2.173162	-1.4901161e-08	-0.009554654	-1.1175871e-08	-0.012545146	0.088204145	-0.06751536	23.829536	-19.433031	0.11587981	-0.001889728	79.0	1.6612817	0.0062852236	3870000	3463.0186636447906
129	2.0037022	2.1610017	7.6597686	-0.74904233	19.083334	23.609526	89.0	0.0	1000.0	62781.0	0.01609769230769231	0.21150869	0.37664074	2.4952452	-0.86105543	2.6676831	5.9783297	55.24907	-3.3849483	-7.450581e-09	-0.0041066892	-1.3969839e-08	-0.0054329652	0.095335096	-0.07198121	25.082142	-18.612585	0.11399008	-0.0019140914	10.0	1.6403232	0.0042492673	3900000	3490.4745178222656
130	1.2646846	1.1898451	3.9940543	-1.1552707	9.208333	17.26504	60.0	0.0	1000.0	63182.0	0.016076844783715013	0.16891627	0.40067685	1.945942	-1.2915123	2.5816891	4.1682096	44.334	-2.6602085	-1.4901161e-08	-0.00084324577	1.8626451e-09	-0.00040571752	0.07781862	-0.061792232	16.482475	-11.645455	0.11207599	-0.0022446439	3.0	1.6364944	0.0006240421	3930000	3518.384260892868
131	1.9892097	1.2559725	5.487137	-0.5849271	30.5	32.855743	137.0	0.0	1000.0	64025.0	0.016167929292929293	0.1732009	0.35089293	1.7508115	-1.0749376	2.1327455	4.59603	41.956776	-1.5719317	-9.313226e-10	-0.0016290571	2.6077032e-08	-0.0020638972	0.05462969	-0.037376575	19.636635	-13.790949	0.10983135	-0.0018070415	3.0	1.6349516	0.0037654263	3960000	3545.821395635605
132	2.026894	2.3650804	8.791696	-0.87040293	17.083334	21.554033	63.0	0.0	1000.0	64663.0	0.0162062656641604	0.19931658	0.3748411	1.5620422	-1.245486	2.5604572	5.039614	52.481827	-1.0866027	5.5879354e-09	-0.008355511	-1.0244548e-08	-0.006237701	0.08465052	-0.06368317	13.499794	-8.096628	0.10802431	-0.0020594597	79.0	1.6337733	0.00590779	3990000	3579.6600115299225
133	1.9354006	1.8712447	5.7743874	-2.5025353	17.458334	29.97635	120.0	0.0	1000.0	65137.0	0.01620323383084577	0.22174749	0.3883939	1.7997468	-1.2353952	1.7543933	3.4822733	33.660454	-1.0741258	5.5879354e-09	-0.009637712	1.3038516e-08	-0.0043369173	0.09608198	-0.07370753	11.151633	-7.0588617	0.10596485	-0.002400294	79.0	1.6097196	0.006145996	4020000	3613.3879165649414
134	2.5548937	1.4669145	5.432659	0.12565432	20.083334	25.834274	87.0	0.0	1000.0	65664.0	0.016213333333333333	0.18874379	0.37153512	1.5039605	-1.3534691	2.3758712	4.86386	40.23305	-1.9248445	-1.0244548e-08	-0.009478206	-1.8626451e-08	-0.008423622	0.06829998	-0.052245274	13.882973	-9.246913	0.10356455	-0.0020844042	79.0	1.5804051	0.0061886674	4050000	3647.4865119457245
135	2.0032399	1.414091	4.6730676	-1.2231513	30.416666	29.207474	113.0	0.0	1000.0	66512.0	0.016301960784313726	0.24308349	0.38690957	1.8205336	-1.3322124	2.5950642	4.8948903	48.068542	-1.5604746	5.5879354e-09	-0.009432291	-1.1175871e-08	-0.0074601253	0.063241966	-0.048846085	16.103916	-10.506905	0.10148015	-0.0015630573	79.0	1.5567734	0.0061286064	4080000	3681.5845260620117
136	1.7836682	1.7564815	6.923021	-0.6162311	22.666666	30.050882	101.0	0.0	1000.0	67191.0	0.01634817518248175	0.2190443	0.35639355	2.4130423	-1.0119992	2.4965854	4.7128043	39.52675	-2.2060137	1.0244548e-08	-0.00962004	-1.4901161e-08	-0.0049434947	0.060558293	-0.041642584	13.105778	-8.255192	0.09991709	-0.0018466711	79.0	1.5202751	0.007515368	4110000	3716.0139667987823
137	3.6119564	1.5845855	6.60342	0.7645811	27.416666	35.39411	123.0	0.0	1000.0	67935.0	0.01640942028985507	0.2752708	0.38200375	2.0691016	-1.019734	2.438284	4.298205	34.314156	-2.8996978	-8.381903e-09	-0.010076839	-7.450581e-09	-0.011094086	0.12601115	-0.093196325	17.772263	-11.73975	0.09807042	-0.0013852715	79.0	1.5015527	0.0067823203	4140000	3750.6503100395203
138	3.0074418	2.081756	8.091399	0.08750425	39.416668	48.777485	168.0	0.0	1000.0	69008.0	0.016548681055155876	0.28526524	0.4067922	2.2432756	-0.92587316	3.7859275	7.012841	55.33611	-2.1526697	1.0244548e-08	0.002239973	1.4901161e-08	-0.004377715	0.086056314	-0.06450781	34.331673	-27.782398	0.09668515	-0.0005686581	13.0	1.4829304	0.012476161	4170000	3778.004252910614
139	2.3469937	2.1061985	9.111122	-1.5900656	30.625	29.295637	90.0	0.0	1000.0	69839.0	0.016628333333333332	0.25806236	0.36661664	1.8334656	-0.9903526	4.005102	6.6509933	53.59177	-4.8860173	0.0	0.012833802	2.2351742e-08	0.0043751374	0.08639201	-0.06840619	32.535355	-25.523453	0.09611649	-0.0003472194	1.0	1.4790809	0.023517089	4200000	3804.1769936084747
140	2.9539473	1.9188905	7.277996	0.038485594	30.333334	30.04256	85.0	0.0	1000.0	70678.0	0.016708747044917257	0.26193947	0.38365248	2.5903811	-1.0681572	2.0278926	3.9980338	35.5217	-4.334591	4.656613e-09	-0.0008997007	0.0	-0.0028289894	0.09899037	-0.07205826	25.829739	-17.393078	0.09576927	-0.00013693422	1.0	1.478595	0.0028589373	4230000	3832.7269945144653
141	3.228986	1.581858	6.079049	0.74841106	11.625	14.932661	42.0	0.0	1000.0	71134.0	0.0166981220657277	0.28313255	0.38517028	1.5749859	-0.93229985	2.9769375	4.650985	44.743786	-2.0764592	3.7252903e-09	-0.0011929614	-7.450581e-09	-0.00035215262	0.086133376	-0.062049225	16.276108	-11.89662	0.09563234	-0.0005120188	1.0	1.4784915	0.002568564	4260000	3858.960286140442
142	1.9306489	1.5646138	6.1698747	-0.7127719	19.541666	36.559288	128.0	0.0	1000.0	71703.0	0.016713986013986014	0.25047845	0.36703023	1.8271359	-1.013744	1.611387	3.57407	42.491386	-3.9130013	-3.7252903e-09	-0.0005049455	2.7939677e-08	-0.00048459694	0.081142634	-0.06304595	26.840134	-17.13078	0.09512032	-0.0006138012	1.0	1.4786301	0.0040432056	4290000	3885.2867727279663
143	2.0672362	1.6364291	5.320194	-0.75623155	15.333333	33.67574	135.0	0.0	1000.0	72231.0	0.01672013888888889	0.19930199	0.37802354	2.0983255	-1.7308353	1.8069742	3.9254074	38.3347	-2.0082421	1.21071935e-08	-0.0005044084	-1.4901161e-08	-0.0005981026	0.07433132	-0.05347515	17.012003	-11.461748	0.09450652	-0.0008266941	1.0	1.4790375	0.0021138773	4320000	3911.3711111545563
144	2.6429386	1.8106399	7.5031576	-0.7513097	28.083334	46.848976	228.0	0.0	1000.0	72982.0	0.016777471264367814	0.2318735	0.37889656	1.529403	-0.9288263	2.3526385	4.9740834	47.638336	-2.2824662	3.7252903e-09	0.0005614129	0.0	-0.00075288466	0.086475044	-0.06683339	32.069595	-26.878746	0.09367982	-0.0006394461	1.0	1.4795825	0.0064336685	4350000	3937.5609533786774
145	2.6225924	1.7752757	7.1309304	0.24163945	27.083334	35.163803	134.0	0.0	1000.0	73899.0	0.01687191780821918	0.30155012	0.3929545	2.2567809	-0.9430691	2.9025152	5.104216	41.578667	-1.7063274	-1.3038516e-08	-0.00061118626	-2.7939677e-08	0.00016785692	0.08036244	-0.059930936	23.897142	-17.170511	0.09304038	-0.0005046651	1.0	1.4804323	0.0023510223	4380000	3964.2523674964905
146	2.7833366	1.7003658	6.22243	0.45788372	17.958334	19.027346	61.0	0.0	1000.0	74474.0	0.0168875283446712	0.24084337	0.36508548	2.2002475	-1.0552832	2.7464116	5.4639373	72.86956	-1.5082963	-7.450581e-09	-0.00091344514	2.6077032e-08	-0.0007763007	0.07610893	-0.05207142	24.12178	-18.176292	0.09253571	-0.0006547496	1.0	1.4813315	0.0014804071	4410000	7037.331666231155
147	2.783942	2.0720115	7.818557	-0.61782557	38.5	54.53363	195.0	0.0	1000.0	75539.0	0.017013288288288287	0.28068253	0.3319269	2.2849317	-1.2181063	2.6241815	4.934096	41.307617	-2.160656	2.0489097e-08	-0.0003241445	3.7252903e-08	0.0022072159	0.08049986	-0.06249853	44.341236	-33.12149	0.09188096	-0.00018151104	1.0	1.4823699	0.0019819504	4440000	14232.953138589859
148	2.0344646	1.9852468	6.2811503	-1.4874003	31.25	34.00643	153.0	0.0	1000.0	76341.0	0.017078523489932888	0.25582057	0.36148092	1.9162439	-0.9172958	3.3507836	5.904165	58.33034	-2.2408693	1.4901161e-08	-0.001153264	-5.5879354e-09	-0.0007174662	0.06979026	-0.05447603	19.751354	-12.803838	0.09169945	2.6866794e-05	1.0	1.4831736	0.0026622233	4470000	14258.072803497314
149	3.0217922	1.761886	8.723186	0.44000134	42.75	35.523758	112.0	0.0	1000.0	77500.0	0.017222222222222222	0.27454874	0.39401072	3.1750677	-1.0821311	3.384442	5.705048	53.3758	-2.3155951	-1.8626451e-09	-0.0010450275	-1.4901161e-08	-0.0030179538	0.081997864	-0.06526449	24.065062	-14.94578	0.09172632	0.00055811554	1.0	1.4839742	0.0029621904	4500000	14303.508829832077
150	2.6141298	1.5133393	5.9219694	-0.123909034	23.333334	27.194769	86.0	0.0	1000.0	78169.0	0.017255849889624725	0.27378523	0.3660925	1.7040086	-0.9770362	3.1451108	5.06015	47.591976	-2.8307395	-1.0244548e-08	0.0004458516	-2.2351742e-08	0.00044528	0.06579365	-0.05145628	18.105698	-11.8800125	0.09228443	0.00046132505	1.0	1.4847331	0.0048884796	4530000	14329.739788532257
151	2.2222161	1.6340296	5.6298337	-0.426731	29.916666	35.2088	152.0	0.0	1000.0	79032.0	0.01733157894736842	0.26040712	0.36770558	1.8223485	-0.99534184	3.052364	5.3908305	45.101387	-2.041633	-1.8626451e-08	-0.0005186959	0.0	-0.00048046443	0.058022536	-0.04464957	30.299236	-21.07056	0.09274576	0.00057242066	1.0	1.4852818	0.0018876113	4560000	14355.404020547867
152	2.9916725	1.9227717	7.0180593	-0.61081535	20.958334	27.400545	101.0	0.0	1000.0	79678.0	0.01735904139433551	0.2868149	0.32908484	1.6388034	-0.7867459	2.9566803	4.2973175	31.398203	-2.714292	-6.519258e-09	-0.001476299	0.0	0.00035936013	0.07661797	-0.05494438	15.717779	-10.808546	0.09331818	0.00040202588	1.0	1.4857404	0.003215888	4590000	14380.28036904335
153	2.8308735	1.5264527	5.9231496	-0.040402867	23.666666	27.51616	97.0	0.0	1000.0	80524.0	0.01742943722943723	0.2950162	0.42425287	2.4336514	-0.9765477	2.1232357	3.8333554	32.72683	-3.4633524	0.0	-0.00041260943	-1.8626451e-08	-4.3903477e-05	0.10536141	-0.081092276	18.755068	-11.800711	0.093720205	0.00032503903	1.0	1.486238	0.0070858714	4620000	14404.975437879562
154	3.262067	2.4159796	9.546342	0.3846122	28.416666	36.19958	142.0	0.0	1000.0	81278.0	0.017479139784946238	0.34946188	0.3894459	2.8718293	-0.7909067	2.7163339	4.7827525	50.372433	-1.367975	-1.5832484e-08	-0.0013006538	-1.8626451e-08	-0.0023456207	0.08775645	-0.06454307	26.910166	-20.760365	0.094045244	0.00040270388	1.0	1.4868493	0.003586013	4650000	14431.110823392868
155	2.6136458	1.6908869	5.6635027	-1.0706841	29.791666	28.480959	90.0	0.0	1000.0	82059.0	0.017533974358974358	0.267112	0.42129147	1.9882133	-1.3304117	3.8848011	6.949299	47.3712	-1.272157	0.0	-0.00073401356	-2.6077032e-08	-0.0010065935	0.07806079	-0.057846665	28.204567	-20.81749	0.09444795	0.0005180016	1.0	1.4874904	0.0013678024	4680000	14458.122692584991
