Epoch	AverageEpRet	StdEpRet	MaxEpRet	MinEpRet	AverageEpCost	StdEpCost	MaxEpCost	MinEpCost	EpLen	CumulativeCost	CostRate	AverageVVals	StdVVals	MaxVVals	MinVVals	AverageCostVVals	StdCostVVals	MaxCostVVals	MinCostVVals	LossPi	DeltaLossPi	SurrCost	DeltaSurrCost	LossV	DeltaLossV	LossVC	DeltaLossVC	Penalty	DeltaPenalty	StopIter	Entropy	KL	TotalEnvInteracts	Time
0	1.2072625	1.8345107	4.963356	-1.8035861	37.083332	90.29808	449.0	0.0	1000.0	1059.0	0.0353	0.5492139	0.5510131	2.0239978	-1.2550879	-0.3823136	0.11466428	0.1008755	-0.73381054	7.450581e-09	0.0091605	2.9802322e-08	-0.012322183	0.7669939	-0.59910506	142.34076	-60.6565	0.99999994	0.03203696	1.0	1.837877	0.05886396	30000	43.12451505661011
1	-0.6331366	1.3816873	1.8870661	-3.3079784	12.083333	17.272127	65.0	0.0	1000.0	1449.0	0.02415	0.10554117	0.3407595	1.1241546	-1.0640419	2.232104	3.5902789	23.9412	-6.344758	-1.3038516e-08	0.035274383	-9.313226e-09	-0.019606188	0.17375728	-0.047346905	22.949707	-11.813232	1.0320369	-0.0025132895	1.0	1.8383752	0.13651916	60000	84.32542824745178
2	0.39290416	2.7352762	8.017318	-2.7829454	17.958334	16.91025	52.0	0.0	1000.0	1961.0	0.02178888888888889	0.03648622	0.44037688	1.7239395	-1.4020191	1.8039045	0.9035995	7.4179697	-1.1901422	1.1175871e-08	-0.0105344495	2.2351742e-08	-0.021088762	0.16074522	-0.035330765	14.350582	-1.358202	1.0295236	-0.0050053596	65.0	1.8388405	0.011642421	90000	132.14940428733826
3	1.1003094	2.2086864	5.812843	-2.228593	18.083334	21.332518	71.0	0.0	1000.0	2522.0	0.021016666666666666	0.068587534	0.48552015	1.9859283	-1.3001391	2.1612384	1.120452	6.5742826	-1.3784167	5.5879354e-09	-0.0016273414	1.3038516e-08	-0.0046388833	0.1625482	-0.024497362	17.610523	-2.007823	1.0245183	-0.013077617	6.0	1.8407328	0.0050655724	120000	174.23421263694763
4	0.8475466	2.0605235	4.9472146	-2.7096233	22.791666	24.701517	101.0	0.0	1000.0	3198.0	0.02132	0.0944292	0.47817555	1.7260278	-1.0854833	2.3528068	1.7109929	8.81898	-2.1088634	-1.8626451e-08	-0.00046878867	-2.6077032e-08	-0.00045527704	0.15594096	-0.021551795	16.64891	-2.065684	1.0114406	-0.013127506	1.0	1.8400371	0.0022879094	150000	215.8316924571991
5	1.1615409	2.3716764	8.020559	-1.9908919	19.875	21.915201	63.0	0.0	1000.0	3906.0	0.0217	0.11447645	0.38728884	1.5035216	-1.0447154	2.2881343	1.9881665	11.664388	-2.3625944	-5.5879354e-09	-0.0005032872	-2.2351742e-08	-0.0008129664	0.16287759	-0.027890299	20.004644	-3.8145123	0.9983131	-0.014879525	1.0	1.839609	0.0009094232	180000	257.43602681159973
6	0.60682136	1.5467758	4.4789143	-1.8459566	14.833333	14.907121	48.0	0.0	1000.0	4309.0	0.020519047619047617	0.10468538	0.415756	1.8878386	-1.1324444	2.179355	1.7175304	11.940008	-1.4191027	-3.7252903e-09	-0.00091558974	-1.1175871e-08	-0.0053827036	0.12728272	-0.021238022	12.297977	-2.1146283	0.9834336	-0.01843661	1.0	1.8393614	0.009984648	210000	299.2232127189636
7	0.81412154	1.7715734	4.779663	-1.6511601	16.708334	18.840292	78.0	0.0	1000.0	4785.0	0.0199375	0.130769	0.40634686	1.5375487	-1.0943556	1.5783813	1.0221826	9.024381	-1.5011222	1.1175871e-08	-0.009759983	1.1175871e-08	-0.020353511	0.12533434	-0.02219608	11.17401	-1.0408897	0.964997	-0.01539278	58.0	1.8390002	0.011773499	240000	346.672438621521
8	1.4616116	2.3771129	8.788503	-1.1691515	17.833334	21.95197	75.0	0.0	1000.0	5259.0	0.019477777777777778	0.11884681	0.40427208	1.8928682	-0.9506053	1.4966633	1.2483362	9.722306	-1.7911335	0.0	-0.011347111	7.450581e-09	-0.022257328	0.106997944	-0.02097715	10.47881	-1.6639487	0.9496042	-0.014181972	74.0	1.8189602	0.012076868	270000	395.42325377464294
9	0.80052704	2.0270796	5.2723536	-2.1394207	15.5	26.501572	103.0	0.0	1000.0	5691.0	0.01897	0.15001205	0.3960984	1.9008127	-0.8856051	1.8578117	1.7427608	13.45296	-1.5535525	-3.7252903e-09	-0.0011681621	9.313226e-09	-0.0017975606	0.11732755	-0.026696607	13.990011	-2.9513278	0.93542224	-0.02231878	2.0	1.8212495	0.002133694	300000	438.0054485797882
10	0.77162147	2.2439134	6.9373827	-2.519222	13.916667	18.60537	80.0	0.0	1000.0	6114.0	0.018527272727272726	0.034830213	0.41521466	1.7230792	-1.0746803	1.5677938	1.7183027	14.416213	-2.1291664	1.1175871e-08	0.001103737	2.9802322e-08	0.00047948724	0.13105547	-0.043277096	12.569277	-2.694765	0.91310346	-0.023729265	1.0	1.8217204	0.004855306	330000	480.24292635917664
11	1.5099033	2.1032834	7.2014194	-0.8044636	13.75	15.546302	56.0	0.0	1000.0	6496.0	0.018044444444444443	0.12692973	0.44347742	1.9214791	-1.1112595	1.6461521	1.1960485	11.986353	-1.7369531	7.450581e-09	-0.0005774854	5.5879354e-09	-0.0018697798	0.14257339	-0.034916963	9.594704	-2.2777965	0.8893742	-0.02456206	1.0	1.8220923	0.004609571	360000	522.2595117092133
12	0.8763955	2.0292418	5.831246	-3.200209	17.541666	18.47065	51.0	0.0	1000.0	7022.0	0.018005128205128205	0.08831071	0.44870117	1.6653557	-1.0643997	1.3597226	1.6024767	15.279513	-1.7049961	-6.9849193e-09	-0.00062677043	0.0	-0.001259862	0.11476141	-0.03284871	12.277095	-2.615385	0.86481214	-0.024317086	1.0	1.8225439	0.0030647903	390000	565.7847888469696
13	1.5864633	2.6438036	8.229558	-2.1951928	10.416667	12.439576	36.0	0.0	1000.0	7387.0	0.01758809523809524	0.10806577	0.4334535	1.6310654	-1.1407646	1.952613	2.0189395	18.900457	-1.6138318	9.313226e-09	-0.0006411483	1.3038516e-08	-0.0020155928	0.12873837	-0.03449849	10.711727	-2.3654015	0.84049505	-0.025214136	1.0	1.823452	0.0040794574	420000	607.9703452587128
14	0.7794929	2.343538	7.569653	-2.2912827	12.25	16.060432	67.0	0.0	1000.0	7923.0	0.017606666666666666	0.09945957	0.47762686	2.2517343	-1.2279938	1.5132776	1.3228352	15.327959	-1.2965913	5.5879354e-09	-0.000118240016	5.5879354e-09	-0.0025660351	0.1279096	-0.03860084	16.376974	-4.130988	0.8152809	-0.02554351	1.0	1.8244855	0.008261548	450000	650.0620698928833
15	1.3698319	1.8881328	5.358364	-1.6249714	17.958334	24.00951	83.0	0.0	1000.0	8388.0	0.017475	0.12139014	0.43642062	1.7325076	-1.1439519	1.908399	1.4823182	16.307575	-1.4886613	-5.5879354e-09	-0.00093280803	-1.1175871e-08	-0.0023358746	0.095805064	-0.023175813	13.417475	-3.5444078	0.7897374	-0.02468121	1.0	1.8253194	0.0051085697	480000	692.4058918952942
16	0.6482494	1.6838014	6.288995	-1.5671196	18.125	21.2256	63.0	0.0	1000.0	8956.0	0.01756078431372549	0.09366115	0.45112675	1.4741584	-1.2350065	1.6421856	1.5734717	15.979719	-2.6016998	-7.450581e-09	-0.0010685873	-7.450581e-09	-0.0015880577	0.10129643	-0.021517081	14.269095	-2.7456803	0.7650562	-0.023850083	1.0	1.8259714	0.0033012265	510000	735.1795046329498
17	0.89855236	2.0370119	6.8833065	-1.7472957	22.125	20.561518	79.0	0.0	1000.0	9597.0	0.01777222222222222	0.14389169	0.41818735	1.4540246	-1.0726398	1.7219982	1.9197123	16.704655	-2.7923162	-9.313226e-09	-0.00050694123	-1.4901161e-08	-0.00076572783	0.11070645	-0.023141082	15.7432785	-3.9590492	0.7412061	-0.022078872	1.0	1.826323	0.0028073187	540000	777.567141532898
18	1.2971998	1.4568602	4.9128947	-1.4089141	15.875	20.150087	64.0	0.0	1000.0	10166.0	0.017835087719298245	0.14870144	0.44448164	1.7012216	-1.161985	2.2398343	2.0835803	19.374903	-3.3035853	-3.7252903e-09	-0.0007834227	7.450581e-09	-0.0011449447	0.11075497	-0.0134106055	17.07878	-5.07824	0.71912724	-0.0220052	1.0	1.8269053	0.0006983459	570000	819.7937123775482
19	1.2045699	2.0797935	6.9376407	-2.3395739	16.708334	16.739372	56.0	0.0	1000.0	10709.0	0.017848333333333334	0.28134722	0.44146404	1.768768	-1.1675466	2.171827	2.4245205	22.83472	-3.8021078	1.0244548e-08	-0.0015973423	-1.8626451e-09	-0.002255851	0.12534924	-0.047785353	15.184044	-4.747787	0.69712204	-0.021714628	1.0	1.8278785	0.0032744533	600000	862.5321025848389
20	1.2139966	2.000344	6.422598	-1.2819902	16.291666	18.4153	65.0	0.0	1000.0	11158.0	0.01771111111111111	0.11210536	0.4530029	1.7084925	-1.4092572	2.2334526	1.9002775	16.866337	-2.4761128	6.9849193e-09	-0.00089171005	9.313226e-10	-0.0009752649	0.10188201	-0.02595549	10.904049	-4.0416937	0.6754074	-0.021487415	1.0	1.8290098	0.0009037189	630000	905.4049191474915
21	1.843855	2.473738	7.3824162	-1.6617203	15.5	15.837719	69.0	0.0	1000.0	11742.0	0.01779090909090909	0.14008518	0.4633776	1.588521	-1.4718045	1.725592	1.8651197	20.989338	-3.0705123	-3.7252903e-09	-0.00051128736	0.0	-0.00056306226	0.13027227	-0.04670914	15.524967	-5.014879	0.65392	-0.021353781	1.0	1.8297331	0.00060751144	660000	948.1050381660461
22	1.4371691	1.804656	6.536453	-0.51513547	22.166666	26.543467	94.0	0.0	1000.0	12404.0	0.017976811594202897	0.18612316	0.47970048	1.9979315	-1.0790051	1.9864503	1.9950985	15.951302	-2.4418268	-1.1175871e-08	-0.00056923216	-1.4901161e-08	-0.0005278308	0.12888515	-0.04267399	16.726368	-5.610386	0.6325662	-0.019756317	1.0	1.8302703	0.0011582966	690000	990.482827425003
23	0.77509755	2.4575498	7.9946985	-1.8071084	24.291666	31.349482	107.0	0.0	1000.0	13063.0	0.018143055555555555	0.18860821	0.41429454	1.8023256	-0.9569539	2.334709	2.6193345	20.047789	-3.8066041	3.1664968e-08	-0.0096299285	5.029142e-08	-0.02154557	0.11434898	-0.050814576	18.763477	-8.965888	0.6128099	-0.011331141	79.0	1.8305764	0.008284602	720000	1040.930846452713
24	1.2010449	2.2959344	6.458506	-1.7401801	19.666666	21.626888	80.0	0.0	1000.0	13596.0	0.018128	0.1135934	0.45374924	2.012095	-1.190984	2.0699499	2.0420492	17.980837	-2.9033172	-1.4901161e-08	-0.010919294	-2.2351742e-08	-0.021903913	0.09745185	-0.02945542	14.396301	-6.1266184	0.60147876	-0.010552287	79.0	1.7862976	0.007915183	750000	1091.5298290252686
25	1.4728671	2.238536	6.0174007	-0.9453562	17.625	15.689201	55.0	0.0	1000.0	14056.0	0.01802051282051282	0.14466771	0.47766516	1.8931171	-1.4758116	2.0166419	2.0785532	17.883734	-3.9515042	-7.450581e-09	0.0005036694	-3.7252903e-09	-0.0037337083	0.10797331	-0.03627055	12.149314	-4.4560795	0.59092647	-0.01661861	9.0	1.7707536	0.01222814	780000	1135.3136212825775
26	2.5627894	2.6332152	8.876019	-2.1239824	16.916666	24.140072	92.0	0.0	1000.0	14503.0	0.01790493827160494	0.18131824	0.47580424	1.71021	-1.2756914	1.6244247	1.4499536	18.377285	-3.5336936	-8.381903e-09	-0.00097244	0.0	-0.0013577244	0.1389372	-0.040025923	21.326517	-11.054651	0.57430786	-0.017330408	1.0	1.7725952	0.00091984606	810000	1178.146954536438
27	2.211262	2.0949502	7.1279583	-1.1075945	13.0	15.443445	48.0	0.0	1000.0	14879.0	0.01771309523809524	0.27385315	0.48458746	2.0329103	-1.1582457	1.9583609	2.72821	24.164957	-5.170494	1.1641532e-08	-0.00087449094	-3.7252903e-09	-0.001822362	0.11668413	-0.03140872	13.729429	-7.593419	0.55697745	-0.017892957	1.0	1.7733595	0.003813971	840000	1221.3728156089783
28	2.279318	2.4915407	8.041407	-1.3808843	18.375	19.73958	69.0	0.0	1000.0	15439.0	0.017745977011494253	0.18518673	0.48057035	1.8896004	-1.3750157	1.4262409	1.3753315	11.244668	-5.0762763	-9.313226e-09	-0.00034274883	-3.3527613e-08	-0.0006936253	0.119454026	-0.030278679	13.29852	-3.2856524	0.5390845	-0.017356813	1.0	1.7743759	0.00091856165	870000	1264.2632014751434
29	1.914991	1.8304609	5.575115	-1.9364389	12.625	14.112088	42.0	0.0	1000.0	15826.0	0.017584444444444444	0.24163958	0.50192666	2.1530755	-1.1414001	2.0146902	1.7384928	16.202955	-3.1180525	-9.313226e-10	-0.00096340117	-5.5879354e-09	-0.0012527038	0.11559644	-0.03139814	9.886303	-3.2091155	0.5217277	-0.017793775	1.0	1.7752995	0.0012907245	900000	1307.5276110172272
30	2.1666973	2.4260392	7.09596	-1.4274603	16.083334	20.143064	76.0	0.0	1000.0	16265.0	0.01748924731182796	0.20007885	0.4725602	1.8057746	-1.3688318	1.4254836	1.5229452	14.909887	-3.822072	9.313226e-10	-0.0006683822	1.1175871e-08	-0.0009088856	0.13863376	-0.03741148	11.503065	-3.1299393	0.5039339	-0.017550409	1.0	1.7763087	0.0012876224	930000	1350.6088383197784
31	1.9390446	2.1421924	6.48163	-1.1356251	17.541666	22.796162	97.0	0.0	1000.0	16725.0	0.017421875	0.23838411	0.4844549	1.9518715	-0.90921885	1.695542	1.7248299	17.5437	-3.5869668	-7.450581e-09	-0.00024137553	-7.450581e-09	-0.00020682998	0.1102329	-0.030386679	13.21902	-5.888065	0.4863835	-0.01703161	1.0	1.7770838	0.00065002777	960000	1393.3343884944916
32	2.0839548	3.420921	10.97362	-1.8567605	21.166666	20.52573	83.0	0.0	1000.0	17329.0	0.017504040404040404	0.19768399	0.47828904	1.9716856	-1.1028644	1.5357114	1.6962038	19.515913	-3.4720972	-7.450581e-09	-0.000598253	1.5366822e-08	-0.0007511605	0.13793518	-0.041089475	14.949274	-6.1831384	0.4693519	-0.015878767	1.0	1.777701	0.00021524438	990000	1436.3851909637451
33	2.1249201	2.5007226	10.418421	-0.88523287	15.5	20.712315	91.0	0.0	1000.0	17747.0	0.01739901960784314	0.28207606	0.52437484	2.2443035	-1.1780052	2.2386482	2.6592371	24.917252	-3.5775206	9.313226e-09	-0.0003802001	1.8626451e-08	-0.0004891332	0.13956958	-0.054955125	15.843756	-6.898549	0.45347312	-0.015827209	1.0	1.7782933	0.0003702058	1020000	1479.4755382537842
34	2.7487633	3.0716472	12.34758	-1.8728802	14.5	14.545904	47.0	0.0	1000.0	18180.0	0.017314285714285713	0.22929618	0.4754107	1.699265	-1.4832187	1.7134644	1.821601	16.370876	-2.5997217	5.5879354e-09	-0.0007039008	2.2351742e-08	-0.0009896373	0.15311363	-0.057121065	12.593645	-3.2314668	0.4376459	-0.015848905	1.0	1.7789073	0.0016711731	1050000	1522.0185084342957
35	2.6557353	2.3432243	8.439446	-0.8644041	23.208334	26.778378	85.0	0.0	1000.0	18824.0	0.017429629629629628	0.23569553	0.5152802	1.8604988	-1.3236233	1.8148717	1.5806934	15.990854	-1.9650687	3.7252903e-09	-0.0096886465	-1.4901161e-08	-0.019319428	0.1496356	-0.039525483	18.796772	-7.198922	0.421797	-0.010267854	79.0	1.7794807	0.007887047	1080000	1573.2524440288544
36	2.5681489	2.8985066	10.876831	-2.181392	23.166666	30.12013	109.0	0.0	1000.0	19430.0	0.017504504504504505	0.29958627	0.5310094	2.1300185	-1.101809	2.0107498	2.0362384	23.200634	-3.5529463	-3.7252903e-09	0.003805298	0.0	0.0026758676	0.14157096	-0.04097177	18.632341	-6.8351345	0.41152915	-0.013074398	2.0	1.7503873	0.008482154	1110000	1616.3661091327667
37	3.2808044	2.4812958	7.995206	-1.495514	27.416666	17.019392	54.0	0.0	1000.0	20240.0	0.01775438596491228	0.25224945	0.5087696	1.7070485	-1.2744217	2.6793137	2.9262333	31.748016	-3.6093621	1.0244548e-08	0.00420164	2.9802322e-08	-1.7816201e-06	0.13985167	-0.042688593	18.870075	-7.984738	0.39845476	-0.011185139	1.0	1.7502892	0.013211353	1140000	1658.9234368801117
38	2.143429	2.2390785	7.7560816	-1.0219077	25.125	31.487183	125.0	0.0	1000.0	20956.0	0.01791111111111111	0.30483246	0.5258922	1.9807153	-0.9798566	2.571675	2.6806164	25.257069	-3.3013263	7.450581e-09	-0.00085117284	2.2351742e-08	-0.0020302907	0.13496527	-0.054942105	20.005571	-9.863184	0.38726962	-0.009907335	1.0	1.75017	0.0038812927	1170000	1701.332047700882
39	2.3313434	2.44339	8.005324	-1.6253245	13.875	16.899982	52.0	0.0	1000.0	21453.0	0.0178775	0.20816237	0.44242683	1.6364565	-1.1659664	2.3866048	2.8643603	32.597404	-4.612036	-1.8626451e-09	-0.0007295762	-3.7252903e-09	-0.0031757504	0.14290102	-0.038232237	19.071587	-9.513773	0.37736228	-0.010654062	1.0	1.750293	0.003449122	1200000	1743.9848580360413
40	2.7188616	2.056693	7.492721	-0.3441174	16.333334	17.02857	60.0	0.0	1000.0	21871.0	0.01778130081300813	0.23654918	0.5039462	1.967012	-1.2205455	1.942444	1.9327972	17.649757	-5.083407	1.2340024e-08	-0.00025774748	1.4901161e-08	-0.0005417831	0.14365458	-0.0535679	12.342786	-5.154312	0.36670822	-0.010879755	1.0	1.7506242	0.0014876286	1230000	1786.8015608787537
41	2.442292	2.4538321	7.997664	-2.2574155	18.166666	17.927322	68.0	0.0	1000.0	22353.0	0.017740476190476192	0.26111567	0.5065649	1.8860532	-1.3459024	1.4482151	1.857834	19.401022	-4.3459406	-3.7252903e-09	-0.00051511044	-2.2351742e-08	-0.0019581914	0.10135713	-0.032747194	14.577141	-5.5538864	0.35582846	-0.010767579	1.0	1.7508451	0.002475496	1260000	1829.3877856731415
42	2.2202747	2.940217	10.856687	-1.7786726	11.375	18.154	65.0	0.0	1000.0	22785.0	0.01766279069767442	0.24565524	0.5219742	2.0962243	-1.4421908	1.9922961	1.6725059	13.351888	-2.6197956	-7.450581e-09	-0.000995635	-1.1175871e-08	-0.0012777161	0.14810956	-0.06275261	13.923637	-5.6349697	0.34506088	-0.011539966	1.0	1.7512918	0.0013958076	1290000	1872.3141329288483
43	2.413061	2.0495765	6.5820193	-1.4568688	21.541666	22.064262	79.0	0.0	1000.0	23354.0	0.017692424242424242	0.29874897	0.51263267	2.255007	-1.0872734	1.6238075	1.8027344	17.963474	-4.282795	-1.0244548e-08	-0.00039669685	-1.5133992e-08	-0.00085930584	0.1318683	-0.051542442	17.82581	-8.399556	0.33352092	-0.010754108	1.0	1.7517474	0.0006646722	1320000	1915.0243802070618
44	2.2523878	2.6207075	7.672683	-2.103749	18.666666	18.359074	64.0	0.0	1000.0	23938.0	0.017731851851851853	0.21058962	0.48637795	1.6592884	-1.1306739	1.9433945	2.3616521	31.057156	-4.598984	-3.7252903e-09	-0.0006752145	1.1175871e-08	-0.00054491777	0.10112086	-0.03637206	19.746262	-9.193173	0.3227668	-0.010470003	1.0	1.7520819	0.00063723285	1350000	1957.5729930400848
45	3.3141944	2.8653154	9.375571	-1.4805212	10.375	16.390577	53.0	0.0	1000.0	24337.0	0.017635507246376813	0.23772989	0.4800218	1.9280075	-1.329706	1.9921863	2.2475932	26.937542	-4.39042	2.3283064e-09	-0.00085448637	-2.7939677e-09	-0.001300174	0.14654411	-0.06075853	12.739014	-5.9783525	0.3122968	-0.011189491	1.0	1.7524445	0.0008628049	1380000	2000.5804512500763
46	2.943987	2.7886398	8.660516	-0.96961445	16.916666	19.015163	69.0	0.0	1000.0	24804.0	0.01759148936170213	0.29753515	0.5305219	2.2479262	-1.1034145	1.5056331	1.8945569	26.091925	-2.8375223	-7.450581e-09	-0.0005768534	1.4901161e-08	0.00015200255	0.14702168	-0.050645694	12.582841	-4.334798	0.30110732	-0.010969192	1.0	1.752926	0.0014822043	1410000	2043.1886103153229
47	3.3863525	2.6345208	8.5876	-0.019226525	16.583334	23.688808	87.0	0.0	1000.0	25284.0	0.017558333333333332	0.37065274	0.50654596	2.3963275	-1.1741146	1.8409753	1.3535329	13.038988	-1.6875099	6.519258e-09	-0.00067488925	2.7939677e-08	-0.0005462505	0.19149117	-0.08458574	14.072985	-5.7842093	0.29013813	-0.0107730925	1.0	1.7533189	0.0007561381	1440000	2085.645221710205
48	4.1181746	3.1818979	13.682753	-0.48529944	19.416666	18.89867	71.0	0.0	1000.0	25866.0	0.01759591836734694	0.39865646	0.5826187	2.027321	-1.1692865	1.8652347	2.2965555	25.167732	-3.1844354	-1.8626451e-08	-0.0011541308	0.0	-0.0013795939	0.15834226	-0.06363155	14.114901	-5.6092467	0.27936503	-0.010219574	1.0	1.753618	0.0010664	1470000	2128.542944908142
49	4.0578356	2.8605723	9.925423	-0.42691162	13.041667	13.507649	43.0	0.0	1000.0	26251.0	0.017500666666666668	0.41688177	0.5853853	2.4269137	-1.3737799	1.9402202	1.894512	22.191313	-5.440867	1.0244548e-08	-0.0006097597	1.3038516e-08	-0.0011598773	0.16224948	-0.059198685	9.6972275	-3.9401197	0.26914546	-0.010417581	1.0	1.7538522	0.0010716107	1500000	2171.549449443817
50	2.4352486	3.5226626	13.672344	-1.404067	22.958334	16.766731	74.0	0.0	1000.0	26935.0	0.01760457516339869	0.40410087	0.57956326	2.7544568	-1.1448221	1.5974916	1.7344193	21.977669	-5.750648	-5.5879354e-09	-0.008459568	-2.9802322e-08	-0.0119347805	0.17006671	-0.06733576	16.093058	-6.5321083	0.25872788	-0.008493662	79.0	1.7539294	0.0056889765	1530000	2222.6322345733643
51	2.4306219	2.176981	6.715132	-0.7620371	14.708333	19.13217	80.0	0.0	1000.0	27316.0	0.01751025641025641	0.32711706	0.52229273	2.1309726	-1.1112733	2.150215	2.2353523	23.484583	-2.4197564	-4.656613e-09	-0.00786819	-1.8626451e-08	-0.008018237	0.16212197	-0.08257139	11.995084	-6.309262	0.25023422	-0.009560093	79.0	1.7442961	0.005709638	1560000	2273.2474637031555
52	2.5427444	2.3457985	7.50939	-1.1769413	19.25	19.235926	77.0	0.0	1000.0	27863.0	0.01752389937106918	0.22718267	0.5455044	2.3152232	-1.2605598	1.50855	2.290426	33.431248	-5.986569	1.3969839e-08	-0.007937351	2.9802322e-08	-0.012183389	0.121680185	-0.04382845	17.041414	-7.771817	0.24067412	-0.008081719	79.0	1.7290931	0.005740012	1590000	2323.5465393066406
53	3.902378	2.8383534	10.214024	-0.0021680498	13.75	15.327671	60.0	0.0	1000.0	28295.0	0.01746604938271605	0.3142223	0.48843127	2.0452561	-0.9700883	1.9427669	1.9998492	24.53908	-5.9445586	-1.1175871e-08	-0.009291405	-2.4214387e-08	-0.012352141	0.15501063	-0.06444402	11.954975	-5.532455	0.2325924	-0.008593395	79.0	1.7175397	0.0064283926	1620000	2374.352971792221
54	3.1478233	3.1213984	10.9610815	-1.4052356	22.583334	20.609295	76.0	0.0	1000.0	28865.0	0.017493939393939395	0.32065704	0.55785054	2.0888717	-1.7124581	1.7767661	2.3093367	27.558725	-3.1749449	3.7252903e-09	-0.008278292	1.4901161e-08	-0.010660404	0.135952	-0.054634247	14.310911	-5.4893765	0.22399901	-0.007896468	79.0	1.7086453	0.0063801543	1650000	2425.414169073105
55	4.3695383	2.9183686	11.639776	0.3476668	26.333334	21.932978	69.0	0.0	1000.0	29606.0	0.017622619047619047	0.38117522	0.548931	2.4456341	-1.3060424	1.8763126	1.9085917	20.326082	-6.8468323	-1.4901161e-08	-0.0090123005	-2.9802322e-08	-0.014260262	0.1443569	-0.052867573	21.443647	-9.079353	0.21610254	-0.006040469	79.0	1.6926963	0.0062278025	1680000	2476.4267570972443
56	3.9261484	3.2376013	10.504945	-0.7128107	19.5	23.637894	86.0	0.0	1000.0	30229.0	0.01767777777777778	0.39687958	0.5737779	2.5225773	-1.0583209	2.744108	2.312197	20.553677	-3.3415499	-1.3969839e-09	-0.008910502	-2.2351742e-08	-0.013490366	0.12875733	-0.05295843	17.003239	-7.6477313	0.21006207	-0.00537692	79.0	1.6803794	0.006898082	1710000	2526.7529249191284
57	4.766422	3.64894	13.445097	-0.4766975	15.458333	14.488441	43.0	0.0	1000.0	30761.0	0.017678735632183907	0.51698804	0.5861931	2.6376011	-1.2013862	2.2310588	2.612076	24.070194	-6.5929494	-1.3038516e-08	0.03216837	1.4901161e-08	-0.0061111636	0.18328422	-0.08237295	13.160519	-6.993713	0.20468515	-0.0070253164	5.0	1.6570733	0.054918677	1740000	2570.0557346343994
58	2.8329518	2.314272	7.752447	-1.4292824	19.125	21.292238	72.0	0.0	1000.0	31392.0	0.017735593220338984	0.41759998	0.6159247	2.54023	-1.6214191	1.9790903	1.8895673	17.518236	-4.5283904	-1.8626451e-09	0.006515569	-2.9802322e-08	-0.0019446705	0.17779492	-0.08632855	16.944513	-7.2099657	0.19765984	-0.0068136603	1.0	1.6557839	0.016969392	1770000	2612.7467691898346
59	4.8224483	3.313317	14.20909	0.43498912	23.208334	22.607113	79.0	0.0	1000.0	32067.0	0.017815	0.30277628	0.534825	2.0999365	-1.0977418	2.1367066	2.3177907	22.22272	-5.2215953	-1.8626451e-09	-0.0006475847	-2.6077032e-08	-0.0014189197	0.18576105	-0.075674534	17.411594	-8.878555	0.19084617	-0.0061329305	1.0	1.6551278	0.004020786	1800000	2655.0458245277405
60	3.2793605	2.5830824	8.802654	-1.1066214	14.833333	16.73237	67.0	0.0	1000.0	32543.0	0.01778306010928962	0.39114007	0.57431734	2.393853	-1.4177349	2.3074417	2.5099018	22.55738	-4.3250732	5.5879354e-09	0.0010204678	0.0	-0.002613368	0.16308784	-0.07908538	12.039592	-5.5779467	0.18471324	-0.0062986016	1.0	1.6549053	0.009741646	1830000	2698.326012134552
61	4.3542876	3.5416214	12.398419	-1.073468	23.958334	15.917703	54.0	0.0	1000.0	33248.0	0.0178752688172043	0.47435057	0.60899764	2.656426	-0.9578015	2.099705	2.03395	18.110415	-3.238068	3.7252903e-09	-0.00010041357	-1.8626451e-09	-0.0021227899	0.20626317	-0.092723444	13.998156	-5.9921603	0.17841464	-0.005619392	1.0	1.6552486	0.0049671717	1860000	2741.7350647449493
62	3.9271305	3.5546725	12.805799	-0.60067964	12.166667	15.429049	50.0	0.0	1000.0	33658.0	0.017808465608465607	0.40971616	0.60745245	2.333761	-1.2107694	2.1314352	2.1548762	19.985308	-2.6495953	2.7939677e-09	-0.0004875363	-7.450581e-09	-0.0016306341	0.17405497	-0.072813846	13.570095	-6.4951696	0.17279525	-0.006023884	1.0	1.6558657	0.0023702013	1890000	2784.5804359912872
63	6.191933	4.388187	16.284035	-0.1336117	23.041666	19.969725	70.0	0.0	1000.0	34309.0	0.017869270833333332	0.5153851	0.59381896	2.5140204	-1.317819	1.7158102	1.9264783	16.854668	-4.3964233	1.7695129e-08	-0.00072285515	3.7252903e-09	0.00011420902	0.20755062	-0.095128804	14.278821	-6.5733047	0.16677137	-0.0054507107	1.0	1.6564598	0.0034522056	1920000	2827.436195373535
64	4.935658	3.580347	12.049919	-1.3291975	20.25	21.697254	91.0	0.0	1000.0	34919.0	0.017907179487179486	0.5618033	0.6524781	2.9028323	-1.3538533	2.297028	2.194966	18.815912	-3.935191	-1.1175871e-08	0.00022437584	0.0	-0.00010504783	0.1783129	-0.07624653	15.67112	-7.498564	0.16132066	-0.0051932633	1.0	1.6571598	0.0047105597	1950000	2870.5878496170044
65	4.393544	3.13975	11.146171	-1.7940785	17.791666	16.931183	56.0	0.0	1000.0	35458.0	0.017908080808080807	0.5671978	0.6053351	2.5271544	-1.2970376	2.5380347	2.7524161	21.86021	-4.121001	-5.5879354e-09	-0.0010564745	1.8626451e-08	-0.0010438394	0.20508607	-0.088046476	15.0892935	-8.282772	0.1561274	-0.0051514953	1.0	1.658035	0.0026095072	1980000	2914.0839223861694
66	4.010554	3.4914646	12.605722	-1.4212363	28.125	28.095541	113.0	0.0	1000.0	36294.0	0.018056716417910446	0.47198784	0.6344942	2.2901976	-1.380691	2.1100838	2.4441538	26.574461	-6.989072	-5.5879354e-09	0.0011084819	7.450581e-09	-0.0017445711	0.19510262	-0.092536524	25.255177	-12.674248	0.1509759	-0.0042635053	1.0	1.6594565	0.00636982	2010000	2956.6990871429443
67	3.5473087	2.839516	11.175703	-0.9941226	26.125	25.747673	86.0	0.0	1000.0	37052.0	0.018162745098039217	0.4070994	0.54720205	2.6577594	-1.1152247	2.7917976	2.6231453	22.962309	-10.809279	-1.8626451e-08	-0.00078194897	-4.4703484e-08	-0.002695139	0.13648742	-0.06647241	21.703684	-11.276752	0.1467124	-0.0036757141	1.0	1.6609375	0.004259873	2040000	2999.270612001419
68	4.421329	3.6542935	12.792928	-1.3595669	14.416667	16.765333	67.0	0.0	1000.0	37483.0	0.018107729468599034	0.42416334	0.5828681	2.5978417	-1.0857369	2.7487185	2.5322447	20.063532	-4.456205	-6.9849193e-09	-0.00030174517	1.4901161e-08	0.0003419756	0.18789604	-0.085622445	13.172027	-7.5566335	0.14303668	-0.0040550977	1.0	1.6623018	0.0006103137	2070000	3044.686769247055
69	4.208614	3.448523	11.11637	-1.8071724	12.375	16.203941	54.0	0.0	1000.0	37955.0	0.018073809523809523	0.45150632	0.5985225	2.2100604	-1.1694485	2.2414696	2.7392752	20.73799	-6.477555	-9.778887e-09	-0.00082309265	-7.450581e-09	0.00072733895	0.17526892	-0.09100955	18.933067	-10.106231	0.13898158	-0.0044804364	1.0	1.6637692	0.0024296148	2100000	3086.9502034187317
70	4.741815	3.436091	14.668332	0.25773296	18.291666	17.10867	63.0	0.0	1000.0	38495.0	0.018072769953051643	0.5003818	0.61839074	2.3635886	-1.2315068	1.9999771	2.0536492	20.593636	-2.904166	0.0	-0.0007157193	1.4901161e-08	-0.00050815847	0.20105758	-0.09425296	13.964455	-5.661064	0.13450114	-0.0044184476	1.0	1.665297	0.00071425905	2130000	3128.4805183410645
71	5.2662544	3.5727243	13.097109	-1.0555471	15.625	15.383467	53.0	0.0	1000.0	39019.0	0.018064351851851852	0.54766834	0.60212994	2.448804	-1.0384934	2.2522984	2.1305146	15.535812	-2.1601517	9.313226e-09	-0.0003446307	-2.2351742e-08	4.3255277e-05	0.22708279	-0.123681545	15.016422	-6.8595343	0.1300827	-0.004519522	1.0	1.6665986	0.00047032116	2160000	3169.306001186371
72	4.6050763	3.5455663	12.398616	-0.45415837	20.583334	12.5496235	41.0	0.0	1000.0	39621.0	0.01809178082191781	0.5280888	0.6139374	2.487009	-1.1969385	1.8800344	1.8372614	21.16334	-3.4826415	3.7252903e-09	-0.0006130489	1.8626451e-09	0.00024803734	0.17597239	-0.08463194	13.092918	-5.201008	0.12556317	-0.0042671487	1.0	1.6677635	0.0017276418	2190000	3210.636883497238
73	4.22741	3.5355215	13.96857	-1.8831934	20.375	18.020388	59.0	0.0	1000.0	40241.0	0.018126576576576577	0.49466074	0.61061347	2.4218793	-1.1647916	2.218279	2.3561904	24.904251	-2.6271024	0.0	-0.0005139017	1.8626451e-08	-0.0007534693	0.17745	-0.08977367	14.730185	-6.1087065	0.121296026	-0.004054293	1.0	1.6685351	0.0008958917	2220000	3251.709371805191
74	5.906916	3.622344	15.121934	0.5878737	15.041667	16.15415	62.0	0.0	1000.0	40700.0	0.01808888888888889	0.55213296	0.6122443	2.4658594	-1.520466	1.9425406	2.068036	21.82323	-4.817359	7.450581e-09	-0.0007804339	1.1175871e-08	-0.00036996638	0.21923096	-0.13137832	11.939169	-4.7861886	0.11724173	-0.004177682	1.0	1.6693273	0.0007035641	2250000	3294.5302097797394
75	4.652472	3.538773	13.324778	-0.613674	23.458334	24.024258	92.0	0.0	1000.0	41444.0	0.01817719298245614	0.5424175	0.61840403	2.6644058	-1.1162524	1.9913409	1.8738722	21.187077	-4.7206726	-5.122274e-09	-3.536942e-05	3.7252903e-09	-0.00045787543	0.19868404	-0.10250875	19.970585	-9.178724	0.11306405	-0.0037604868	1.0	1.6700262	0.00048215533	2280000	3336.818289756775
76	5.204176	3.7580678	13.857497	-0.83863723	24.083334	23.567131	89.0	0.0	1000.0	42159.0	0.01825064935064935	0.5772953	0.5895994	2.418132	-1.0493159	2.3417256	2.206173	27.075075	-5.666514	-7.450581e-09	-0.0007735882	1.4901161e-08	-0.00068253605	0.17729846	-0.09118533	17.775537	-8.506623	0.109303564	-0.0033620968	1.0	1.6703947	0.0019000508	2310000	3379.1155347824097
77	5.4302483	3.2814672	11.943405	-0.04378572	18.791666	15.464957	58.0	0.0	1000.0	42669.0	0.018234615384615384	0.5401652	0.5831687	2.2911146	-1.1034843	2.4543197	2.3577154	25.52224	-3.2446601	-9.313226e-10	-0.0011727846	3.7252903e-09	0.00013435911	0.18474555	-0.08795551	11.390557	-5.057546	0.10594147	-0.003325887	1.0	1.6707425	0.0016038792	2340000	3421.6816432476044
78	4.448502	2.417704	8.851596	-0.14402288	33.375	82.66892	424.0	0.0	1000.0	43633.0	0.01841054852320675	0.5370411	0.6300583	2.4088547	-1.0889872	1.6391653	1.7141358	18.995352	-3.5216525	-1.4901161e-08	-0.000890692	0.0	-0.00094440486	0.18364252	-0.09702077	115.16524	-59.53777	0.10261558	-0.0024139583	1.0	1.6711345	0.0014727238	2370000	3465.0470793247223
79	4.8061576	3.2713385	13.947632	-0.58108276	23.833334	21.52647	66.0	0.0	1000.0	44347.0	0.018477916666666667	0.48939034	0.59943837	2.6752758	-1.2526263	2.746226	2.7364225	24.466574	-7.318019	0.0	-0.0005321533	1.4901161e-08	-0.0005108919	0.20292115	-0.10584189	23.435234	-12.351559	0.10020162	-0.0022084787	1.0	1.6716833	0.00080334896	2400000	3508.0492482185364
80	3.6658466	3.0246584	12.224794	-0.83922076	14.291667	16.551634	68.0	0.0	1000.0	44927.0	0.018488477366255144	0.42535424	0.6246679	2.5848527	-1.2378747	2.80485	2.9201646	24.244493	-4.433558	5.355105e-09	-0.00046457347	3.7252903e-09	-0.0008188868	0.1622844	-0.09264901	21.179165	-11.388751	0.09799314	-0.0025449917	1.0	1.6722313	0.002266591	2430000	3550.7984578609467
81	5.061238	2.7700484	10.541738	-1.2579596	19.75	19.022465	70.0	0.0	1000.0	45499.0	0.018495528455284554	0.4812876	0.604835	2.6127849	-1.3212236	2.1333184	2.5340621	18.942577	-7.5392694	-3.7252903e-09	-0.00023115461	2.7939677e-09	-0.001311186	0.17720766	-0.08964204	14.51427	-6.8226542	0.09544815	-0.0025351942	1.0	1.6724973	0.001980459	2460000	3593.2324934005737
82	3.8526325	3.3189766	11.127707	-0.82471347	19.958334	16.94717	58.0	0.0	1000.0	46076.0	0.01850441767068273	0.56464034	0.6310621	2.5590823	-1.1652977	2.2324648	2.2014062	20.640612	-3.6655388	3.7252903e-09	-0.00030487173	2.3748726e-08	-0.0007218233	0.18326174	-0.1016301	13.143322	-5.9734225	0.09291296	-0.0025064573	1.0	1.6729727	0.0017723804	2490000	3635.704331636429
83	4.5860806	3.4482253	12.278691	-1.2110735	24.041666	18.838081	60.0	0.0	1000.0	46764.0	0.01855714285714286	0.49255946	0.5718459	2.2064357	-1.1968871	2.1763992	2.1519558	18.702217	-5.2531376	3.7252903e-09	-0.0009598371	0.0	-0.0014216446	0.18489137	-0.110527515	15.141632	-7.0189266	0.0904065	-0.002263315	1.0	1.6732903	0.003609606	2520000	3678.148001909256
84	4.47381	3.0903735	10.118769	-0.635655	24.458334	20.434813	71.0	0.0	1000.0	47434.0	0.01860156862745098	0.46420383	0.6119934	3.0258505	-1.5894164	2.234388	2.474733	19.674292	-5.664618	1.3038516e-08	-0.0003307343	4.284084e-08	-0.0002936758	0.20427914	-0.11802009	17.760212	-8.971446	0.088143185	-0.0020279065	1.0	1.6736848	0.00074819475	2550000	3720.467518568039
85	4.7991314	3.7851741	13.884046	-1.210836	18.791666	18.42774	57.0	0.0	1000.0	47973.0	0.018594186046511627	0.51720625	0.59201634	2.4842985	-1.0825113	2.3944018	2.1991224	18.8305	-5.2075467	-9.313226e-10	-0.00014469153	0.0	-0.0001231411	0.16556583	-0.09277495	16.441204	-7.1789055	0.08611528	-0.002105683	1.0	1.6743951	0.0012097431	2580000	3763.843785047531
86	3.5504303	3.2520676	8.791836	-1.1770161	28.583334	23.207249	86.0	0.0	1000.0	48795.0	0.018695402298850576	0.47295547	0.58461666	2.6279712	-1.1677468	2.3736904	2.0737557	18.959972	-4.1118455	-2.7939677e-09	-0.000523706	-2.9802322e-08	0.0002659955	0.16948271	-0.09049524	20.051163	-8.184241	0.084009595	-0.0016797706	1.0	1.6752169	0.00039695436	2610000	3806.224622488022
87	5.5003815	3.1847744	10.895989	-0.39532748	18.291666	20.929403	75.0	0.0	1000.0	49350.0	0.018693181818181817	0.45822084	0.580551	2.768988	-1.1356307	2.5849261	2.19094	21.079844	-3.4400778	9.313226e-09	-0.0008168839	-2.6077032e-08	-0.0008272324	0.22766128	-0.1285263	16.613827	-8.821427	0.082329825	-0.0018163323	1.0	1.6759927	0.0006998768	2640000	3848.668769836426
88	5.3533463	3.954137	15.57169	-0.67968106	24.458334	29.49997	138.0	0.0	1000.0	50105.0	0.018765917602996254	0.55126333	0.6376564	2.835793	-1.4908597	2.3821578	2.2186666	16.653622	-6.6507683	-1.8626451e-09	-0.00038258522	0.0	-0.00050448836	0.20589194	-0.120838515	26.941135	-15.923086	0.08051349	-0.0016367435	1.0	1.6765122	0.00053698797	2670000	3891.1320383548737
89	5.604799	3.3442538	14.342092	-0.9927155	18.125	21.806559	79.0	0.0	1000.0	50708.0	0.01878074074074074	0.60851365	0.624075	3.1108973	-1.1919574	2.4946146	2.4354687	22.260294	-4.392961	-1.1641532e-08	-0.0005632517	3.3527613e-08	-7.538166e-05	0.19158371	-0.11346146	18.327484	-10.062929	0.07887675	-0.0017752722	1.0	1.6769018	0.00052851846	2700000	3933.6391627788544
90	6.5626407	3.1113803	11.545271	1.552893	22.083334	15.617609	64.0	0.0	1000.0	51390.0	0.018824175824175823	0.5964009	0.5934908	2.5488172	-1.0969427	2.3231213	2.655537	26.74146	-3.4752927	-7.450581e-09	-0.00054355327	-1.8626451e-09	-0.00018464029	0.21055697	-0.10773444	17.378704	-6.7506742	0.07710148	-0.0017087832	1.0	1.6772788	0.00062050845	2730000	3976.4670774936676
91	6.043116	2.86756	12.275671	1.8307049	37.583332	21.346188	76.0	0.0	1000.0	52379.0	0.018977898550724636	0.64712405	0.59410775	2.6016445	-1.1478935	2.6883893	2.3842037	25.504349	-3.8420553	-1.8626451e-09	-0.00066470937	-3.7252903e-09	-0.0005533057	0.21746981	-0.11884291	20.878479	-8.289969	0.07539269	-0.00091712177	1.0	1.6776587	0.0010346442	2760000	4018.7769227027893
92	6.183786	3.5912824	12.979746	-0.75430113	27.416666	26.469976	103.0	0.0	1000.0	53277.0	0.019095698924731182	0.5862701	0.6201119	2.4281597	-1.5904826	2.9979448	2.3302171	21.411427	-2.3072908	1.1175871e-08	-0.0075399727	-2.2351742e-08	-0.0063170865	0.19515325	-0.11592531	22.222858	-11.029677	0.07447557	-0.00069791824	79.0	1.6777468	0.0045248503	2790000	4068.9190883636475
93	5.5764084	3.1510563	9.86165	-1.2828896	28.125	21.82375	82.0	0.0	1000.0	54247.0	0.019236524822695035	0.7005697	0.6213234	2.625149	-1.192621	3.3878791	3.3111672	27.711802	-3.726688	7.450581e-09	-0.008013144	0.0	-0.0052589644	0.2109576	-0.12033702	23.393147	-9.362687	0.07377765	-0.00059369206	79.0	1.6508782	0.0051928684	2820000	4118.932356834412
94	6.414493	3.0676038	13.713828	1.4872266	38.625	29.611107	108.0	0.0	1000.0	55524.0	0.019482105263157894	0.6118331	0.6051075	3.0397754	-0.97791964	3.687201	3.0294948	26.481482	-2.9922001	3.7252903e-09	-0.007882681	-2.7939677e-09	-0.010415672	0.21699013	-0.11311935	40.032543	-18.814402	0.07318396	0.00024306029	79.0	1.6283501	0.0051076747	2850000	4169.3702828884125
95	6.3337884	3.4596434	12.062552	0.6237406	22.5	29.05598	145.0	0.0	1000.0	56262.0	0.019535416666666666	0.680122	0.5530894	2.7791722	-1.166638	4.176328	3.2500875	28.303406	-3.0659876	1.1175871e-08	-0.0072955317	1.8626451e-08	-0.008015299	0.22794431	-0.1340197	24.837101	-11.581289	0.07342702	0.00013701618	79.0	1.6184496	0.004776596	2880000	4220.17272567749
96	5.7876306	3.2093632	13.701383	0.096876085	36.541668	28.575891	103.0	0.0	1000.0	57369.0	0.019714432989690722	0.6202072	0.63222384	2.769776	-1.0046469	2.911762	2.6247556	28.47367	-4.2689977	1.2572855e-08	-0.0083444305	2.9802322e-08	-0.009607785	0.18159717	-0.09410788	28.03314	-12.200066	0.07356404	0.0006750375	79.0	1.6013455	0.0052018217	2910000	4270.689255475998
97	6.550129	3.8523738	14.781136	1.0018241	42.833332	26.21969	105.0	0.0	1000.0	58523.0	0.01990578231292517	0.6476056	0.5648426	2.6729517	-1.1417572	3.689595	2.875452	27.640835	-3.6314614	-1.3038516e-08	-0.008444781	-1.4901161e-08	-0.010319117	0.20806614	-0.11582193	25.510658	-9.790447	0.074239075	0.0015358329	79.0	1.5883992	0.005310593	2940000	4320.712306261063
98	6.7094617	3.4091961	13.284627	0.10875094	50.0	45.694637	179.0	0.0	1000.0	59967.0	0.02019090909090909	0.716558	0.58911717	3.0900345	-0.9337927	4.4744115	3.5553095	30.172634	-4.1523933	0.0	-0.008864557	0.0	-0.015728772	0.2192142	-0.14325261	71.884964	-46.988182	0.07577491	0.0027715042	79.0	1.5574267	0.0059662135	2970000	4371.1670508384705
99	6.480898	3.8495543	15.451425	0.11686615	42.625	38.34581	156.0	0.0	1000.0	61259.0	0.020419666666666666	0.79627293	0.56341726	3.140412	-0.8918711	4.4620867	4.056532	37.97687	-6.5220733	1.6763806e-08	0.0012260922	-1.4901161e-08	-0.005911301	0.25742713	-0.1639802	70.83712	-37.051018	0.07854641	0.0029677972	17.0	1.5542032	0.011710189	3000000	4415.29604268074
100	7.518044	3.1331801	13.389827	1.3711672	74.958336	56.408833	263.0	0.0	1000.0	63587.0	0.020985808580858085	0.6456962	0.5684039	2.489998	-0.78722364	5.0249653	3.9852953	34.40402	-4.4039464	1.7229468e-08	0.030899208	0.0	-0.00541108	0.2195878	-0.12483087	160.03888	-110.15703	0.08151421	0.0043608546	1.0	1.5455136	0.045175664	3030000	4458.3235239982605
101	6.2519097	3.4801762	13.932439	0.57088983	47.041668	50.87442	177.0	0.0	1000.0	65115.0	0.021279411764705883	0.7564232	0.57994497	2.8429494	-0.8573729	8.5077095	8.229897	67.47747	-9.492532	-1.21071935e-08	0.0012509981	-7.450581e-09	-0.0045927167	0.2908619	-0.20452896	131.20981	-95.7993	0.085875064	0.004993625	1.0	1.544457	0.006671137	3060000	4500.894113302231
102	5.477796	3.2120113	11.725014	0.26353103	52.5	67.01679	251.0	0.0	1000.0	66780.0	0.02161165048543689	0.6365777	0.54141855	2.8412006	-0.6021902	4.8922	4.1098914	40.202522	-7.606102	1.0244548e-08	0.00042820914	1.4901161e-08	-0.0061181798	0.18518916	-0.116986446	126.6277	-80.44736	0.09086869	0.0058079064	1.0	1.5438186	0.003858194	3090000	4543.844801187515
103	5.77161	3.651308	13.334392	-0.5008073	77.333336	79.77869	404.0	0.0	1000.0	69060.0	0.022134615384615385	0.65887606	0.5001799	2.6799228	-1.0308867	6.748769	5.9768205	48.65189	-7.079747	1.0244548e-08	-0.00057938416	-2.9802322e-08	0.0013816981	0.20369326	-0.12438961	123.17541	-77.485214	0.096676596	0.0071598515	1.0	1.5436792	0.0008120348	3120000	4586.583280324936
104	6.182043	3.0724318	12.094552	0.6356018	71.833336	45.574726	172.0	15.0	1000.0	71035.0	0.02255079365079365	0.7023229	0.5611817	2.8951008	-0.61774313	6.151803	5.607628	49.66073	-16.42268	-6.9849193e-09	-0.0011623406	4.0978193e-08	-0.006578736	0.206826	-0.1314227	105.81299	-61.010082	0.10383645	0.00838948	1.0	1.543649	0.0034108716	3150000	4629.627199172974
105	4.383191	3.1925993	12.140358	-0.72839534	77.458336	72.29337	300.0	0.0	1000.0	73304.0	0.023051572327044027	0.5477304	0.55016136	2.9173398	-0.75802314	7.2556095	6.1759157	65.7964	-14.541069	-2.4214387e-08	0.0013027531	-7.4505806e-08	-0.0010297473	0.2422787	-0.17051809	156.16173	-97.97465	0.11222593	0.009716108	1.0	1.543951	0.0076289754	3180000	4672.867963075638
106	6.5840545	5.025939	17.737688	-0.4628195	82.083336	68.790085	206.0	0.0	1000.0	75873.0	0.02363644859813084	0.5475851	0.5793267	3.0022173	-0.8458369	7.0448112	5.937103	53.650837	-4.7970934	-3.7252903e-09	0.0005336553	-7.4505806e-08	-0.008375813	0.23393488	-0.15677212	154.13464	-94.20921	0.121942036	0.011144005	1.0	1.5443608	0.0087581165	3210000	4715.651573896408
107	6.728743	3.8208325	12.367585	0.21117173	102.958336	96.912964	360.0	0.0	1000.0	79125.0	0.024421296296296295	0.67505735	0.6198182	2.7625594	-0.97160316	7.645622	6.06699	47.759224	-10.209128	2.2351742e-08	0.0009949168	1.1920929e-07	-0.0015638294	0.21204844	-0.12374544	291.9569	-209.6603	0.13308604	0.012802884	1.0	1.5445892	0.0062794373	3240000	4758.712517738342
108	6.3269124	4.9741993	18.151924	-0.48367062	83.083336	45.001774	187.0	17.0	1000.0	81646.0	0.024968195718654433	0.6241966	0.5732944	2.9479573	-0.79732275	11.640741	8.882605	66.09023	-9.707613	1.9557774e-08	-0.00058441027	1.4156103e-07	-0.01997614	0.22801793	-0.15012789	180.48405	-112.61432	0.14588892	0.014298916	1.0	1.5445935	0.011112129	3270000	4802.543892145157
109	5.2058597	4.278751	16.467735	-1.3549242	105.208336	118.67742	521.0	0.0	1000.0	84625.0	0.025643939393939393	0.626263	0.5674365	2.896807	-0.83432066	9.691129	6.5299697	46.193947	-10.088018	-1.4901161e-08	-0.00094949873	8.940697e-08	-0.0038352273	0.24140765	-0.16343594	237.00717	-160.52264	0.16018784	0.016133279	1.0	1.5447106	0.0010425219	3300000	4846.200244903564
110	6.893532	4.148452	15.47548	0.068227895	83.666664	60.094833	261.0	0.0	1000.0	87195.0	0.026184684684684684	0.64790756	0.5578579	3.0197866	-0.83516157	8.577348	5.868732	49.30747	-10.380603	-7.450581e-09	-0.0010849476	-1.4901161e-08	-0.0045346003	0.22450146	-0.1397485	131.8061	-71.81647	0.17632112	0.01777865	1.0	1.5451627	0.0023647489	3330000	4889.597227096558
111	6.6777306	3.5337114	11.765301	0.102882944	68.5	65.779305	269.0	0.0	1000.0	89531.0	0.026646130952380952	0.735274	0.52960485	2.8844266	-0.6665605	9.2599125	6.270469	52.444935	-12.334604	1.6763806e-08	-0.000995595	5.2154064e-08	-0.0072958395	0.23848757	-0.15166447	94.78525	-44.089355	0.19409977	0.019139335	1.0	1.5457066	0.0040816516	3360000	4932.669907569885
112	8.446795	3.105469	16.916746	4.301228	132.70833	68.678894	326.0	33.0	1000.0	93940.0	0.027710914454277286	0.8213892	0.54032266	2.7502837	-0.69935805	9.752863	6.7761536	54.116444	-20.832674	-2.2351742e-08	-0.0008995541	-8.940697e-08	-0.002483199	0.18634112	-0.10831262	166.50485	-77.249756	0.2132391	0.021541685	1.0	1.5459979	0.000853043	3390000	4975.668038845062
113	13.138654	3.5794446	19.968357	6.9432154	194.29167	62.54963	338.0	85.0	1000.0	99841.0	0.02919327485380117	1.0364935	0.5490603	2.9065619	-0.58696723	14.291946	6.393457	56.66764	-10.573501	-1.6763806e-08	-0.0012333896	-2.9802322e-08	-0.0030095405	0.35282755	-0.25150013	205.06366	-89.50169	0.23478079	0.023887545	1.0	1.5466335	0.0012393622	3420000	5018.69114279747
114	12.588623	3.2854922	19.246407	7.154899	201.375	65.33045	367.0	82.0	1000.0	105825.0	0.03067391304347826	1.3268977	0.5715673	3.142754	-0.38893938	19.161608	8.852306	67.586975	4.2087317	1.1175871e-08	-0.002388409	3.7252903e-08	-0.0076830424	0.16752505	-0.07459569	143.89146	-53.88423	0.25866833	0.026578575	1.0	1.5472732	0.0039014532	3450000	5061.904513120651
115	12.655357	3.1022458	17.93596	3.5216136	207.875	68.82182	342.0	85.0	1000.0	112300.0	0.03227011494252874	1.3700424	0.5620722	2.628417	-0.38620576	21.663313	9.492568	68.40699	-4.1021338	2.0489097e-08	-0.002980669	7.4505806e-08	-0.010549897	0.17458826	-0.07154451	148.30266	-54.38406	0.2852469	0.029487967	1.0	1.5474511	0.0014912091	3480000	5105.4349575042725
116	12.42588	3.8512218	21.887268	5.112085	189.0	72.82342	312.0	75.0	1000.0	117860.0	0.03357834757834758	1.3031411	0.5956001	2.8555331	-0.61997837	21.950804	9.874117	75.95666	2.5149798	-9.313226e-09	-0.0015090806	-2.2351742e-08	-0.009501839	0.19647084	-0.10176322	126.91293	-50.72052	0.31473488	0.0324879	1.0	1.5474693	0.0056039793	3510000	5148.034195661545
117	13.754146	2.3200202	18.790144	9.626555	193.625	73.295525	352.0	51.0	1000.0	123611.0	0.0349183615819209	1.3594824	0.5421906	2.7026048	-0.49067107	18.535812	9.983785	68.0204	-1.2644638	-3.7252903e-09	-0.007883032	-7.450581e-09	-0.044584934	0.16622329	-0.08470732	126.89251	-55.059677	0.34722278	0.036432594	6.0	1.5475919	0.0150093995	3540000	5191.221060991287
118	14.012309	3.4323149	21.842129	6.7386804	201.375	73.00788	369.0	59.0	1000.0	129626.0	0.03630980392156863	1.4298475	0.5513308	2.6264699	-0.55874956	20.948788	11.347596	66.787926	-0.004627824	-7.450581e-09	-0.014914881	-3.7252903e-09	-0.056345925	0.16790828	-0.0833558	147.6201	-68.93173	0.38365537	0.04214841	13.0	1.5469716	0.012323512	3570000	5235.89769077301
119	13.880043	3.1568897	20.789505	8.043092	197.45833	79.33262	392.0	39.0	1000.0	135546.0	0.03765166666666667	1.3962865	0.5512723	3.1707854	-0.31187615	20.07103	10.446563	70.05084	-0.19083607	1.8626451e-09	-0.010043124	-3.7252903e-08	-0.042343296	0.15432467	-0.068342835	154.08531	-68.89598	0.42580378	0.04478991	7.0	1.540651	0.011827563	3600000	5279.206393241882
120	12.274864	4.669799	22.448986	3.3318832	165.70833	59.328518	268.0	40.0	1000.0	140641.0	0.038744077134986225	1.310265	0.62083447	3.159301	-0.8204011	18.785162	10.884556	77.10053	-2.2796917	-1.4901161e-08	-0.004986042	-3.7252903e-08	-0.024493553	0.18815161	-0.08824214	132.59639	-65.46097	0.4705937	0.04625678	2.0	1.5350094	0.0103400005	3630000	5322.834191083908
121	13.2225485	3.6334677	19.95367	7.309074	188.79167	70.581505	322.0	76.0	1000.0	146147.0	0.03993087431693989	1.3730966	0.63241464	3.1134117	-0.87996924	17.896833	9.636136	72.268776	-0.9601279	-1.3038516e-08	-0.0027175266	-4.4703484e-08	-0.019673586	0.15149899	-0.07114804	143.69012	-67.81778	0.5168505	0.04922247	1.0	1.532325	0.015248287	3660000	5366.138739109039
122	13.720397	3.463523	21.913471	8.906019	193.04167	78.401474	397.0	68.0	1000.0	151733.0	0.041120054200542	1.4248965	0.5933597	3.5059633	-0.7636656	19.579166	11.933868	82.17837	-2.0792675	2.0489097e-08	-0.0061555617	4.4703484e-08	-0.025115173	0.18289869	-0.09828141	133.80496	-63.00028	0.56607294	0.05278194	2.0	1.530689	0.013656924	3690000	5409.5019788742065
