Epoch	AverageEpRet	StdEpRet	MaxEpRet	MinEpRet	AverageEpCost	StdEpCost	MaxEpCost	MinEpCost	EpLen	CumulativeCost	CostRate	AverageVVals	StdVVals	MaxVVals	MinVVals	AverageCostVVals	StdCostVVals	MaxCostVVals	MinCostVVals	LossPi	DeltaLossPi	SurrCost	DeltaSurrCost	LossV	DeltaLossV	LossVC	DeltaLossVC	Penalty	DeltaPenalty	StopIter	Entropy	KL	TotalEnvInteracts	Time
0	1.7872249	2.8227937	8.069475	-2.5413897	8.666667	12.351339	39.0	0.0	1000.0	260.0	0.008666666666666666	0.61136246	0.6715163	2.045009	-1.3124022	-0.3960286	0.11334294	0.078666866	-0.813013	-1.3224283e-08	0.009823741	-2.4414062e-08	-0.005488627	1.1256325	-0.90558076	6.985447	-2.5445218	0.99999994	-0.031173289	1.0	1.837877	0.023176936	30000	70.60547494888306
1	1.1525222	2.5147445	6.188091	-2.5414693	6.2	7.9766316	23.0	0.0	1000.0	446.0	0.0074333333333333335	0.29366335	0.5348768	1.7720835	-1.3335457	0.54040027	1.0399541	4.9000726	-2.0164022	-9.26802e-09	0.029184138	-2.0345052e-09	-0.0018365927	0.28509527	-0.07404326	3.219637	-0.54842544	0.96882665	-0.030538082	1.0	1.8376892	0.09756273	60000	140.22433352470398
2	1.7136155	3.6365237	10.681141	-2.5249534	12.266666	15.493942	50.0	0.0	1000.0	814.0	0.009044444444444445	0.1969107	0.52823097	1.7319472	-1.6120297	0.8859698	0.8320033	4.240947	-1.2484803	-2.7602713e-09	-0.000101703095	-1.2207031e-08	-0.000807194	0.23459078	-0.027286842	7.543833	-1.650609	0.93828857	-0.029344022	1.0	1.8384058	0.002107331	90000	209.51572251319885
3	2.571897	3.960591	11.681711	-2.0384755	5.2	9.846827	42.0	0.0	1000.0	970.0	0.008083333333333333	0.2264083	0.5674363	1.8430691	-1.3634666	1.1498388	1.3285546	9.958358	-2.1970265	1.9374606e-09	-0.005839897	4.0690105e-09	-0.007485844	0.23283398	-0.030499905	4.1442723	-1.6033275	0.90894455	-0.027935684	79.0	1.8391111	0.005980157	120000	287.3344933986664
4	2.1373131	3.2406137	9.250493	-2.6898825	10.2	14.302446	61.0	0.0	1000.0	1276.0	0.008506666666666666	0.20987277	0.6098393	1.9705968	-1.5737168	0.56829053	0.84689707	8.223394	-1.3387841	-3.759615e-09	-0.009667732	8.138021e-09	-0.016595239	0.22760087	-0.033011436	5.4764614	-1.8725736	0.88100886	-0.023721695	79.0	1.8200542	0.01018183	150000	365.2795343399048
5	1.5444866	3.1099324	10.653954	-2.943025	6.8333335	10.000277	44.0	0.0	1000.0	1481.0	0.008227777777777778	0.2602644	0.5551711	1.7566583	-1.3871877	0.98991287	1.240384	11.720319	-0.8700159	-1.7214024e-08	0.011006978	-4.0690105e-09	-0.0038663575	0.22466567	-0.031822637	3.717062	-1.109261	0.85728717	-0.027603447	7.0	1.7877705	0.030402904	180000	435.80837988853455
6	1.6498721	3.1337316	9.998533	-3.2442005	8.566667	14.379807	55.0	0.0	1000.0	1738.0	0.008276190476190477	0.20432827	0.5528026	2.1700501	-1.5414318	0.6501778	1.1613709	13.088042	-1.128004	-1.2408587e-08	0.0034857583	-4.0690105e-09	-0.0015566691	0.21073098	-0.036005005	5.2094655	-1.8513913	0.8296837	-0.0275141	1.0	1.7838895	0.01597843	210000	505.3843083381653
7	1.6092445	2.732964	9.169299	-2.5373638	6.8333335	9.381126	38.0	0.0	1000.0	1943.0	0.008095833333333333	0.14946212	0.6554317	1.9433687	-1.8067691	0.7234678	1.3104631	16.1763	-0.58075625	9.0558533e-10	-0.00036920863	2.0345052e-09	-0.00095593464	0.22903435	-0.052815855	3.3467298	-1.1244433	0.8021696	-0.026992619	1.0	1.783081	0.0017876666	240000	575.6605758666992
8	1.7672288	2.5466924	9.252499	-1.9905654	6.9	9.202718	41.0	0.0	1000.0	2150.0	0.007962962962962963	0.24250062	0.57212335	1.5751816	-1.8068027	0.69939345	1.2554129	16.135553	-1.4437882	-1.392616e-08	-0.00015043974	-1.2207031e-08	-0.0003621643	0.19269085	-0.043528214	3.2961447	-0.9630244	0.775177	-0.02643621	1.0	1.7824829	0.0015294016	270000	645.7035186290741
9	1.9867523	3.324798	10.522835	-2.429488	8.166667	13.2817745	69.0	0.0	1000.0	2395.0	0.007983333333333334	0.22246602	0.595367	1.8367536	-1.6277611	0.8148246	1.4365262	16.466343	-0.61400497	8.535131e-10	-0.0005691086	2.6448568e-08	-0.0011243855	0.19692728	-0.04229249	4.89754	-1.7615843	0.7487408	-0.025774896	1.0	1.7821054	0.008339212	300000	715.1026120185852
10	2.7633512	3.4739084	11.456006	-1.495083	10.333333	15.093781	66.0	0.0	1000.0	2705.0	0.008196969696969697	0.2865166	0.65249306	1.7623421	-1.4656534	1.0333407	1.7246	18.3274	-0.54217315	-1.4568662e-08	-0.00019440157	-1.2207031e-08	-0.00036083578	0.21722569	-0.05272594	5.5985746	-1.9889588	0.7229659	-0.024955869	1.0	1.7819088	0.00022715774	330000	784.9370543956757
11	2.8374603	2.9931974	12.00628	-1.8019967	6.266667	6.8504663	22.0	0.0	1000.0	2893.0	0.008036111111111112	0.284682	0.66433454	1.9060847	-1.6329749	0.8624225	1.587553	17.78133	-1.6523318	-3.10809e-09	-0.0007822802	-6.1035155e-09	-0.0008155212	0.20473325	-0.043479145	4.345708	-1.6766913	0.69801	-0.024551392	1.0	1.7818285	0.0027508207	360000	855.0816814899445
12	2.9397326	4.1192083	14.629598	-2.1596234	7.0	8.725442	30.0	0.0	1000.0	3103.0	0.007956410256410256	0.31965795	0.6286997	1.8664966	-1.4630693	0.6426535	0.7528489	11.169346	-0.2673369	5.185672e-09	-0.006783727	-2.0345052e-08	-0.007839421	0.23221126	-0.055801004	3.0367374	-0.69395494	0.67345864	-0.023308158	79.0	1.7818162	0.007342559	390000	933.4368195533752
13	2.7926254	2.3359182	7.232631	-0.89012605	8.3	9.515426	32.0	0.0	1000.0	3352.0	0.00798095238095238	0.35316074	0.68103045	2.1826258	-1.7486029	0.6802404	1.1851197	16.316916	-0.19863357	1.2945669e-08	-0.007190608	0.0	-0.0076471427	0.22162062	-0.05752042	3.8229694	-1.1583068	0.6501505	-0.02321881	79.0	1.7722831	0.006989161	420000	1011.0440969467163
14	3.0628328	3.9585502	17.459217	-1.5429267	5.5333333	8.496012	35.0	0.0	1000.0	3518.0	0.007817777777777778	0.31447616	0.6496186	1.8904891	-1.4492519	0.93181366	1.2778597	14.371463	-0.19338566	8.455481e-09	-0.001346368	1.2207031e-08	-0.003063853	0.21789941	-0.034632966	4.609794	-2.124103	0.62693167	-0.023055911	6.0	1.7554183	0.0029393707	450000	1081.709544658661
15	2.9419158	3.4839787	13.978319	-1.9856591	5.5333333	10.638713	39.0	0.0	1000.0	3684.0	0.007675	0.25769606	0.63390315	2.0243847	-1.6346511	0.4791151	0.74468964	12.151442	-0.63076043	2.3226183e-09	-0.00040997498	1.6276042e-08	3.5426332e-05	0.21079114	-0.048285186	4.194588	-1.8309093	0.60387576	-0.022598803	1.0	1.7554333	0.0012614299	480000	1151.3794362545013
16	3.1158845	3.0296228	10.636726	-1.7811849	7.8	10.140348	35.0	0.0	1000.0	3918.0	0.007682352941176471	0.34574962	0.6894706	1.8899969	-1.6068591	0.6808783	1.1496669	16.360638	-0.8659016	-2.5019322e-09	0.00079847017	-3.306071e-09	0.0010054341	0.20407397	0.009816736	4.10181	-1.3281257	0.58127695	-0.021903336	1.0	1.7554281	0.0045849355	510000	1221.7033677101135
17	3.5074122	3.7044668	10.655422	-2.3256044	8.933333	15.004296	63.0	0.0	1000.0	4186.0	0.007751851851851852	0.15747595	0.6602302	2.0592597	-1.4585897	0.7907479	1.5153877	21.600838	-1.3204346	4.4043706e-09	0.0009440477	-1.0681152e-08	0.0006528285	0.2975186	-0.106580034	4.151613	-1.5309184	0.5593736	-0.021123767	1.0	1.7551745	0.008540739	540000	1291.664131641388
18	3.1404772	3.5380013	10.810913	-1.7261906	7.366667	13.315361	52.0	0.0	1000.0	4407.0	0.007731578947368421	0.3653042	0.7348831	2.1854305	-1.5844982	0.8746289	1.5143248	22.249735	-0.6426574	-5.4928e-09	0.0007577835	-8.138021e-09	-0.0011518148	0.19318545	-0.04189934	3.7634156	-1.3002818	0.53824985	-0.020485878	1.0	1.7552003	0.0065105585	570000	1362.0612256526947
19	2.8418517	3.2537751	8.714925	-1.289735	10.8	10.867076	34.0	0.0	1000.0	4731.0	0.007885	0.32869938	0.6868981	1.8702334	-1.5965005	0.781457	1.6010619	21.877773	-1.4013714	6.0082677e-09	-0.0008838555	-2.0345052e-09	-0.00040786742	0.18503314	-0.04901895	5.0303297	-1.6127903	0.517764	-0.019583017	1.0	1.7552907	0.0017077185	600000	1432.031772851944
20	2.8734193	2.9467144	10.125556	-1.3633472	9.2	10.706384	34.0	0.0	1000.0	5007.0	0.007947619047619047	0.31901923	0.66548514	2.0094466	-1.5851021	0.90991074	1.3892982	19.91955	-2.200855	1.3530432e-09	-0.00024603607	4.0690105e-09	-6.7220053e-06	0.1923651	-0.0466408	4.4118156	-1.3372097	0.49818096	-0.01888585	1.0	1.75564	0.00083346013	630000	1502.0647876262665
21	3.3352425	3.1277676	11.824721	-1.3826867	7.4	10.124558	33.0	0.0	1000.0	5229.0	0.007922727272727272	0.34788972	0.6459392	1.8319502	-1.5885408	0.94865614	1.5354323	20.683222	-1.9991478	1.1116469e-08	-0.00053048145	-8.138021e-09	-0.00024037273	0.17488427	-0.036901638	4.3394203	-2.117325	0.4792951	-0.018367916	1.0	1.7558386	0.0011820383	660000	1571.7246215343475
22	3.5734773	3.6110566	14.804058	-1.5071032	8.366667	11.691831	45.0	0.0	1000.0	5480.0	0.007942028985507246	0.40706924	0.68360794	1.9966109	-1.42323	0.8681198	1.3404683	19.076254	-0.7328589	-3.5359438e-09	-0.00020503164	2.0345052e-09	-4.929606e-05	0.19086829	-0.039300203	3.6487827	-1.2947447	0.4609272	-0.01778987	1.0	1.756219	0.0026613139	690000	1642.1427478790283
23	3.7820423	4.0743585	12.640111	-1.8331103	10.8	10.824047	31.0	0.0	1000.0	5804.0	0.008061111111111111	0.37747636	0.67365265	2.0133343	-1.5048702	0.7716365	1.3870701	19.887941	-0.714569	1.5701069e-09	0.00025787792	-4.0690105e-09	-0.000735673	0.2679138	-0.06779349	5.56455	-2.0471306	0.44313732	-0.01704982	1.0	1.7566161	0.0041511287	720000	1711.947702407837
24	3.0562751	3.0940132	10.692687	-2.2287736	9.433333	12.27649	45.0	0.0	1000.0	6087.0	0.008116	0.4098413	0.7363105	2.303473	-1.4756281	1.0515381	1.4082483	16.415628	-0.048220538	-2.4873188e-09	0.0009702683	-3.4586588e-08	-0.00045357057	0.18263845	-0.0519571	4.3508086	-1.5903819	0.4260875	-0.01645273	1.0	1.757124	0.008800496	750000	1782.2194757461548
25	2.746757	2.9871466	10.453715	-1.175574	10.733334	15.9623165	77.0	0.0	1000.0	6409.0	0.008216666666666667	0.2866727	0.65699226	1.8707622	-1.5088707	0.88402444	1.3759834	15.554966	0.046076827	3.4777905e-09	-0.00068409037	2.0345052e-09	-0.0002545451	0.15778816	-0.03907589	5.1028395	-1.8818972	0.40963477	-0.015783131	1.0	1.757669	0.0028418312	780000	1852.2920005321503
26	2.1753042	3.092248	10.008028	-1.763079	10.633333	14.577343	59.0	0.0	1000.0	6728.0	0.008306172839506173	0.3520428	0.68609565	2.156681	-1.4619842	1.0945224	1.7479633	22.117931	0.07107085	2.6542537e-09	-0.00047988346	-6.1035155e-09	-0.0011408366	0.19039403	-0.060947046	5.5336466	-2.5134432	0.39385164	-0.015165508	1.0	1.7581679	0.0028971287	810000	1922.7468276023865
27	2.6186507	3.251427	9.619869	-1.9657174	9.0	10.056507	28.0	0.0	1000.0	6998.0	0.008330952380952382	0.2518944	0.6924588	1.8507131	-1.4726862	0.9365125	1.3599068	22.064243	-0.0035816543	-1.2749048e-09	-0.00076004607	6.1035155e-09	8.8783774e-05	0.18992722	-0.066862665	4.1731586	-1.2448118	0.37868613	-0.014697343	1.0	1.7585661	0.0012572462	840000	1992.5928473472595
28	3.0540729	2.9654968	8.062819	-1.4655626	7.5666666	9.555742	31.0	0.0	1000.0	7225.0	0.008304597701149425	0.3730669	0.67915666	1.9660772	-1.4457244	0.8144338	1.1358322	16.817041	-0.60772574	1.0441095e-08	-0.0003427822	0.0	-0.0003100057	0.19107063	-0.048665628	4.067124	-1.7861395	0.3639888	-0.014329344	1.0	1.7589203	0.00055069686	870000	2062.6478679180145
29	4.352322	3.8331182	12.945578	-1.6193696	9.533334	12.2901945	54.0	0.0	1000.0	7511.0	0.008345555555555556	0.38278812	0.663917	2.0904434	-1.3571346	0.752756	1.3376441	21.241795	-0.07862363	-1.7340476e-09	-0.001102535	2.0345052e-09	-0.0013161987	0.22168903	-0.052900657	4.626945	-1.8821456	0.34965944	-0.013837367	1.0	1.759254	0.0037155251	900000	2132.4874472618103
30	3.0368056	3.78085	11.070475	-2.2555866	14.233334	14.575513	43.0	0.0	1000.0	7938.0	0.008535483870967742	0.42775264	0.7254625	2.2164125	-1.68166	1.1966405	2.3762345	23.966417	-0.5224609	-1.0456808e-09	-0.00038400525	-1.6276042e-08	-0.0007652303	0.20313843	-0.06780386	6.002144	-2.1680777	0.33582208	-0.013053089	1.0	1.7596774	0.001999614	930000	2203.2488017082214
31	4.0956583	4.6687274	16.356827	-1.1736658	9.266666	12.832078	41.0	0.0	1000.0	8216.0	0.008558333333333333	0.38608178	0.7120762	2.4037158	-1.4199228	1.2029898	1.710742	19.749506	-1.1243329	1.9857593e-09	-0.00046803307	8.138021e-09	0.0001419861	0.24149218	-0.06566776	4.856993	-2.2580018	0.322769	-0.012658715	1.0	1.7600595	0.0008517078	960000	2273.8447663784027
32	4.377847	3.9168708	12.042032	-1.6299032	7.5333333	9.98243	27.0	0.0	1000.0	8442.0	0.008527272727272727	0.45616573	0.7107424	2.7984576	-1.3837378	0.83738106	1.4402641	21.537577	-1.634949	-9.317559e-09	-0.0005447639	0.0	-0.0006200256	0.22679947	-0.05422017	3.6989052	-1.2138069	0.31011027	-0.012367636	1.0	1.7602158	0.0012877653	990000	2343.9594373703003
33	4.3922715	3.164731	12.796772	0.3381542	6.633333	10.068047	39.0	0.0	1000.0	8641.0	0.00847156862745098	0.48325068	0.69706327	2.8478103	-1.3667965	0.6671433	0.7704709	13.818281	-0.7352591	-2.8183684e-09	-0.00024902332	-2.0345052e-09	-0.0005219879	0.20869698	-0.060369894	3.1939073	-1.1951395	0.29774264	-0.01210773	1.0	1.7600391	0.00073285965	1020000	2413.871575832367
34	3.7588727	3.614004	10.299089	-1.7628087	10.1	13.758269	47.0	0.0	1000.0	8944.0	0.008518095238095238	0.4586171	0.7135227	2.792019	-1.5024436	0.81066674	1.4809085	16.83453	-0.68116736	-4.746593e-09	-0.00026851552	-1.4241537e-08	-1.1387126e-05	0.21847986	-0.07921745	4.1468396	-1.814048	0.2856349	-0.011634499	1.0	1.7598778	0.00052328047	1050000	2484.096832036972
35	4.939732	3.842779	14.50612	-1.1698269	6.3333335	8.79141	33.0	0.0	1000.0	9134.0	0.008457407407407407	0.5045658	0.709338	2.4180126	-1.3307045	0.8203335	1.2408245	18.525745	-1.6886561	-8.399911e-09	-0.00049597275	2.0345052e-08	-7.625325e-05	0.26479617	-0.105666816	3.0690267	-1.2773887	0.2740004	-0.011380464	1.0	1.7596655	0.0011305982	1080000	2554.500757217407
36	3.5146322	3.2383053	12.983296	-1.7757096	7.3	10.033776	36.0	0.0	1000.0	9353.0	0.008426126126126126	0.50670904	0.78877413	2.561954	-1.4214187	0.7207932	1.4199363	21.046242	-0.8742699	-3.5155967e-09	-0.0068664094	-9.155274e-09	-0.002070399	0.22050516	-0.08625205	3.446384	-1.6093975	0.26261994	-0.012264788	79.0	1.7593504	0.005153446	1110000	2633.071972131729
37	4.422126	2.85136	11.397282	-0.107014254	10.633333	11.487627	43.0	0.0	1000.0	9672.0	0.00848421052631579	0.39745	0.68134373	2.2111907	-1.3562925	0.78049386	1.5426352	16.418455	-1.8220437	1.1392304e-08	-0.007650814	8.138021e-09	-0.004142155	0.20243126	-0.06318283	4.7014694	-2.2232304	0.25035515	-0.01207003	79.0	1.7371244	0.0054664146	1140000	2711.507687330246
38	5.0557566	3.1822572	15.266619	0.06760158	7.633333	10.24527	36.0	0.0	1000.0	9901.0	0.008462393162393162	0.44900435	0.70155346	2.4741936	-1.3366923	0.8979409	1.4290043	18.028496	-1.0006711	6.3762577e-09	-0.0070643895	-1.0172526e-09	-0.004417091	0.17572138	-0.04920055	3.526661	-1.497339	0.23828512	-0.011208162	79.0	1.7095869	0.005462127	1170000	2790.1572749614716
39	4.2496533	3.303207	11.847785	-0.50860745	7.3	10.109896	39.0	0.0	1000.0	10120.0	0.008433333333333333	0.5095883	0.68641883	2.5634186	-1.2938775	0.7490796	1.2866873	15.366942	-0.9568431	-4.5043014e-09	-0.006980536	8.138021e-09	-0.004791589	0.19372912	-0.06944429	2.851253	-1.2612754	0.22707696	-0.01062873	79.0	1.7004116	0.0055559557	1200000	2868.785681247711
40	4.3518615	3.2654188	12.92577	-0.23826365	7.7	14.287873	70.0	0.0	1000.0	10351.0	0.008415447154471544	0.4657012	0.6728601	2.1783066	-1.3035281	0.7379053	1.3162099	20.625717	-1.31467	-2.121418e-09	-0.007343162	1.6276042e-08	-0.0029458497	0.21429801	-0.070761815	4.1324687	-2.1385114	0.21644823	-0.010532156	79.0	1.6979885	0.0058761816	1230000	2947.2369751930237
41	4.0296965	3.6805804	13.296693	-0.57514566	11.6	11.847925	43.0	0.0	1000.0	10699.0	0.008491269841269841	0.42677134	0.7092286	2.7523572	-1.3526697	1.0209056	1.8736067	23.448286	-3.6498616	-7.0958155e-09	0.0024206538	-2.0345052e-09	-0.00040523478	0.1951373	-0.06342694	5.2845573	-2.5742924	0.20591608	-0.009014696	6.0	1.6545708	0.011557652	1260000	3018.3356823921204
42	4.2138925	2.7546082	9.886411	-0.07442321	10.1	13.103053	43.0	0.0	1000.0	11002.0	0.008528682170542635	0.46673352	0.7024835	2.4233022	-1.3500955	0.9469366	1.585751	21.471405	-1.9746137	-7.133936e-09	0.003858673	-2.0345052e-09	-0.00046265667	0.19230884	-0.07854745	3.7044406	-1.5283909	0.19690138	-0.008498579	1.0	1.6540583	0.012050256	1290000	3089.0054013729095
43	5.0875688	3.514814	9.954204	-1.2954304	8.933333	15.800702	55.0	0.0	1000.0	11270.0	0.008537878787878789	0.50242895	0.70381767	2.2612734	-1.5332106	0.93844944	1.4438834	15.003918	-2.789362	1.1363413e-08	0.0073599224	2.8483074e-08	-0.001871696	0.23789209	-0.068859845	5.146495	-2.5722997	0.1884028	-0.008143261	1.0	1.6538663	0.01820997	1320000	3159.5125410556793
44	5.4812074	4.391063	14.165603	-0.9111523	11.333333	13.74126	62.0	0.0	1000.0	11610.0	0.0086	0.5286025	0.6735454	2.4430728	-1.1977645	0.997823	1.9278609	21.884205	-1.1481141	-5.6226472e-09	-0.00092828	-1.4241537e-08	-0.0016192261	0.22715884	-0.07054728	4.925027	-2.2019935	0.18025954	-0.007701099	1.0	1.6538033	0.0030779613	1350000	3229.8569598197937
45	4.511016	3.137387	12.824897	-1.2577256	10.066667	12.899441	49.0	0.0	1000.0	11912.0	0.008631884057971015	0.55807877	0.77831465	3.3131132	-1.5006645	1.1616241	1.7967155	21.288317	-2.3642387	-5.535372e-09	-0.00019062866	-8.138021e-09	0.00013443604	0.20439106	-0.07138075	4.4151416	-2.0011969	0.17255844	-0.007346064	1.0	1.6540728	0.0026907853	1380000	3300.3240973949432
46	5.152605	3.377554	11.791461	-1.3487288	8.866667	10.216762	28.0	0.0	1000.0	12178.0	0.008636879432624114	0.52460974	0.69475454	2.3445332	-1.3039614	1.0262588	1.6149768	20.746443	-2.867515	-4.949647e-09	0.0012089468	2.0345052e-09	-1.859029e-05	0.24240595	-0.0882204	3.5361307	-1.5726601	0.16521238	-0.0070635825	1.0	1.6546929	0.008469951	1410000	3370.2216596603394
47	7.473861	4.308202	16.49528	0.8143624	5.7	7.5283904	22.0	0.0	1000.0	12349.0	0.008575694444444445	0.6405109	0.66408414	2.8517385	-1.2785497	0.7429017	1.1865618	15.966953	-1.4962372	-9.845579e-09	0.004188412	5.086263e-09	0.0006177521	0.29332447	-0.11173722	2.4899375	-1.092305	0.1581488	-0.006905496	1.0	1.6557034	0.013176728	1440000	3440.5969049930573
48	6.016037	3.411963	12.486177	0.9877741	11.066667	15.524033	54.0	0.0	1000.0	12681.0	0.008626530612244897	0.7746023	0.76748216	3.2465067	-1.3175864	0.69535154	1.3391887	17.34252	-2.7118292	-5.0453783e-09	0.004756121	-8.138021e-09	-0.0012347656	0.21803077	-0.08561915	7.3535275	-3.8917892	0.1512433	-0.0065543354	1.0	1.6565082	0.011598011	1470000	3510.725086927414
49	5.6975555	3.5025475	17.294592	0.038276143	5.9333334	10.006442	39.0	0.0	1000.0	12859.0	0.008572666666666666	0.58238673	0.71820605	2.9303713	-1.2219694	0.89639246	1.4120126	18.782871	-1.6045599	-1.3324377e-08	0.0007398773	3.5603842e-09	0.00034092664	0.22293395	-0.066997066	2.9773924	-1.6730282	0.14468896	-0.006382033	1.0	1.6570103	0.005943049	1500000	3580.7309064865112
50	4.4480352	3.015617	9.548286	-1.7025291	8.366667	11.70038	41.0	0.0	1000.0	13110.0	0.008568627450980392	0.54641116	0.70296484	2.583536	-1.2239326	0.5174082	1.0133487	20.314524	-1.4917748	9.240665e-09	-0.000126047	-1.2207031e-08	0.0005147746	0.20222816	-0.07419805	4.427917	-2.3304775	0.13830693	-0.00612469	1.0	1.657597	0.00522241	1530000	3651.1644139289856
51	5.3201323	3.348355	13.785389	-1.9078928	10.8	11.768319	37.0	0.0	1000.0	13434.0	0.008611538461538462	0.5173078	0.6837408	2.2905846	-1.5411999	0.9130895	1.5562774	18.940521	-1.675347	4.440295e-10	0.0009166673	3.4586588e-08	0.00013312581	0.20206825	-0.07933865	5.052378	-2.614972	0.13218224	-0.005809054	1.0	1.6583307	0.005258209	1560000	3721.667300462723
52	5.0393686	3.1992908	13.3330145	-0.29770437	16.6	13.593137	51.0	0.0	1000.0	13932.0	0.008762264150943395	0.5784367	0.7308032	2.4538763	-1.3323132	1.0272516	1.6631105	18.94704	-2.6727438	2.7490519e-09	-0.000651495	3.2552084e-08	0.0001426473	0.19472906	-0.08128736	8.549788	-4.537531	0.12637319	-0.005339913	1.0	1.6590846	0.0006935706	1590000	3791.802735567093
53	4.8533244	3.6499147	12.269951	-0.9601531	10.333333	14.374361	53.0	0.0	1000.0	14242.0	0.008791358024691357	0.46878183	0.64807355	2.3447237	-1.2753849	1.3839914	1.6176895	18.582876	-2.3115115	1.9086098e-10	-0.00046591106	1.0172526e-08	-0.0016437968	0.1993711	-0.07812346	5.7122297	-2.6878653	0.12103327	-0.005115561	1.0	1.6598446	0.0041117053	1620000	3862.251900911331
54	4.7258277	3.4916086	13.609041	-1.5633968	9.4	14.469737	51.0	0.0	1000.0	14524.0	0.008802424242424242	0.52096885	0.67217964	2.5890415	-1.2734476	1.0969919	1.833635	23.443375	-1.666003	5.178914e-09	-0.00056952354	-2.7974447e-09	0.00025816573	0.18626371	-0.0775031	5.4400854	-3.097754	0.11591771	-0.0049298555	1.0	1.6606975	0.0039960053	1650000	3932.370084285736
55	4.6661115	3.0621054	9.388816	-0.49730295	10.8	12.381169	39.0	0.0	1000.0	14848.0	0.008838095238095239	0.4482918	0.63917285	2.7557251	-1.2299674	0.9909633	1.5497684	20.016844	-1.9759403	1.3231394e-09	-0.0006093193	-5.086263e-09	-9.106242e-05	0.19680727	-0.074588895	4.7769647	-2.5446382	0.11098786	-0.0047106147	1.0	1.6616132	0.00058683957	1680000	4003.2164421081543
56	4.425163	3.4199426	11.3693285	-1.1096872	10.6	12.65596	47.0	0.0	1000.0	15166.0	0.008869005847953216	0.47476614	0.67020017	2.6797369	-1.3429179	1.136421	1.8237659	20.138859	-2.9602196	-4.3621853e-09	-0.0007258152	-7.1207684e-09	0.00025788677	0.15842481	-0.06652645	5.6619043	-3.0297854	0.10627724	-0.004510209	1.0	1.6623144	0.0013858277	1710000	4073.490026950836
57	5.2152205	3.761673	12.639245	-0.09240968	9.9	9.417537	33.0	0.0	1000.0	15463.0	0.008886781609195402	0.48575673	0.6584708	2.4822347	-1.3825351	0.8893921	1.4111674	22.157423	-1.9451331	-5.069948e-09	-0.000710035	5.086263e-09	-0.0011952261	0.20426494	-0.082928926	5.308921	-2.4990437	0.10176703	-0.004336506	1.0	1.6626816	0.006366334	1740000	4143.722329616547
58	5.458624	3.657731	14.228049	-1.4284853	6.2	7.431464	25.0	0.0	1000.0	15649.0	0.008841242937853107	0.6061171	0.6306748	3.337101	-1.0367154	0.9928474	1.3341553	20.46868	-1.5904263	1.0647906e-08	-0.00016746359	5.086263e-09	-0.00040317688	0.23864312	-0.10078414	3.7604945	-2.329324	0.09743053	-0.0042540655	1.0	1.66316	0.0012597427	1770000	4213.650279760361
59	4.5994534	3.1467183	11.40966	-1.5068741	14.133333	15.396392	76.0	0.0	1000.0	16073.0	0.008929444444444445	0.5195439	0.7333487	2.8332155	-1.4610088	0.83394337	1.6238352	18.738655	-1.5254755	-1.387282e-09	-0.00045574282	-1.6276042e-08	7.218831e-05	0.22595122	-0.09781411	7.6102085	-4.550051	0.09317646	-0.0039807335	1.0	1.663552	0.0012186444	1800000	4283.6464586257935
60	5.5507364	3.5276918	11.424052	-1.3341484	9.266666	11.890986	48.0	0.0	1000.0	16351.0	0.008934972677595628	0.56689394	0.6851336	2.6994705	-1.1093116	1.1760484	1.679743	22.262863	-1.5871542	-8.471238e-09	-0.00037503196	-1.2207031e-08	-0.00010021769	0.20286585	-0.088223465	5.6440935	-2.9350617	0.08919573	-0.0038420856	1.0	1.6636044	0.00028055834	1830000	4353.481691837311
61	4.7328696	3.7480633	12.15665	-1.7782056	13.9	19.703382	96.0	0.0	1000.0	16768.0	0.00901505376344086	0.55494225	0.721634	2.802135	-1.6041839	1.1695832	2.0646353	29.292097	-2.7243457	1.6539229e-08	-0.0006164725	-1.0172526e-08	-0.00014012247	0.23613834	-0.08936201	8.127276	-4.574788	0.08535364	-0.0036066324	1.0	1.663578	0.00084818486	1860000	4423.4242079257965
62	6.368857	3.6434839	12.644849	-1.062995	13.6	12.3358555	41.0	0.0	1000.0	17176.0	0.009087830687830688	0.59167475	0.7076949	2.7813756	-1.3914446	1.4764601	2.2021146	26.169888	-1.6918929	-1.3319058e-08	-0.0005698751	-2.0345052e-09	0.000498644	0.24344647	-0.10814169	6.6877375	-3.5512104	0.08174701	-0.0034014136	1.0	1.6635897	0.0014809609	1890000	4493.101757526398
63	4.9123425	3.2402446	13.71505	0.3073685	11.766666	13.012004	38.0	0.0	1000.0	17529.0	0.0091296875	0.6701807	0.71741706	3.1654594	-1.2206633	1.4218578	1.7593465	25.594011	-1.2283227	3.773383e-09	-0.0012203652	0.0	-0.00023452149	0.22874795	-0.10801307	4.8671165	-2.479348	0.0783456	-0.0032518804	1.0	1.6637254	0.002483639	1920000	4562.603844165802
64	3.9821696	3.3721337	12.956909	-1.3924376	9.066667	11.564119	43.0	0.0	1000.0	17801.0	0.00912871794871795	0.49731275	0.6714359	2.4971159	-1.2539393	1.1584857	1.7320458	23.359762	-1.2407565	-1.2529155e-09	-0.00047901392	9.155274e-09	-0.00044512635	0.17217791	-0.07612665	4.6520066	-2.4590309	0.07509372	-0.0031620935	1.0	1.6639836	0.0011881246	1950000	4634.57853102684
65	5.0745263	3.201857	12.1646	-1.2083356	13.766666	14.277449	53.0	0.0	1000.0	18214.0	0.0091989898989899	0.47732067	0.63642293	2.109798	-1.4126656	0.92135483	1.5350294	25.322422	-1.0964458	9.216853e-09	-0.0010281001	-4.0690105e-09	0.00031267293	0.2111496	-0.09230849	6.079829	-2.8475308	0.07193162	-0.0029817298	1.0	1.6641488	0.0018522135	1980000	4705.501108169556
66	7.033568	3.4631984	15.625208	0.029754855	12.966666	12.918935	53.0	0.0	1000.0	18603.0	0.009255223880597015	0.6215926	0.60108036	2.3085122	-1.166737	1.3019991	1.649346	24.158955	-1.7214224	-1.109114e-08	-0.0008257187	-2.4414062e-08	-0.0012399373	0.21264204	-0.09480635	6.2607164	-2.7757072	0.06894989	-0.0028324127	1.0	1.6643248	0.0028423516	2010000	4775.689227581024
67	5.9864216	4.3440437	15.640257	-2.2783787	10.1	13.619471	48.0	0.0	1000.0	18906.0	0.00926764705882353	0.6683652	0.6806384	3.1200566	-1.0594442	1.2081331	1.6856525	21.181767	-2.4127126	-1.908331e-09	-0.0005242565	0.0	1.5606689e-05	0.19698422	-0.073472396	5.8399434	-2.8977659	0.06611748	-0.0027437732	1.0	1.6644776	0.0005403264	2040000	4845.900325298309
68	6.871342	3.3415344	15.313123	0.33328962	11.8	14.18779	50.0	0.0	1000.0	19260.0	0.009304347826086957	0.6781047	0.7368528	2.6565893	-1.3206599	0.9517673	1.5569856	22.82949	-1.6803131	-1.6006796e-08	-0.007650724	2.0345052e-08	-0.00046866454	0.20686802	-0.08256607	5.8751698	-2.8291504	0.06337371	-0.0028149486	79.0	1.6645029	0.0049677147	2070000	4924.052209377289
69	5.135099	4.3813305	15.657331	-2.0418012	10.166667	11.650702	46.0	0.0	1000.0	19565.0	0.009316666666666666	0.6211999	0.6973289	2.6943834	-1.0958788	1.2064323	1.9624716	27.117746	-1.4971029	2.8626042e-09	-0.007845607	8.138021e-09	-0.0032320984	0.17481424	-0.077418715	4.9211884	-2.513388	0.06055876	-0.0027376004	79.0	1.6487615	0.0049536275	2100000	5002.543022632599
70	6.5594535	3.0375583	14.751777	-0.5471376	11.533334	13.497489	58.0	0.0	1000.0	19911.0	0.009347887323943663	0.6604497	0.68693864	2.9037094	-1.0483147	1.0672209	2.0003576	29.38885	-2.1982615	-1.3093468e-08	-0.008240593	-2.0345052e-09	-0.0004028768	0.21124814	-0.101837195	5.540852	-2.6451428	0.05782116	-0.0027348548	79.0	1.6444597	0.005924572	2130000	5080.297835826874
71	6.4056783	3.5546257	15.262571	0.7573762	12.033334	14.192682	40.0	0.0	1000.0	20272.0	0.009385185185185186	0.6118122	0.6792681	2.719962	-1.2581059	1.18248	1.8595536	20.671337	-1.9769504	-4.4732743e-10	-0.0011316069	1.2207031e-08	0.00063057046	0.20003085	-0.08843916	6.1121783	-3.2289398	0.055086304	-0.0023265705	6.0	1.6182966	0.0036499857	2160000	5151.427603960037
72	5.9445424	3.6618946	13.368834	-1.1871643	13.3	15.397295	49.0	0.0	1000.0	20671.0	0.009438812785388127	0.60788435	0.70489144	2.7047575	-1.1011257	1.122934	2.0461233	24.955294	-1.849225	5.3897917e-09	-0.0005831642	-8.138021e-09	-0.00035406288	0.20908855	-0.09643396	5.8971343	-3.065883	0.052759733	-0.0021846592	1.0	1.6175163	0.0018588821	2190000	5221.357011318207
73	6.8789535	3.9389179	13.63777	-0.21541372	13.266666	16.564888	62.0	0.0	1000.0	21069.0	0.00949054054054054	0.73078835	0.70953757	2.8791883	-1.0917897	1.3665906	2.0814111	23.898947	-1.9875001	-4.6566617e-09	0.00040929002	-1.6276042e-08	0.00012184245	0.21224363	-0.094774134	8.358471	-5.0662413	0.050575074	-0.0020722337	1.0	1.6171277	0.0062242667	2220000	5291.662608623505
74	7.154497	4.1960096	18.558504	-1.2167057	11.333333	12.689453	46.0	0.0	1000.0	21409.0	0.009515111111111111	0.72184056	0.69499356	2.3732502	-1.3038527	1.3504523	2.0766475	28.233444	-1.6399457	-3.5984382e-09	0.0014451166	6.1035155e-09	-0.00089246215	0.28684765	-0.14541379	6.8834753	-3.5426435	0.04850284	-0.0019935817	1.0	1.616566	0.0062714205	2250000	5361.866812944412
75	5.5310187	2.9434896	13.055469	-1.4867091	9.7	12.749248	47.0	0.0	1000.0	21700.0	0.009517543859649123	0.6410919	0.7100883	2.7507951	-1.4597232	1.1708091	2.029459	32.469498	-1.5507436	7.036039e-09	0.00065070816	-1.1189779e-08	0.00022500713	0.1680873	-0.08032986	5.249801	-3.2041876	0.04650926	-0.0019375905	1.0	1.6163876	0.004260193	2280000	5431.48207116127
76	6.8110957	3.6612017	12.912165	0.7069956	9.8	11.6544695	50.0	0.0	1000.0	21994.0	0.009521212121212121	0.6506587	0.6803031	2.6151798	-1.1630723	0.98678565	1.5339055	17.920263	-1.3575592	1.168616e-08	-0.0009497174	0.0	-0.0003983846	0.21926382	-0.097357035	4.796395	-2.3703775	0.044571668	-0.0018787533	1.0	1.616424	0.0014311754	2310000	5502.028717279434
77	4.9202785	3.9078395	11.610425	-2.1573374	11.733334	12.569628	49.0	0.0	1000.0	22346.0	0.00954957264957265	0.62595177	0.70523447	2.7093747	-1.260863	1.0733358	1.6341355	26.028639	-1.2699215	3.9024055e-09	-0.00061459054	0.0	-0.00011356201	0.17622858	-0.07830254	4.9902477	-2.1409514	0.042692915	-0.0017961152	1.0	1.6166811	0.0005695911	2340000	5573.182397603989
78	6.69006	3.7621765	13.670097	-1.795724	11.033334	10.759439	38.0	0.0	1000.0	22677.0	0.009568354430379747	0.63784117	0.67792493	2.5139616	-1.2077326	1.1740519	1.6301064	21.806835	-1.7814312	-1.6513923e-08	-0.00036920345	2.5431315e-09	-0.00035397796	0.20187242	-0.09255531	4.612897	-2.3267403	0.0408968	-0.0017262138	1.0	1.6171429	0.00074322964	2370000	5645.003869056702
79	6.4054976	4.158331	13.594849	-1.2575004	16.5	15.732662	53.0	0.0	1000.0	23172.0	0.009655	0.66657746	0.71855706	2.9003737	-1.3680707	1.2108753	1.8274826	22.651344	-2.1761565	9.482327e-09	-0.0006698215	-8.138021e-09	-0.00015402221	0.225722	-0.111271836	8.053377	-4.368787	0.039170586	-0.0015989915	1.0	1.6174262	0.0007762401	2400000	5716.060353279114
80	6.06217	2.9640496	11.970213	0.47665247	11.5	13.132022	45.0	0.0	1000.0	23517.0	0.009677777777777778	0.6574456	0.743455	3.0294738	-1.395347	1.6215392	2.452982	29.139023	-2.295458	-6.619217e-09	-0.0009387546	-2.0345052e-08	-0.00018679809	0.1751958	-0.0902401	5.8561	-3.6470063	0.037571594	-0.0015400313	1.0	1.617809	0.001174115	2430000	5786.993931293488
81	6.6149683	3.7547197	14.75528	-0.8517667	10.7	10.718053	36.0	0.0	1000.0	23838.0	0.009690243902439024	0.64625335	0.6772461	2.8612132	-0.95998406	1.0421052	1.5522668	21.170525	-3.592209	7.014633e-09	-0.0006229216	4.0690105e-09	0.00019027709	0.21363802	-0.10792995	4.3707457	-1.892019	0.036031563	-0.0014906973	1.0	1.6185706	0.0007719508	2460000	5857.7563989162445
82	6.4922266	3.9128058	15.539849	-1.0474334	11.666667	11.745448	36.0	0.0	1000.0	24188.0	0.009714056224899598	0.7092549	0.7295312	2.7900457	-1.2809407	0.993991	1.6943296	23.063314	-1.5436404	6.443152e-09	-0.0007080654	1.6276042e-08	-0.0002865397	0.24818078	-0.13099839	4.465316	-2.0368476	0.034540866	-0.0014322586	1.0	1.6189265	0.0006325004	2490000	5929.3884863853455
83	6.118949	3.254804	12.466859	-0.69344246	11.1	11.341223	41.0	0.0	1000.0	24521.0	0.009730555555555555	0.6562181	0.68725723	2.640827	-1.2744796	1.0609304	1.5343058	17.253565	-1.4928805	1.2337433e-08	-0.0006848822	1.6276042e-08	0.0003442566	0.1926562	-0.09346722	5.4063134	-2.5485547	0.033108607	-0.0013809577	1.0	1.6192	0.0007371528	2520000	6000.842089176178
84	7.492424	3.740914	14.8974695	-0.3667089	11.166667	9.9969425	35.0	0.0	1000.0	24856.0	0.009747450980392158	0.7079339	0.71405476	3.0657687	-1.2419013	1.1940947	1.8355958	21.577469	-3.659744	3.0204752e-09	-0.00027633354	2.0345052e-09	-0.0002458781	0.23473656	-0.12447387	4.9315257	-2.726088	0.03172765	-0.001330249	1.0	1.6195588	0.0003620687	2550000	6072.93017745018
85	7.7901917	3.9184115	13.717863	-1.8686601	12.266666	16.299149	73.0	0.0	1000.0	25224.0	0.009776744186046512	0.79319286	0.69932103	2.5492318	-1.1595763	1.1500642	1.7692084	19.927961	-1.7518668	5.056253e-09	-0.0008534176	4.0690105e-09	-0.00042644044	0.21700367	-0.10828228	5.548099	-3.1588502	0.0303974	-0.0012711138	1.0	1.620032	0.0012179662	2580000	6144.37081694603
86	7.248032	3.7576284	13.744773	-0.7691011	12.333333	14.478337	47.0	0.0	1000.0	25594.0	0.009806130268199233	0.76445526	0.7279265	3.2606814	-1.1152893	1.1773448	1.7383318	21.376965	-1.6727139	-7.533425e-09	-0.00081676047	1.3224284e-08	0.00035657146	0.23847426	-0.119588934	7.1948915	-4.2636433	0.029126287	-0.0012149978	1.0	1.620683	0.0012100807	2610000	6216.837555646896
87	7.7700067	5.4868093	19.204613	-1.7496663	15.866667	21.731287	113.0	0.0	1000.0	26070.0	0.009875	0.7510397	0.75324667	2.8901267	-1.2880263	1.3606727	2.1400323	26.24508	-4.190599	9.758198e-09	-0.0007126911	-5.086263e-09	-0.00032938027	0.28392082	-0.14957455	9.275178	-5.5089498	0.027911289	-0.0011334904	1.0	1.6212558	0.001864647	2640000	6288.809698581696
88	6.7384057	3.0826097	12.23122	1.4851025	17.3	17.752277	79.0	0.0	1000.0	26589.0	0.009958426966292134	0.7920107	0.7824721	3.090091	-1.278122	1.4124426	2.0573726	26.351522	-2.4289865	-8.297198e-09	-0.0009447513	-1.4241537e-08	-0.0008361918	0.22804873	-0.12180783	10.221583	-5.992765	0.026777798	-0.0010498445	1.0	1.6219854	0.0017084053	2670000	6359.288008451462
89	7.567294	3.2285244	13.065812	1.0075716	14.633333	22.011337	99.0	0.0	1000.0	27028.0	0.01001037037037037	0.7368988	0.6535146	3.1015038	-1.0051113	1.6130829	2.4871674	29.938332	-4.7961216	-1.5091258e-08	-0.007251347	1.1189779e-08	0.00064602355	0.22161478	-0.11071603	9.171506	-5.3811274	0.025727954	-0.0010430403	79.0	1.6228809	0.0048501687	2700000	6438.781342744827
90	6.319814	3.5670898	13.517742	-1.2969986	10.5	14.023195	49.0	0.0	1000.0	27343.0	0.010015750915750916	0.7104677	0.6754086	2.3594859	-1.1162456	1.6012284	2.3815799	23.47648	-3.081604	1.5933997e-09	-0.00846044	-1.6276042e-08	-0.0018651001	0.17638195	-0.08104124	7.334449	-4.6542373	0.024684913	-0.0010378417	79.0	1.6116529	0.0054985126	2730000	6517.894839286804
91	5.8846455	3.1191874	11.806896	0.12919264	18.833334	18.475359	59.0	0.0	1000.0	27908.0	0.01011159420289855	0.62138224	0.6703526	2.4232998	-0.9680403	1.1663487	2.0007029	25.379644	-3.7488186	-1.6135045e-08	-0.008134103	-1.0172526e-08	-0.0024490254	0.14875115	-0.07663582	13.944631	-7.6591153	0.023647072	-0.00094265863	79.0	1.5976906	0.0047149626	2760000	6598.263590335846
92	7.480717	3.8181796	15.085351	-0.9598516	15.166667	21.602598	99.0	0.0	1000.0	28363.0	0.01016594982078853	0.67788017	0.6577376	2.776977	-1.2003466	2.0654979	2.8077989	36.886925	-2.3988345	1.5376709e-09	-0.008379005	-2.0345052e-08	-0.00094600825	0.21948792	-0.10740381	8.020483	-4.3008466	0.022704413	-0.00091182254	79.0	1.5822577	0.0059617464	2790000	6679.048471212387
93	8.46396	4.0075126	16.197947	0.17881975	15.4	12.009996	37.0	0.0	1000.0	28825.0	0.01022163120567376	0.8589025	0.74160343	3.0560253	-1.0629565	1.3185819	2.01319	30.574339	-2.5226016	1.1124691e-08	-0.0018732176	8.138021e-09	-0.0004604472	0.23472711	-0.118027814	6.6495676	-3.5185864	0.02179259	-0.00080758706	5.0	1.5579133	0.0044394243	2820000	6750.47408747673
94	6.715291	4.4640665	17.784565	-1.3182784	16.4	19.671637	76.0	0.0	1000.0	29317.0	0.010286666666666666	0.82349634	0.7450111	3.1674135	-1.0479203	1.5920955	2.125297	25.493217	-1.885381	-3.3453262e-10	-9.028198e-05	-1.6276042e-08	0.00022593384	0.2709287	-0.1521191	8.042657	-3.8935595	0.020985004	-0.0007594079	6.0	1.5568767	0.004603067	2850000	6822.330420017242
95	5.24093	3.705654	12.857416	-1.3898087	16.566668	17.413948	69.0	0.0	1000.0	29814.0	0.010352083333333333	0.63929164	0.6950768	3.862035	-1.4062521	1.8110003	2.3563423	27.724623	-2.441163	-8.8124406e-09	-0.009160167	8.138021e-09	-0.0012322713	0.25013608	-0.14641929	9.25669	-4.5959287	0.020225596	-0.0007629078	79.0	1.5552852	0.0053144237	2880000	6902.072508096695
96	8.0893755	4.0523877	18.717915	0.07109276	19.1	26.35571	104.0	0.0	1000.0	30387.0	0.010442268041237114	0.7360604	0.7411668	4.0569334	-1.5215745	1.5688916	2.0301576	23.874462	-1.5519745	-3.7194414e-09	-0.008859101	1.4241537e-08	-0.0015644266	0.25250784	-0.16021776	17.16189	-10.366262	0.019462688	-0.00070908666	79.0	1.5478823	0.0056017064	2910000	6983.222441196442
