Epoch	AverageEpRet	StdEpRet	MaxEpRet	MinEpRet	AverageEpCost	StdEpCost	MaxEpCost	MinEpCost	EpLen	CumulativeCost	CostRate	AverageVVals	StdVVals	MaxVVals	MinVVals	AverageCostVVals	StdCostVVals	MaxCostVVals	MinCostVVals	LossPi	DeltaLossPi	SurrCost	DeltaSurrCost	LossV	DeltaLossV	LossVC	DeltaLossVC	Penalty	DeltaPenalty	StopIter	Entropy	KL	TotalEnvInteracts	Time
0	-0.20246816	0.6952319	0.94432014	-1.630864	73.0	65.60233	203.0	0.0	1000.0	2169.0	0.0723	0.7611189	0.5401908	2.0892546	-1.0463864	-0.32011127	0.11883854	0.23552173	-0.8916313	-2.142042e-08	0.03165639	-2.9802322e-08	-0.0037758201	0.9657225	-0.89360225	128.70076	-71.468956	0	0	1.0	1.837877	0.03203298	30000	25.39339303970337
1	-0.00045181313	0.65016085	1.3153917	-1.0774696	77.458336	69.33973	192.0	0.0	1000.0	4123.0	0.06871666666666666	0.038278703	0.317093	0.8303479	-0.87799823	6.2591553	3.6450531	16.193434	-2.7849913	1.8626451e-09	0.04587084	-7.450581e-09	0.007482661	0.042372927	-0.010905378	71.11187	-26.075718	0	0	1.0	1.8377125	0.061766572	60000	49.94390845298767
2	-0.027256655	0.6709397	1.3710542	-1.7111144	57.125	67.82595	259.0	0.0	1000.0	5802.0	0.06446666666666667	0.0040967735	0.31114814	0.6085566	-0.8379698	4.6642733	6.376856	24.819103	-7.584995	-1.4901161e-08	0.0051500765	-3.7252903e-08	0.0020466498	0.036899198	-0.0064182812	41.87901	-8.699458	0	0	1.0	1.8384194	0.011641767	90000	74.62821412086487
3	-0.06868097	0.813617	1.0380337	-2.0114372	75.666664	66.30464	209.0	0.0	1000.0	8141.0	0.06784166666666666	0.0016164009	0.26377928	0.5003484	-0.7556284	10.088215	7.9012527	30.847202	-2.2897887	3.7252903e-09	-0.00024759793	6.7055225e-08	-0.0015440858	0.026953846	-0.007839529	56.68896	-16.257397	0	0	1.0	1.8389041	0.00280996	120000	99.78549075126648
4	-0.06604654	0.73886514	1.3908204	-1.5589745	96.875	87.58344	328.0	0.0	1000.0	10692.0	0.07128	0.013480214	0.2923037	0.5151221	-0.85047436	7.794851	7.4558434	35.5721	-4.303091	4.656613e-09	0.0004788458	-3.7252903e-08	-0.0027052904	0.022862285	-0.004729439	57.90162	-16.977669	0	0	1.0	1.8391924	0.0039577396	150000	124.85338068008423
5	-0.058618296	0.70429945	0.9963436	-1.6376765	50.208332	54.8794	174.0	0.0	1000.0	12228.0	0.06793333333333333	0.021422079	0.28456017	0.4917326	-0.73533386	7.074056	8.302713	39.747196	-2.8521857	-1.3038516e-08	-0.008236864	1.4901161e-08	0.0028775195	0.025795015	-0.0018021497	41.397842	-12.802972	0	0	79.0	1.8394058	0.005625422	180000	157.04261684417725
6	0.20629351	0.95656854	2.6466105	-1.1981237	70.5	58.804054	211.0	0.0	1000.0	14219.0	0.0677095238095238	0.006274489	0.3004646	0.52923185	-0.7883538	6.7302494	7.3692107	39.574345	-4.0955076	7.450581e-09	-0.009394931	-7.450581e-09	0.0025070822	0.04255166	-0.0066645574	36.81993	-9.902643	0	0	79.0	1.8303686	0.0054702573	210000	189.2311305999756
7	0.017291402	0.92522573	1.7025356	-1.8134935	66.125	61.26399	218.0	0.0	1000.0	16485.0	0.0686875	0.014509064	0.2890887	0.56267995	-0.71700734	6.8892894	8.2728	39.050686	-1.9234416	-9.313226e-09	-0.0012095291	-5.9604645e-08	-0.0013726011	0.051194735	-0.019751456	45.240234	-9.259329	0	0	12.0	1.8159604	0.0070994757	240000	215.28240513801575
8	-0.30774117	0.9026312	1.7468568	-2.330276	50.125	55.0222	209.0	0.0	1000.0	18171.0	0.0673	0.010254897	0.29740354	0.7515674	-0.7161774	7.1217856	7.851978	38.453648	-2.3371036	-1.4901161e-08	0.0023740241	5.2154064e-08	-0.0036306018	0.04160389	-0.0065319487	38.514313	-13.709625	0	0	1.0	1.8100786	0.008338349	270000	240.13419914245605
9	-0.30927408	1.0965862	1.1042163	-2.5954328	59.833332	65.2908	233.0	0.0	1000.0	19965.0	0.06655	0.021183195	0.29256254	0.62570703	-0.742617	6.6352773	8.088397	38.096912	-0.99297273	-6.519258e-09	-0.0013077317	0.0	-0.0009479325	0.057130095	-0.011885983	29.963348	-8.38968	0	0	1.0	1.8089268	0.0014410815	300000	264.84391021728516
10	-0.010214676	1.0107021	2.010306	-1.5626158	53.458332	49.07221	138.0	0.0	1000.0	21897.0	0.06635454545454546	-0.044738885	0.27498055	0.5869116	-0.82716745	5.8443627	6.7499433	35.468998	-1.9953071	7.450581e-09	-0.001262482	4.0978193e-08	0.003952284	0.03818597	-0.013507435	41.961098	-15.114761	0	0	1.0	1.8081126	0.0026613479	330000	289.6170778274536
11	0.7478021	1.547178	5.200239	-1.38962	53.083332	56.405464	189.0	0.0	1000.0	23505.0	0.06529166666666666	0.054896947	0.32854417	0.9175018	-0.69945586	6.260786	7.5869527	38.23888	-6.309751	2.3283064e-09	-0.00039908697	7.450581e-09	0.0006675812	0.11752793	-0.051875122	33.54418	-12.348303	0	0	1.0	1.8076862	0.0033248218	360000	314.14447593688965
12	0.628816	1.0853916	3.650551	-0.8458173	61.25	54.449707	171.0	0.0	1000.0	25183.0	0.06457179487179487	0.10080238	0.30626288	1.0998095	-0.825332	5.89957	6.1371326	37.27246	-1.9449637	-7.450581e-09	-0.000478646	7.450581e-09	-0.0007071174	0.06695338	-0.025512597	27.7882	-9.662203	0	0	1.0	1.8075447	0.0003298989	390000	338.9447340965271
13	0.016168177	1.1209037	2.0762613	-2.3622391	68.208336	55.566013	187.0	0.0	1000.0	27112.0	0.06455238095238096	0.052968055	0.29077283	0.77917385	-0.8708969	6.196522	7.3972554	35.795223	-2.7592986	5.122274e-09	-0.008053459	7.450581e-09	0.0010884013	0.052138582	-0.015334382	26.043583	-8.525818	0	0	79.0	1.8076019	0.0052288612	420000	371.1482298374176
14	0.33773783	1.2160966	3.3138871	-1.4885811	43.458332	46.50267	159.0	0.0	1000.0	28710.0	0.0638	0.013552117	0.299631	0.72387034	-0.8504333	6.328102	7.55573	37.09705	-2.5185266	-1.8626451e-09	-0.00085405447	0.0	-0.0003968901	0.058836274	-0.015367437	28.17826	-9.154299	0	0	6.0	1.8008608	0.0016549233	450000	396.0651934146881
15	0.6312351	1.3257444	4.0365205	-1.7304639	49.541668	48.935314	159.0	0.0	1000.0	30361.0	0.06325208333333333	0.040925168	0.31811818	0.84589034	-1.1433395	4.950921	6.558626	40.961388	-1.3268532	3.7252903e-09	-0.0004438284	-1.3038516e-08	-0.001830738	0.05435661	-0.015650133	31.54546	-11.68171	0	0	1.0	1.8001406	0.0026289835	480000	420.7563419342041
16	0.46910083	1.5495219	4.449303	-1.6887814	58.375	54.19395	194.0	0.0	1000.0	31941.0	0.06262941176470588	0.062433846	0.30829936	0.86496705	-1.0024095	5.99952	7.095023	38.57327	-2.7776024	4.656613e-10	-0.00047991925	2.7008355e-08	0.0006316205	0.08832526	-0.023426283	23.90717	-10.017722	0	0	1.0	1.7997421	0.0005219412	510000	445.1234760284424
17	0.24658686	1.311062	4.1206164	-2.3768232	46.791668	49.61181	183.0	0.0	1000.0	33217.0	0.061512962962962964	0.02757688	0.34387326	1.3019016	-1.2642864	4.5125666	6.0239234	37.849487	-2.8653104	-9.313226e-09	-0.0009912006	-1.1175871e-08	-0.0013755737	0.053413227	-0.014137266	28.433622	-10.768972	0	0	1.0	1.7996376	0.0015256194	540000	469.7845947742462
18	0.09337384	1.1182349	2.4837642	-2.5641532	62.041668	51.771515	175.0	0.0	1000.0	35080.0	0.06154385964912281	0.004488301	0.30781755	1.0689536	-0.96431345	5.5552554	6.8341856	36.52187	-3.4727538	7.450581e-09	-0.0007353709	-3.7252903e-08	0.0013342081	0.05912775	-0.014019191	29.945463	-13.39529	0	0	1.0	1.7994931	0.0008143669	570000	494.67247128486633
19	0.55591726	1.6127082	3.646404	-3.1084857	60.125	59.10183	185.0	0.0	1000.0	36758.0	0.061263333333333336	-0.04434624	0.33273074	0.84001136	-1.2071314	5.3827467	6.875976	38.959656	-3.3036315	4.656613e-09	-0.00092133257	1.4901161e-08	-0.00032894872	0.0697888	-0.021222543	24.457653	-11.536964	0	0	1.0	1.7991976	0.00054374355	600000	519.6045224666595
20	0.73470134	1.6477331	5.1532016	-3.2676535	61.166668	52.666927	192.0	0.0	1000.0	38440.0	0.061015873015873016	0.061802294	0.35043475	0.94472367	-1.32276	5.394699	7.581735	44.45682	-4.842208	1.8626451e-09	-0.0009910013	3.3527613e-08	-0.00016356725	0.0653597	-0.024100766	24.725319	-11.309191	0	0	1.0	1.7989933	0.0009088968	630000	544.422210931778
21	0.29052064	1.7932212	4.4657555	-3.027966	52.083332	41.58417	137.0	0.0	1000.0	40147.0	0.06082878787878788	0.036760174	0.33909345	1.0954124	-1.1755813	5.8199606	7.1039224	37.714993	-3.6530294	1.1175871e-08	-0.0011440653	4.0512532e-08	0.0014332072	0.05931294	-0.010703719	25.344215	-11.868998	0	0	1.0	1.7988287	0.0008237624	660000	568.9963185787201
22	0.3095894	1.4899076	4.3303924	-2.8497357	46.875	52.348442	209.0	0.0	1000.0	41657.0	0.06037246376811594	0.12425987	0.33498538	0.9528516	-1.1483089	6.0235724	7.562955	40.975388	-3.4631803	7.450581e-09	-0.0006351562	2.2351742e-08	0.001101439	0.06255887	-0.02234108	25.700996	-13.153257	0	0	1.0	1.7985647	0.00070104084	690000	593.8537600040436
23	0.25526235	1.6132908	4.089713	-4.333603	63.083332	63.598297	240.0	0.0	1000.0	43350.0	0.060208333333333336	0.034631647	0.3381902	1.1992162	-1.2365472	5.8493567	7.3308334	39.532413	-5.498014	4.656613e-09	-0.008855907	-2.2351742e-08	-0.0022612936	0.056368023	-0.017245943	28.902641	-13.758225	0	0	79.0	1.7981529	0.0053383447	720000	625.8912255764008
24	0.5529392	1.3530449	3.2000983	-2.399848	75.666664	48.65582	197.0	0.0	1000.0	45582.0	0.060776	0.04643255	0.31619298	0.8532418	-1.2627722	6.396254	8.149821	42.328064	-4.249203	-1.8626451e-09	-0.00877209	-7.450581e-09	-0.0015589898	0.057829782	-0.018297972	26.217224	-13.165532	0	0	79.0	1.7814515	0.0051756245	750000	658.0785839557648
25	0.8675856	1.5399196	4.205905	-1.1949544	42.208332	56.350822	219.0	0.0	1000.0	46930.0	0.06016666666666667	0.042176634	0.26936018	0.84279335	-1.1280527	4.808046	6.882868	39.17822	-4.6572676	-1.8626451e-09	-0.0010942471	2.9802322e-08	-0.00026060548	0.06280672	0.0024521216	21.923517	-11.0632515	0	0	6.0	1.7624669	0.0025261613	780000	683.2913157939911
26	0.99335045	1.1001515	3.1600862	-0.84119666	72.791664	61.03413	254.0	0.0	1000.0	49100.0	0.06061728395061729	-0.08317986	0.29346177	0.8753782	-1.5049231	6.6743417	7.793695	37.815838	-4.5397906	7.450581e-09	-0.00048315723	2.2351742e-08	0.0012979135	0.07240409	-0.04020902	40.284355	-25.792873	0	0	1.0	1.7594793	0.004763216	810000	708.1653699874878
27	1.1048427	1.6953937	7.3106084	-1.0240201	39.333332	41.484604	140.0	0.0	1000.0	50463.0	0.060075	0.09003603	0.31953403	1.1087347	-1.2288102	5.034992	6.5745735	39.959644	-6.839592	1.1175871e-08	9.50438e-06	3.3527613e-08	0.0012540395	0.053584892	-0.018067349	20.867294	-11.137896	0	0	1.0	1.758357	0.0036275086	840000	732.6970765590668
28	0.88143355	1.5168674	4.681484	-1.3282235	49.458332	44.941612	167.0	0.0	1000.0	51833.0	0.05957816091954023	0.09125876	0.30573684	1.3158791	-1.1472505	4.4901404	6.5846047	39.405678	-4.8248997	1.8626451e-09	-0.0011592233	-1.4901161e-08	0.00041658356	0.044824146	-0.01362564	17.72677	-9.073408	0	0	1.0	1.7573805	0.003231752	870000	757.6195330619812
29	0.7877918	1.3098428	2.7409735	-2.6214771	53.041668	46.378407	167.0	0.0	1000.0	53224.0	0.059137777777777775	0.08440481	0.307702	1.2298298	-1.1174192	5.4087377	7.1517625	40.588196	-4.416094	7.450581e-09	-0.00081163016	-2.0489097e-08	0.00060998835	0.047693536	-0.01439436	19.695187	-10.831993	0	0	1.0	1.7566671	0.0005292972	900000	781.9557063579559
30	1.088325	1.5916681	5.883272	-1.8436277	37.791668	39.601112	121.0	0.0	1000.0	54562.0	0.058668817204301074	0.10453976	0.3007644	1.0819892	-1.6081947	5.2157707	6.6521254	39.779346	-3.208273	9.313226e-10	-0.0011798313	2.7939677e-08	0.00046252646	0.04614335	-0.012130059	19.942696	-10.999852	0	0	1.0	1.755944	0.0010834448	930000	806.7489147186279
31	1.5200815	1.6167963	6.5276284	-2.143393	49.375	50.36352	181.0	0.0	1000.0	56190.0	0.05853125	0.10083983	0.3159993	1.2120886	-1.2613028	5.0231986	6.822875	38.96493	-5.2868333	-2.2351742e-08	-0.0006837146	-7.450581e-09	0.00018825941	0.06742077	-0.018943733	20.532135	-10.627616	0	0	1.0	1.7553723	0.00028898462	960000	831.1762118339539
32	1.6359781	1.4229391	4.834201	-0.64487994	51.083332	48.14554	151.0	0.0	1000.0	57620.0	0.0582020202020202	0.16740732	0.3472822	1.7836368	-1.4950292	4.6047783	6.5036516	37.479244	-3.8763971	-4.656613e-10	-0.00094082335	3.3527613e-08	0.00041993894	0.06475128	-0.023314599	31.588678	-20.441746	0	0	1.0	1.7549205	0.0005837559	990000	855.9208314418793
33	1.5721668	1.4018939	5.664291	-0.59667504	59.125	51.140583	180.0	0.0	1000.0	59235.0	0.058073529411764704	0.18245462	0.31645283	1.3031664	-1.3369951	5.1101947	6.5408783	38.087482	-4.3042583	5.5879354e-09	-0.0011634583	0.0	0.00053889025	0.07428372	-0.02309211	22.19356	-13.083382	0	0	1.0	1.7544273	0.0009439543	1020000	880.3562595844269
34	1.3180612	1.8465384	7.034561	-2.2890298	53.208332	49.574	153.0	0.0	1000.0	60847.0	0.05794952380952381	0.13946615	0.28714	1.0962467	-1.2452646	5.9636436	6.9834247	37.10741	-2.212464	-9.313226e-09	-0.0004992429	1.4901161e-08	-0.000734688	0.080196895	-0.03611992	34.922455	-22.33661	0	0	1.0	1.754126	0.00049580215	1050000	904.8831417560577
35	1.4738756	1.6591575	5.4972415	-0.76542085	71.458336	47.286343	162.0	0.0	1000.0	62760.0	0.05811111111111111	0.14428496	0.38375714	1.8482995	-1.9714717	6.6003103	7.665373	48.58883	-4.6908593	-9.313226e-09	-0.008479324	-7.450581e-09	0.002513391	0.08119955	-0.03231726	28.04282	-16.774525	0	0	79.0	1.7537855	0.005609951	1080000	936.9857265949249
36	1.6998949	1.5167515	6.232584	-0.9966272	56.458332	50.377724	164.0	0.0	1000.0	64496.0	0.0581045045045045	0.14053184	0.34430736	1.4160237	-1.58256	6.3437157	7.3921194	46.65611	-4.0877566	1.8626451e-09	-0.009874795	-4.8428774e-08	0.0002869442	0.078072295	-0.03382934	20.691423	-11.373957	0	0	79.0	1.7351925	0.0055602808	1110000	969.1958050727844
37	2.081916	1.4854124	6.3351483	-0.7983233	67.541664	50.522255	181.0	0.0	1000.0	66534.0	0.05836315789473684	0.19362979	0.30123493	1.3430051	-1.1608589	7.851072	7.9913225	41.50159	-5.653801	1.6763806e-08	-0.009372905	1.4901161e-08	-0.0037643316	0.07382624	-0.027665991	26.67133	-15.649556	0	0	79.0	1.7231729	0.005766774	1140000	1002.9552998542786
38	1.8725786	1.7855479	5.728773	-1.4038752	48.625	59.598526	200.0	0.0	1000.0	67954.0	0.05808034188034188	0.22267763	0.33829957	1.410141	-1.2139795	5.467091	6.850061	36.991314	-4.503463	5.5879354e-09	0.012358419	5.5879354e-09	-0.00089854025	0.08561544	-0.029961225	21.68828	-13.990085	0	0	6.0	1.7033706	0.02186348	1170000	1028.7758512496948
39	1.9456797	1.7240129	6.7389584	-0.84677225	56.875	35.44751	112.0	0.0	1000.0	69448.0	0.05787333333333333	0.22158042	0.36298305	1.794699	-1.2692919	5.4804707	6.990012	50.859856	-4.9892015	1.0244548e-08	-0.0003306914	7.450581e-09	-0.001281376	0.09317806	-0.043269113	27.003477	-16.277786	0	0	1.0	1.7044694	0.0022079758	1200000	1054.1085023880005
40	1.9645184	1.5538105	5.957855	-0.55806124	53.375	51.094532	186.0	0.0	1000.0	71181.0	0.057870731707317075	0.19900152	0.31747583	1.7760525	-1.5374551	5.7293696	6.6336336	35.936714	-4.973303	-1.6763806e-08	-0.00034434244	1.8626451e-08	-0.0009957086	0.07653269	-0.030402876	26.87028	-17.430595	0	0	1.0	1.7048583	0.0011124753	1230000	1079.1130802631378
41	1.8904581	1.3487	5.3200703	-0.5748242	72.375	54.48074	232.0	0.0	1000.0	73163.0	0.058065873015873015	0.20869626	0.34943694	1.7166157	-1.688916	6.1540675	7.6240854	46.40757	-3.9964814	-9.313226e-09	-0.00075610424	-5.9604645e-08	-0.0004718178	0.081214674	-0.032436166	34.556423	-23.931362	0	0	1.0	1.705452	0.00070013374	1260000	1104.4413845539093
42	2.4073958	1.7526267	6.575794	-0.095567174	39.0	42.61846	190.0	0.0	1000.0	74552.0	0.0577922480620155	0.1731579	0.39351514	1.5407883	-1.6547657	4.7959595	6.4509606	46.592552	-6.6211185	-5.5879354e-09	-0.00040605164	2.9802322e-08	0.00023584394	0.113702364	-0.050620355	70.81651	-59.766502	0	0	1.0	1.7060333	0.0007586931	1290000	1130.0472612380981
43	1.2497483	1.2864592	2.8572247	-2.3209226	46.208332	45.020348	143.0	0.0	1000.0	75967.0	0.057550757575757575	0.23932654	0.36314398	1.6738409	-1.5774902	4.809067	6.7819066	45.70761	-5.415693	1.21071935e-08	-0.0011682836	1.4901161e-08	0.0037603471	0.07069027	-0.03425407	23.336884	-16.180529	0	0	1.0	1.7065945	0.0028795644	1320000	1155.4253311157227
44	1.4442939	1.4303287	4.19885	-1.1526121	50.583332	38.376335	151.0	0.0	1000.0	77468.0	0.0573837037037037	0.19280005	0.36092913	1.3549881	-1.3275893	4.635129	6.0098596	40.73326	-6.949692	3.7252903e-09	-0.0005262194	7.450581e-09	0.0007918291	0.07666275	-0.028129596	24.639381	-16.768852	0	0	1.0	1.7068989	0.0013574453	1350000	1181.6751160621643
45	1.9247403	1.6837994	6.4048233	-1.4697702	55.208332	40.271973	119.0	0.0	1000.0	78928.0	0.057194202898550726	0.19888076	0.34738412	1.3512648	-1.5775936	5.9695582	6.643308	41.78391	-5.1057267	3.7252903e-09	-0.00060171663	4.4703484e-08	-0.0003094722	0.07620251	-0.02886701	23.890167	-16.416897	0	0	1.0	1.7073541	0.0013116805	1380000	1207.6323516368866
46	2.123178	2.322211	7.532249	-0.63406914	49.291668	65.990204	321.0	0.0	1000.0	80403.0	0.05702340425531915	0.19053069	0.3574159	1.782987	-1.4532257	5.3265653	6.760503	42.869263	-8.105797	-7.450581e-09	-0.00028877426	-7.450581e-09	0.0012952816	0.08519722	-0.0350939	48.49643	-35.927795	0	0	1.0	1.707605	0.00063407177	1410000	1233.129697561264
47	1.7532707	1.2842579	5.4565544	-0.102195755	43.875	36.59612	129.0	0.0	1000.0	81752.0	0.056772222222222224	0.23628265	0.39032122	1.8815058	-1.1526757	4.492198	6.1836886	45.76892	-4.4132676	1.5366822e-08	-0.000756666	7.450581e-09	0.00084702554	0.09073136	-0.045907	25.473358	-16.447926	0	0	1.0	1.7080132	0.002319293	1440000	1258.204839706421
48	2.112937	1.3121483	5.3911333	-1.3330238	73.583336	49.76103	161.0	0.0	1000.0	83796.0	0.05700408163265306	0.21892874	0.30998254	1.0384569	-1.22323	6.489751	7.592044	50.883194	-3.6538522	-3.7252903e-09	-0.0005962692	-2.9802322e-08	0.00014150143	0.061674647	-0.024373293	25.208664	-17.782185	0	0	1.0	1.708463	0.0031520943	1470000	1283.4424204826355
49	2.1277325	2.1201649	8.074441	-0.11315198	46.833332	44.248035	184.0	0.0	1000.0	85153.0	0.05676866666666667	0.20697412	0.38681373	1.6872183	-1.587869	4.5662856	6.178757	46.21377	-3.1919818	7.450581e-09	-0.0007419244	0.0	0.00051840674	0.10186273	-0.05093014	37.814514	-30.783628	0	0	1.0	1.7087457	0.00081155903	1500000	1308.7557861804962
50	2.1135895	1.7097057	5.0851684	-0.49190742	62.541668	69.96188	282.0	0.0	1000.0	86974.0	0.056845751633986925	0.23209716	0.41344452	1.931336	-1.3097497	6.1106	8.013072	76.15606	-4.937228	5.5879354e-09	-0.00035426812	-6.7055225e-08	0.0010992268	0.09274398	-0.048029743	40.342506	-29.34107	0	0	1.0	1.7089636	0.001125307	1530000	1334.3628814220428
51	2.2094069	2.3923264	10.184306	-2.0452814	53.416668	49.273827	155.0	0.0	1000.0	88564.0	0.05677179487179487	0.24623053	0.37143624	1.786019	-1.498773	6.376122	8.974796	67.28854	-4.3395996	-1.4901161e-08	-0.00075651077	-1.8626451e-08	-0.0014138133	0.1079935	-0.050480463	46.66871	-37.202652	0	0	1.0	1.7090323	0.0010396957	1560000	1360.146320104599
52	2.687914	1.5704603	7.7327037	0.32758805	42.875	41.11702	145.0	0.0	1000.0	89806.0	0.05648176100628931	0.25345728	0.3855553	2.0161579	-1.2573941	4.686574	7.6907372	81.66906	-8.318862	-1.8626451e-09	-0.0007757753	-1.4901161e-08	-4.837569e-05	0.07380419	-0.023236148	26.530457	-19.4095	0	0	1.0	1.7090895	0.00062923104	1590000	1385.9528970718384
53	2.395744	1.9185231	5.762981	-0.42759308	45.625	37.76552	118.0	0.0	1000.0	91421.0	0.056432716049382714	0.17351896	0.3735736	2.2249644	-1.455003	5.413483	6.8327518	42.47988	-6.2016206	-2.4214387e-08	-0.0009789832	-3.7252903e-08	-0.00086820335	0.09176463	-0.041650746	31.12594	-20.256817	0	0	1.0	1.7091978	0.0013737592	1620000	1410.925780057907
54	1.9383734	2.0086396	5.6529675	-0.79149497	41.916668	37.086517	138.0	0.0	1000.0	92743.0	0.056207878787878786	0.21592441	0.41260114	1.7524133	-1.4286019	4.8538013	6.730844	40.379093	-3.715789	-1.1175871e-08	-0.001179217	2.9802322e-08	-0.00028976996	0.09751509	-0.048131526	21.028164	-13.225618	0	0	1.0	1.7091181	0.0023138802	1650000	1435.8849370479584
55	2.884421	2.0378659	7.482766	-1.2574953	52.5	35.772427	129.0	0.0	1000.0	94236.0	0.056092857142857146	0.20391992	0.39553308	1.6650866	-1.5132582	4.9319696	6.139184	36.28149	-6.3941116	0.0	-0.00041209278	2.4214387e-08	-0.00039144466	0.09952115	-0.0468909	23.53198	-15.139017	0	0	1.0	1.7092364	0.000720088	1680000	1461.2707045078278
56	1.8616457	2.078026	6.0114174	-2.0159976	50.333332	54.77733	176.0	0.0	1000.0	95522.0	0.05586081871345029	0.24379107	0.41406226	1.7564931	-1.7782985	3.975422	5.938668	59.22417	-6.8292055	1.1175871e-08	-0.00073323445	7.450581e-09	-3.5548117e-05	0.08970252	-0.039462633	35.769974	-23.23201	0	0	1.0	1.7094138	0.0005801887	1710000	1486.185559272766
57	1.9063063	1.6020875	5.203443	-1.8679007	51.25	30.806181	96.0	0.0	1000.0	97007.0	0.055751149425287354	0.18334833	0.40618762	1.6810672	-1.3151579	5.416925	6.9412656	50.367588	-5.8993177	-9.313226e-10	-0.00041133212	1.1175871e-08	4.846108e-06	0.092231624	-0.050317157	27.722223	-19.95991	0	0	1.0	1.709769	0.0002478424	1740000	1510.9980101585388
58	2.774336	1.7630622	6.5908513	-0.17732082	69.25	98.226036	495.0	0.0	1000.0	99023.0	0.055945197740112994	0.27040675	0.4106219	1.94593	-1.7880458	5.902642	6.547425	57.527054	-5.251842	3.7252903e-09	-0.0011483965	-1.4901161e-08	0.00066798925	0.076265566	-0.041675095	84.107346	-70.263	0	0	1.0	1.7101356	0.0011892167	1770000	1535.8026416301727
59	2.2758775	2.1392827	9.080856	-1.1902294	55.958332	60.245663	250.0	0.0	1000.0	100721.0	0.05595611111111111	0.28041497	0.36527357	1.4667777	-1.3537828	5.7918916	7.167239	54.01422	-4.924971	1.8626451e-09	-0.008359832	-5.9604645e-08	-0.0033737533	0.08415607	-0.04541911	60.60281	-45.92095	0	0	79.0	1.7103331	0.0050516743	1800000	1568.0206108093262
60	2.4939399	1.7558697	5.9819136	-1.9444482	45.916668	37.003284	150.0	0.0	1000.0	102087.0	0.055785245901639344	0.25271243	0.37312728	1.6698309	-1.2489054	4.884088	6.9551077	84.31621	-6.40544	8.8475645e-09	-0.008585424	0.0	-0.00047597103	0.0772641	-0.03804326	25.190937	-16.289255	0	0	79.0	1.7028718	0.0055968342	1830000	1600.496876001358
61	3.366007	2.3280652	11.106752	0.26849127	68.291664	76.15253	350.0	0.0	1000.0	104222.0	0.05603333333333333	0.25530845	0.42068177	1.7605767	-1.6593665	5.7609916	7.0761976	50.17788	-6.3387213	-2.2351742e-08	-0.008120711	-1.1920929e-07	0.00021479093	0.14892222	-0.07767971	56.106922	-39.30296	0	0	79.0	1.6891932	0.0052756807	1860000	1632.6896114349365
62	2.3417084	2.093733	7.2899437	-0.8890351	44.708332	32.856354	117.0	0.0	1000.0	105563.0	0.055853439153439155	0.35816517	0.41119042	2.0842154	-1.5401949	5.3940473	6.509936	42.267284	-5.576066	-1.6763806e-08	-0.008351469	-1.8626451e-09	-0.0028835398	0.10138574	-0.05352833	20.910072	-13.48662	0	0	79.0	1.6622318	0.0054312185	1890000	1665.11710190773
63	2.9708774	1.8016138	7.39704	-0.5786827	43.75	48.32809	183.0	0.0	1000.0	106843.0	0.055647395833333335	0.2697054	0.39304242	1.5537293	-1.3577496	4.6779623	6.2127113	38.9038	-4.5286016	-5.5879354e-09	-0.008545492	0.0	-7.315789e-05	0.099646494	-0.05257278	22.226204	-15.739525	0	0	79.0	1.6459038	0.005503853	1920000	1697.6171238422394
64	3.0745516	1.6661901	6.6063423	-0.21400751	39.833332	33.232346	116.0	0.0	1000.0	108117.0	0.055444615384615384	0.34882346	0.39663568	1.8414282	-1.3091029	4.109588	5.987634	45.963383	-5.3028927	1.0244548e-08	0.004053098	-2.3283064e-09	-0.003874225	0.08986905	-0.045515873	20.753265	-12.915063	0	0	5.0	1.617358	0.010509964	1950000	1722.9198670387268
65	3.4332492	1.895414	8.7056465	0.5888964	58.291668	46.456497	161.0	0.0	1000.0	109768.0	0.055438383838383835	0.33326933	0.40329248	2.2411437	-1.1882799	4.8707476	6.0784497	42.59134	-5.2478023	7.450581e-09	0.011386188	-2.2351742e-08	0.0041427147	0.08934523	-0.04595054	23.889585	-15.78315	0	0	1.0	1.616615	0.023070408	1980000	1748.127572774887
66	3.1018589	1.4545095	5.16359	0.52832013	54.0	52.53491	186.0	0.0	1000.0	111427.0	0.0554363184079602	0.31471783	0.40315178	1.8926828	-1.3471661	5.152293	6.433928	40.525433	-3.6897216	-4.656613e-09	0.0010646697	2.0489097e-08	0.0028428135	0.08637749	-0.049097277	27.023174	-16.54788	0	0	1.0	1.6161313	0.006852868	2010000	1773.1218931674957
67	2.6091683	2.31606	11.733539	-0.18798667	37.583332	33.769955	113.0	0.0	1000.0	112493.0	0.05514362745098039	0.3009608	0.3997445	1.8028705	-1.4159687	4.7492437	6.16434	44.71396	-4.8674345	-2.7939677e-09	-0.00036142225	7.450581e-09	-0.0008244505	0.10485436	-0.06027338	16.847343	-10.658664	0	0	1.0	1.6160116	0.0032046158	2040000	1798.1761467456818
68	2.84389	2.1515331	6.6414037	-1.9059165	65.625	41.132725	172.0	0.0	1000.0	114521.0	0.05532415458937198	0.28707844	0.41426688	2.0141704	-1.4243493	5.3115225	6.7913537	42.422035	-5.101935	0.0	0.00071296503	-2.6077032e-08	0.0001810072	0.097075365	-0.0544049	53.351852	-41.276512	0	0	1.0	1.6163833	0.006198051	2070000	1823.255027294159
69	2.8768132	2.4646754	9.158886	-1.0409218	38.291668	30.913157	106.0	0.0	1000.0	115685.0	0.05508809523809524	0.30912155	0.40896842	1.9238868	-1.5250126	5.7270365	6.800308	56.42743	-3.891641	-2.7939677e-09	-0.0006245172	4.0978193e-08	-0.0029207782	0.111044586	-0.057650495	23.951372	-18.51451	0	0	1.0	1.6168451	0.0029548553	2100000	1847.7258944511414
70	2.5323796	1.291856	5.815363	0.38233915	72.166664	51.229607	235.0	0.0	1000.0	117697.0	0.05525680751173709	0.29542568	0.39173898	2.1119688	-1.4741573	5.2837834	6.193327	51.165283	-6.267977	9.313226e-09	-0.00036645762	2.9802322e-08	0.000393535	0.06905648	-0.04097955	47.980934	-34.79786	0	0	1.0	1.6175451	0.0001754602	2130000	1872.543778181076
71	3.001303	2.5160074	8.470874	-2.0020487	37.333332	30.043951	110.0	0.0	1000.0	118867.0	0.05503101851851852	0.2614979	0.38899016	1.606966	-1.4572926	4.7004437	7.365676	61.247936	-4.3576765	-1.2572855e-08	-0.0006941126	1.1175871e-08	-4.4550747e-05	0.117197335	-0.06542225	19.089485	-13.682278	0	0	1.0	1.6185464	0.0010302116	2160000	1896.8892283439636
72	3.9027176	2.1278949	8.327775	0.32462117	47.375	39.17037	146.0	0.0	1000.0	120387.0	0.05497123287671233	0.3321352	0.45109028	2.0409818	-1.6612012	4.3796577	6.790348	73.7737	-5.251702	-1.8626451e-09	-0.0010602598	-3.7252903e-09	0.00020416686	0.092563264	-0.04931454	20.664818	-14.496084	0	0	1.0	1.6195052	0.00097458524	2190000	1921.9307374954224
73	2.8293445	1.6643581	6.6710453	0.18979798	37.625	28.279575	94.0	0.0	1000.0	121710.0	0.054824324324324325	0.2962735	0.43378824	2.5338368	-1.3484405	5.3786445	6.7468705	43.608364	-4.5552897	-8.381903e-09	-0.0012450698	-1.1175871e-08	0.00078559597	0.07078394	-0.04340425	22.46447	-15.130678	0	0	1.0	1.62022	0.004546689	2220000	1948.1920704841614
74	2.8853152	2.4705586	7.46402	-1.2476509	44.708332	34.001812	106.0	0.0	1000.0	123089.0	0.054706222222222226	0.33530542	0.40855056	1.6391358	-1.3169631	4.719802	5.871226	45.341656	-5.123077	3.7252903e-09	-0.00063597143	-9.313226e-09	-0.0002298276	0.09669921	-0.05237659	24.368345	-17.450502	0	0	1.0	1.6210697	0.0009025841	2250000	1973.3254551887512
75	3.474632	1.976064	7.229688	0.5843274	59.5	42.900078	158.0	0.0	1000.0	124774.0	0.054725438596491226	0.34995928	0.4017217	2.2814453	-1.1477201	5.740066	7.396975	64.54349	-6.963506	-1.8626451e-09	-0.0002826858	-1.4901161e-08	0.0006909859	0.089631096	-0.05106259	31.292084	-20.538519	0	0	1.0	1.6218686	0.00069631555	2280000	1998.186455488205
76	3.9728594	2.2618072	10.220977	1.4754587	57.416668	47.081413	200.0	0.0	1000.0	126543.0	0.05478051948051948	0.34515053	0.43088046	2.1741645	-1.4625512	6.6572256	9.259507	76.41542	-4.0902104	-8.381903e-09	-0.00069682114	-2.0489097e-08	0.0009994115	0.124973	-0.07637833	39.26449	-29.295372	0	0	1.0	1.6225457	0.00052491133	2310000	2022.7382807731628
77	3.1601202	1.7922729	5.987363	-0.833576	53.875	44.115673	134.0	0.0	1000.0	128080.0	0.05473504273504273	0.36459655	0.39985326	2.2771993	-1.2830666	5.2059894	6.776074	48.53987	-4.354933	-5.5879354e-09	-0.0004727469	-7.450581e-09	-5.3354306e-05	0.112692595	-0.07299436	36.52643	-24.70205	0	0	1.0	1.623368	0.0014977021	2340000	2047.39381814003
78	2.865949	2.3030784	7.221459	-1.5601552	45.0	42.08622	145.0	0.0	1000.0	129437.0	0.05461476793248945	0.31537136	0.42481425	2.2088928	-1.8252945	5.618028	7.8212214	70.760796	-4.6897106	-1.4901161e-08	-0.00053117133	-1.4901161e-08	-0.00072269235	0.12359379	-0.07898111	28.949951	-20.238974	0	0	1.0	1.623792	0.00041011465	2370000	2072.218965768814
79	2.8392246	1.6096411	8.74263	0.75368124	53.916668	59.720818	235.0	0.0	1000.0	131076.0	0.054615	0.32517108	0.46319637	2.5282075	-1.357201	4.8391542	6.1844907	38.38214	-4.155528	3.7252903e-09	-0.0004584482	2.9802322e-08	-0.00024734996	0.111052364	-0.068856426	44.78448	-30.061874	0	0	1.0	1.6241729	0.00069797033	2400000	2096.7142095565796
80	2.8475	1.736232	6.2750454	0.11931058	34.875	30.804913	147.0	0.0	1000.0	132301.0	0.05444485596707819	0.32948878	0.38286787	1.958085	-1.3384572	5.743825	6.6405654	46.733917	-7.2738714	1.8626451e-09	-0.0014134373	0.0	0.0004137	0.0814319	-0.04871739	29.303139	-20.838013	0	0	1.0	1.6245701	0.0020638464	2430000	2122.464722633362
81	3.5975554	2.357203	8.017706	-0.21728976	39.833332	32.072403	100.0	0.0	1000.0	133427.0	0.05423861788617886	0.2938599	0.4160816	1.9957925	-1.5286052	4.100528	5.509578	36.577854	-5.748967	4.656613e-09	-0.0008033039	2.4214387e-08	7.697381e-06	0.10378951	-0.059846662	20.812622	-13.917208	0	0	1.0	1.6249341	0.0010251331	2460000	2147.818553209305
82	2.859234	1.4135586	5.8482985	0.8092517	41.416668	44.08317	144.0	0.0	1000.0	134849.0	0.05415622489959839	0.35687676	0.4126818	1.9109818	-1.2579336	4.1246095	5.609075	37.128437	-4.3908453	-1.21071935e-08	-0.0007559897	9.313226e-09	-0.0010551247	0.0916245	-0.054773822	32.356785	-24.46574	0	0	1.0	1.625185	0.00091977493	2490000	2172.121693134308
83	3.7145936	2.1162393	8.917632	0.4579769	42.791668	34.561516	150.0	0.0	1000.0	136040.0	0.05398412698412698	0.29311472	0.39897966	2.0486794	-1.3639634	4.4967384	6.285813	40.576756	-3.792579	1.8626451e-09	-0.00038487106	-1.8626451e-08	0.00047309484	0.124158636	-0.08246188	17.283056	-11.008915	0	0	1.0	1.6252129	0.00043447368	2520000	2196.440116882324
84	3.3936253	2.112474	6.646043	-1.1105785	35.333332	37.447372	121.0	0.0	1000.0	137101.0	0.053765098039215684	0.37314224	0.43492094	2.1552892	-1.5437747	3.6340683	5.14912	38.040157	-4.096815	-5.5879354e-09	-0.0008319567	4.656613e-09	-5.706848e-05	0.090471864	-0.05419169	21.186815	-14.005072	0	0	1.0	1.6252735	0.0023295789	2550000	2221.862585544586
85	4.393902	2.1657355	8.593647	-0.04227537	61.458332	39.39541	144.0	0.0	1000.0	138743.0	0.053776356589147284	0.3835829	0.4366068	2.2467992	-1.4191313	5.8743787	7.5268693	45.796482	-4.232883	3.7252903e-09	-0.00054840767	-2.9802322e-08	0.0005999049	0.098015875	-0.0573541	34.78756	-25.733795	0	0	1.0	1.6252308	0.00077367236	2580000	2247.289431333542
86	3.867469	2.1039524	7.5804086	0.29988053	33.083332	35.785145	110.0	0.0	1000.0	139984.0	0.05363371647509579	0.36783835	0.4382842	2.39348	-1.211066	4.8098536	7.5793076	60.954807	-4.951091	6.519258e-09	-0.008719254	-3.7252903e-08	-0.0013362248	0.11115891	-0.067524284	34.004097	-23.44595	0	0	79.0	1.6251152	0.0055304235	2610000	2279.10862493515
87	2.9271085	2.5973756	8.809617	-1.8250666	53.708332	37.965424	154.0	0.0	1000.0	141671.0	0.05366325757575757	0.3582572	0.450735	2.2225869	-1.3121929	4.924667	7.6208673	71.37172	-3.7119894	-1.1175871e-08	-0.008428058	1.8626451e-08	0.0030139093	0.1335129	-0.08961772	32.097687	-22.48568	0	0	79.0	1.5951357	0.005360852	2640000	2310.9252665042877
88	3.857293	1.9410665	7.078134	-1.5967427	40.833332	40.941692	130.0	0.0	1000.0	143264.0	0.05365692883895131	0.30861485	0.45598143	1.8205814	-1.5184225	5.9721274	7.8803134	78.89712	-5.251711	3.7252903e-09	0.0011476655	0.0	0.003381431	0.122065485	-0.081336364	55.436428	-42.53315	0	0	2.0	1.5767357	0.0040744664	2670000	2335.615752220154
89	3.5997856	2.0738811	7.7867365	-0.283141	39.5	33.937443	126.0	0.0	1000.0	144644.0	0.05357185185185185	0.39607528	0.44595173	2.7217906	-1.6749932	5.214875	6.407714	47.119965	-8.582458	-5.5879354e-09	-0.0005077901	-1.8626451e-08	-0.0022435025	0.11099924	-0.070847705	20.549168	-13.55727	0	0	1.0	1.5761502	0.0032862802	2700000	2360.119222640991
90	3.9808712	2.4565954	9.986655	-1.4986329	44.375	45.271233	205.0	0.0	1000.0	145937.0	0.05345677655677656	0.41593322	0.43150032	2.1957273	-1.5450191	4.281544	5.8485475	56.05421	-4.338467	0.0	-0.0003328207	1.8626451e-08	-0.00074842945	0.11869323	-0.07523857	50.721943	-35.053947	0	0	1.0	1.575736	0.0007708129	2730000	2384.997168779373
91	2.8279107	2.0844731	6.891657	-1.298124	41.625	27.783108	128.0	0.0	1000.0	147232.0	0.053344927536231886	0.4015627	0.45519716	2.1162193	-1.1441115	5.083764	6.3694544	41.149475	-5.1687512	0.0	-0.00043767248	4.4703484e-08	-0.001508479	0.11872995	-0.08404736	25.98191	-17.025547	0	0	1.0	1.5757979	0.0012676292	2760000	2409.599770307541
92	3.1868722	1.7866132	6.952238	0.8282442	52.083332	64.90822	290.0	0.0	1000.0	148696.0	0.05329605734767025	0.32936364	0.4179906	2.0467985	-1.264126	4.1325603	5.729192	44.46986	-8.381597	1.1175871e-08	-0.0007251981	-2.9802322e-08	0.00038525322	0.10958724	-0.07260474	48.27526	-38.94716	0	0	1.0	1.5761659	0.000844772	2790000	2434.1968030929565
93	3.691475	1.7159687	8.460512	1.0363005	37.875	31.178669	91.0	0.0	1000.0	149837.0	0.05313368794326241	0.34243152	0.44078115	2.4644234	-1.4893354	4.512831	6.565633	48.373627	-6.310758	-4.656613e-10	-0.0006887803	2.9802322e-08	-0.002330094	0.109147124	-0.06952121	20.416767	-14.042394	0	0	1.0	1.5765909	0.0018328408	2820000	2458.5573019981384
94	3.7951653	1.928212	8.383401	0.74477845	64.708336	65.45576	256.0	0.0	1000.0	151945.0	0.0533140350877193	0.40429556	0.38659286	1.752178	-1.2142636	5.333607	7.0580115	53.420803	-6.726644	4.656613e-09	-0.0006051953	-2.6077032e-08	0.0009027701	0.09230978	-0.059163123	52.65034	-40.587868	0	0	1.0	1.5771787	0.0012502046	2850000	2482.9344408512115
95	4.4160137	1.937823	8.399212	1.3939275	58.583332	48.045914	187.0	0.0	1000.0	153619.0	0.053339930555555554	0.4076026	0.40322983	2.2990444	-1.3946245	6.1351237	8.90188	92.570526	-5.960334	-7.450581e-09	-0.00086648203	2.2351742e-08	-0.0033533094	0.13390814	-0.08319542	35.02458	-26.141869	0	0	1.0	1.5776451	0.0035639443	2880000	2507.710488319397
96	4.590986	1.881045	8.347084	0.108072616	62.291668	38.307396	124.0	0.0	1000.0	155251.0	0.05335085910652921	0.473161	0.48313823	2.7023315	-1.2922727	6.57865	7.6443567	62.692127	-9.294739	0.0	-0.00076076237	-2.7939677e-08	-0.00054536574	0.14062288	-0.09998456	32.055958	-22.290926	0	0	1.0	1.5779161	0.000990371	2910000	2532.2737028598785
97	3.6346462	1.7692673	7.250008	0.30666623	37.666668	39.975685	112.0	0.0	1000.0	156473.0	0.05322210884353742	0.43286565	0.41324657	2.1364224	-1.3289261	4.5498104	6.4425473	42.530964	-4.6701117	1.1175871e-08	-0.0012809336	-2.9802322e-08	0.0012702824	0.107777216	-0.0714262	16.345022	-9.918327	0	0	3.0	1.5781426	0.0018766064	2940000	2557.0582206249237
98	4.4229465	1.7283143	8.237576	2.0581245	53.75	45.46725	178.0	0.0	1000.0	158047.0	0.05321447811447812	0.42823732	0.4455406	1.9465027	-1.3604572	5.0483637	6.6879177	59.602047	-5.6389103	-7.450581e-09	-0.0011003839	-3.7252903e-09	-0.0014685568	0.116020866	-0.07487219	37.859985	-29.283525	0	0	7.0	1.5774373	0.0051422273	2970000	2582.3575818538666
99	3.9795418	2.5103846	10.172994	-0.083557345	45.541668	42.461727	191.0	0.0	1000.0	159287.0	0.053095666666666666	0.3830297	0.39650854	2.2780838	-1.2515904	4.2103314	6.238799	54.14467	-5.5052896	-5.5879354e-09	-0.0006738645	-1.4901161e-08	0.0007563671	0.11177509	-0.0641395	29.207535	-20.466518	0	0	1.0	1.5749702	0.0019209998	3000000	2606.8457980155945
100	3.8571749	2.6351678	12.201905	0.11702646	65.833336	60.87122	246.0	0.0	1000.0	161078.0	0.05316105610561056	0.4483321	0.42222494	2.188987	-0.9523511	5.121448	6.54263	40.16552	-3.7464328	1.4901161e-08	-0.000671795	-4.4703484e-08	0.0013782699	0.10423587	-0.06770833	75.568726	-57.23174	0	0	1.0	1.5743499	0.0018525452	3030000	2632.194557905197
101	3.7651594	2.2455323	10.029795	0.8876936	43.0	37.59987	151.0	0.0	1000.0	162346.0	0.05305424836601307	0.39810443	0.42710346	2.2419024	-1.2127113	5.201192	6.183295	42.418385	-6.9996557	-2.7939677e-09	-0.00049203145	-4.4703484e-08	0.002372805	0.111070074	-0.06457974	26.739687	-16.93098	0	0	1.0	1.573575	0.0024763783	3060000	2657.7773547172546
102	3.9002228	1.9257147	9.65232	0.45044973	92.416664	142.50874	716.0	0.0	1000.0	164724.0	0.05330873786407767	0.36977062	0.40704206	2.0699763	-1.2012075	6.075271	8.60729	59.84991	-4.3490458	-5.5879354e-09	-0.000794598	0.0	7.574633e-05	0.10934414	-0.07131702	125.40848	-105.04608	0	0	1.0	1.5728011	0.0004698405	3090000	2682.477433204651
103	3.5221126	1.5920215	6.5304174	0.4820826	52.375	53.603336	253.0	0.0	1000.0	166293.0	0.05329903846153846	0.35728768	0.39651123	1.8328007	-0.9402321	6.1875687	8.298997	71.77352	-4.644944	-1.8626451e-08	-0.00047024246	-4.4703484e-08	-1.9809231e-06	0.08128178	-0.054515384	34.133636	-21.169739	0	0	1.0	1.5721128	0.0003374715	3120000	2707.7473356723785
104	4.2363005	1.8624762	8.506128	0.7241642	55.541668	41.445724	154.0	0.0	1000.0	167855.0	0.053287301587301585	0.38451022	0.38488245	1.7557691	-1.2493695	4.9589853	6.7475653	59.38644	-5.545933	-5.5879354e-09	-0.00031136675	-1.1175871e-08	0.0006468501	0.10149507	-0.06516738	38.98864	-27.057806	0	0	1.0	1.5715625	0.0005278616	3150000	2732.5626640319824
105	4.3464274	2.0530963	8.913726	0.40075848	55.166668	67.056984	325.0	0.0	1000.0	169469.0	0.053292138364779876	0.44352993	0.44246557	2.4970405	-1.4769118	5.6798997	10.141542	107.13278	-5.4585595	1.8626451e-09	-0.00090097333	2.9802322e-08	-0.0003129486	0.12003576	-0.08014446	43.860855	-32.708878	0	0	1.0	1.5711632	0.0010250733	3180000	2757.9779131412506
106	3.533322	2.013689	8.884202	0.6513305	50.833332	55.76339	258.0	0.0	1000.0	170940.0	0.05325233644859813	0.46171132	0.44358733	2.2817452	-1.1526145	5.2561903	7.059662	58.686768	-5.679292	1.44355e-08	-0.0009517961	-1.8626451e-08	-0.001530665	0.10797458	-0.07382914	39.940094	-28.269318	0	0	1.0	1.5709383	0.0014443796	3210000	2782.552752494812
107	3.7267113	1.902408	6.200444	-0.18278828	36.125	39.747444	163.0	0.0	1000.0	172161.0	0.05313611111111111	0.35705405	0.42121476	2.3424835	-1.6247691	4.8007064	7.04772	68.64384	-6.9376326	3.7252903e-09	-0.0007190228	-2.9802322e-08	0.00043044193	0.0911445	-0.057539344	41.309776	-32.824875	0	0	1.0	1.5707419	0.000719255	3240000	2807.0542647838593
108	3.5890949	1.8521045	6.8627133	0.37592354	36.625	36.261562	158.0	0.0	1000.0	173125.0	0.0529434250764526	0.38105372	0.3909732	1.8979483	-1.2899565	3.541936	5.6355376	38.08785	-3.987959	-2.7939677e-08	-0.0006923671	2.7939677e-08	0.0009688572	0.116360344	-0.07099371	18.990524	-13.15803	0	0	1.0	1.5706195	0.0012174451	3270000	2831.518815279007
109	3.5983562	2.105675	7.8200727	-0.3636984	48.666668	52.461628	255.0	0.0	1000.0	174560.0	0.0528969696969697	0.35539708	0.3951051	1.8431902	-1.2004902	3.9167564	5.154471	30.055046	-5.7664967	1.1641532e-08	-0.0011487785	3.7252903e-08	0.00085086457	0.10419813	-0.074812904	64.98492	-51.95405	0	0	1.0	1.5703679	0.0011016071	3300000	2855.9092717170715
110	3.6766255	1.5140252	5.9829984	0.77745116	49.458332	41.863846	155.0	0.0	1000.0	176047.0	0.052866966966966966	0.38682365	0.4178755	2.1926987	-1.57104	5.346585	7.619396	63.959923	-8.62988	8.381903e-09	-0.0006370882	-1.4901161e-08	0.0011921773	0.10469964	-0.074288234	48.948944	-35.678177	0	0	1.0	1.5700827	0.0008878436	3330000	2880.707471370697
111	4.227488	2.4480505	9.590857	0.16332231	47.875	38.31918	118.0	0.0	1000.0	177484.0	0.05282261904761905	0.34185058	0.37310752	1.9510707	-1.5960625	5.0052624	6.908131	48.015762	-5.084777	-4.656613e-10	-0.00888905	-7.450581e-09	0.004575737	0.12117967	-0.080764905	38.686707	-24.439846	0	0	79.0	1.5696592	0.005862619	3360000	2912.5489695072174
112	3.8178005	1.9622034	6.8954525	0.32751077	46.25	36.409992	133.0	0.0	1000.0	178873.0	0.052764896755162244	0.3991728	0.41226655	2.0788288	-0.83967084	5.329692	7.9828334	58.413597	-5.8763514	1.3969839e-09	-0.008903362	-1.1175871e-08	0.004479988	0.09710206	-0.065451935	24.435436	-16.696507	0	0	79.0	1.5440888	0.0059974953	3390000	2944.3381197452545
113	4.378613	2.521355	10.965001	0.11204239	58.75	51.557613	228.0	0.0	1000.0	180539.0	0.052789181286549705	0.4377975	0.46309984	2.8055978	-1.4255277	5.605804	7.6952295	70.12898	-8.051597	6.519258e-09	-0.009235963	1.6763806e-08	-0.00072648795	0.10701555	-0.07351838	29.891436	-16.607983	0	0	79.0	1.526466	0.0058448995	3420000	2976.0318155288696
114	4.4364004	2.3889802	9.988314	0.53447664	45.125	38.01569	128.0	0.0	1000.0	181966.0	0.05274376811594203	0.4697371	0.4358894	2.2689228	-1.5844674	4.387325	5.794676	49.81752	-5.3268714	8.381903e-09	-0.009699879	-2.9802322e-08	-0.0035728784	0.11232047	-0.072203964	44.574623	-30.44692	0	0	79.0	1.5100427	0.0059810355	3450000	3008.194195508957
115	4.136845	2.1633189	7.942394	0.21864769	33.625	28.982485	108.0	0.0	1000.0	183059.0	0.05260316091954023	0.39086294	0.4341689	1.9005569	-1.5694464	5.080515	7.180003	61.283276	-8.807964	1.8626451e-09	-0.009887019	5.5879354e-09	-0.004627999	0.10857038	-0.07357594	39.242508	-30.298077	0	0	79.0	1.4988087	0.0063484665	3480000	3040.2270686626434
116	4.758127	2.5682046	10.200107	-2.9503767	39.041668	46.654297	201.0	0.0	1000.0	184279.0	0.0525011396011396	0.47322324	0.4618403	2.3177965	-2.325859	4.440989	6.9535136	52.81846	-6.0037675	2.7939677e-09	-0.009191037	-2.6077032e-08	1.0640244e-05	0.14612427	-0.108163044	38.296936	-29.667751	0	0	79.0	1.4749665	0.005755077	3510000	3072.1519210338593
117	4.7726274	3.0901074	9.801961	-2.4460914	64.291664	92.484	466.0	0.0	1000.0	186071.0	0.052562429378531075	0.49608204	0.4174262	1.9446529	-1.1692	4.79954	6.64487	57.29299	-9.494149	3.7252903e-09	-0.009623695	-7.450581e-09	-0.002384873	0.13601425	-0.09770489	99.85058	-82.74869	0	0	79.0	1.4567611	0.005981137	3540000	3104.00132894516
118	4.184773	1.7463428	8.820046	0.7699532	40.375	33.38015	118.0	0.0	1000.0	187264.0	0.05245490196078431	0.49421307	0.41596606	2.400668	-1.1744392	4.491336	5.662796	47.228172	-9.160471	1.3038516e-08	-0.0030798877	-2.9802322e-08	0.0022916938	0.1132469	-0.07832875	20.094177	-11.2383585	0	0	26.0	1.4449842	0.008138563	3570000	3130.673615694046
119	4.7821975	2.1815414	8.16758	0.45776358	45.875	44.581676	178.0	0.0	1000.0	188756.0	0.05243222222222222	0.39679965	0.36593184	1.9285765	-1.2395368	5.165508	7.3317533	56.826958	-5.8247037	1.8626451e-09	0.018006325	-1.4901161e-08	0.0014893727	0.10439267	-0.06647389	22.224936	-13.084916	0	0	1.0	1.4245981	0.029281907	3600000	3155.269546031952
120	5.1953883	2.200762	10.789472	1.6031095	55.333332	37.277863	151.0	0.0	1000.0	190519.0	0.052484573002754824	0.47083256	0.40829617	2.4339275	-1.086965	5.9264913	7.6334095	56.28748	-4.6331224	7.450581e-09	0.002687124	1.1175871e-08	-0.0012104416	0.114806	-0.0718943	29.472189	-16.778324	0	0	1.0	1.4235568	0.011113033	3630000	3179.915602684021
121	4.197006	2.037574	7.8348846	1.0973833	56.5	56.811825	218.0	0.0	1000.0	192074.0	0.0524792349726776	0.44447955	0.43297642	2.0933118	-1.541388	6.1895423	8.115703	78.08753	-2.5074353	-9.313226e-09	0.0018425807	4.0978193e-08	0.003610421	0.114948	-0.07714595	46.246696	-33.81194	0	0	1.0	1.4228666	0.008359247	3660000	3204.529208421707
122	4.3280296	2.1955986	7.9305196	-2.50198	40.583332	24.69635	87.0	0.0	1000.0	193302.0	0.052385365853658536	0.50479877	0.43232507	2.5461652	-0.8284388	5.0998874	6.5364695	45.23292	-4.376857	0.0	0.011702007	-3.1664968e-08	-0.0026973346	0.10525462	-0.07475516	22.881191	-13.840473	0	0	1.0	1.4225731	0.022072218	3690000	3230.1261155605316
123	3.9138343	2.0872126	7.7046437	1.0563745	38.75	33.732094	137.0	0.0	1000.0	194555.0	0.0522997311827957	0.3958033	0.38318884	2.1402519	-1.1548111	4.7301803	5.8195796	40.2361	-1.8900259	1.3038516e-08	-0.0013607497	1.4901161e-08	0.0006769793	0.08220293	-0.056494635	20.74368	-12.455223	0	0	1.0	1.4227444	0.0044907266	3720000	3255.7500574588776
124	4.198366	2.2020457	8.027662	-0.44470093	35.166668	34.752296	135.0	0.0	1000.0	195638.0	0.052170133333333334	0.42666566	0.39214277	2.4983208	-1.1352832	3.9641743	5.585048	47.07508	-3.684712	1.8626451e-09	-0.00069421844	1.4901161e-08	-0.00044349965	0.10895251	-0.075408466	20.21054	-12.443441	0	0	1.0	1.4231224	0.0018776294	3750000	3280.8125989437103
125	4.15588	2.2284927	7.03687	-2.155082	33.666668	22.75351	82.0	0.0	1000.0	196691.0	0.052034656084656086	0.434297	0.39559513	2.231208	-1.1924255	3.6079078	5.966841	39.162746	-3.1470168	0.0	-0.00072370586	-5.5879354e-09	-0.0009120726	0.10590573	-0.07232348	17.515816	-11.361928	0	0	1.0	1.4235084	0.0021736878	3780000	3306.417322397232
126	4.3385253	1.9993727	8.542099	0.8378971	62.75	97.751495	481.0	0.0	1000.0	198348.0	0.05205984251968504	0.42897776	0.44208887	2.45553	-1.250896	3.6406636	5.8782125	44.17583	-3.636209	1.21071935e-08	-0.0007131087	-8.940697e-08	0.001196824	0.13608311	-0.097460225	104.83594	-92.3937	0	0	1.0	1.4239559	0.0009486349	3810000	3331.2112984657288
127	4.9991255	2.112355	9.627205	0.7810357	23.125	25.135157	71.0	0.0	1000.0	199315.0	0.051904947916666666	0.490011	0.45323244	2.290463	-1.5391463	3.8315237	5.4873123	50.385895	-2.8534298	0.0	-0.0007327407	-3.5390258e-08	-0.0003255643	0.13250835	-0.09098263	21.56128	-13.117708	0	0	1.0	1.4246371	0.0026519932	3840000	3355.75039768219
128	4.3264613	2.1834962	9.425502	-0.084588625	34.875	32.4632	99.0	0.0	1000.0	200392.0	0.051780878552971574	0.41996294	0.4365911	2.5197768	-1.7324232	3.9429433	5.935498	46.24834	-3.279656	2.7939677e-09	-0.00069348136	-3.7252903e-08	0.00030543323	0.1422854	-0.10395604	14.285334	-7.973069	0	0	1.0	1.4253528	0.0013251847	3870000	3381.1319580078125
129	3.7156398	2.2469656	8.405362	-2.2854605	41.375	51.79592	214.0	0.0	1000.0	201530.0	0.05167435897435897	0.412119	0.44724447	2.416476	-1.4687188	3.8318374	5.785153	50.8806	-4.0269175	7.450581e-09	-0.0007542843	-4.4703484e-08	0.00064233807	0.13121602	-0.094804704	24.311298	-16.333878	0	0	1.0	1.4260654	0.0022983886	3900000	3406.224714279175
130	3.596585	1.6033593	5.8499928	0.60484064	47.625	57.57445	205.0	0.0	1000.0	203251.0	0.0517178117048346	0.3860338	0.43041733	1.9070908	-1.2829388	4.4621615	7.5097113	59.05783	-8.500636	-5.5879354e-09	-2.1622749e-05	0.0	-0.0008929677	0.09736698	-0.06843022	60.357796	-45.38412	0	0	1.0	1.4268146	0.0015902047	3930000	3431.808906555176
131	5.0561976	2.9488928	12.534175	-0.8940133	66.75	71.126205	274.0	0.0	1000.0	205037.0	0.0517770202020202	0.4705921	0.434864	1.9602238	-1.2286662	6.399526	8.990445	73.217545	-3.3463788	-9.313226e-09	-0.00062301196	-2.2351742e-08	-0.0010144013	0.13157064	-0.094393104	61.616295	-46.37547	0	0	1.0	1.4274151	0.0007396486	3960000	3457.015832424164
132	4.412956	1.7760807	8.508411	1.5233661	53.416668	64.438545	297.0	0.0	1000.0	206669.0	0.05179674185463659	0.45356286	0.45936567	2.3532376	-1.0678724	5.7971935	8.465346	77.27375	-4.5462203	0.0	-0.0006717867	0.0	0.0004052827	0.123852596	-0.091127895	53.761158	-40.011543	0	0	1.0	1.4282045	0.003165623	3990000	3482.1412053108215
133	4.209846	1.9577812	8.358258	0.52019936	38.958332	31.706308	130.0	0.0	1000.0	207923.0	0.05172213930348259	0.47396493	0.40319175	2.057126	-1.2897595	4.8562174	7.5404453	75.72869	-4.489013	-3.7252903e-09	-0.00038329442	2.6077032e-08	-0.0015520663	0.115588844	-0.07816517	28.558836	-20.90956	0	0	1.0	1.4288707	0.00056179205	4020000	3507.552865743637
134	4.137902	1.9392235	7.962371	0.9249218	62.125	61.73351	221.0	0.0	1000.0	209559.0	0.05174296296296296	0.40635803	0.41264227	2.1962986	-1.5099816	5.3313184	7.556409	55.158382	-5.242595	0.0	-0.0009834066	5.2154064e-08	0.000977505	0.10179656	-0.07048307	46.551964	-31.381372	0	0	1.0	1.429455	0.0013538712	4050000	3532.9354219436646
135	4.135027	1.818515	7.8542957	0.71505487	42.833332	26.933044	94.0	0.0	1000.0	210819.0	0.05167132352941176	0.3979841	0.408253	2.197224	-1.4297645	5.264575	6.9837914	50.84084	-7.039999	-8.381903e-09	-0.0010422418	2.9802322e-08	-0.00079422444	0.11172481	-0.0796179	24.38925	-16.18883	0	0	1.0	1.4300752	0.000766673	4080000	3558.3153274059296
136	4.7431703	2.2518742	10.027944	0.38582787	51.125	36.130913	142.0	0.0	1000.0	212297.0	0.051653771289537714	0.51954275	0.42966613	2.5897577	-1.3425275	4.49389	5.864831	53.213795	-2.5671384	0.0	-0.00030719	-2.2351742e-08	-0.0010566391	0.14954656	-0.109587215	19.261784	-11.209185	0	0	1.0	1.4307775	0.0009537323	4110000	3583.2769923210144
137	4.072311	2.240426	7.868054	-1.24833	35.166668	31.511461	112.0	0.0	1000.0	213511.0	0.05157270531400966	0.47430202	0.45733985	2.5135508	-1.7899706	4.608777	6.336119	48.231667	-4.3040557	4.656613e-09	-0.00070472376	-7.450581e-09	0.00025776168	0.13512944	-0.10157639	17.25681	-9.991913	0	0	1.0	1.4313092	0.002805872	4140000	3609.098224878311
138	4.2540116	2.941489	12.433968	-1.2201161	42.458332	34.189396	128.0	0.0	1000.0	214701.0	0.05148705035971223	0.43747738	0.42339674	2.1159978	-1.5128083	4.652379	5.961593	38.557495	-4.7382708	-3.7252903e-09	-0.00081533927	-7.450581e-09	0.003163225	0.13540962	-0.097960964	23.265907	-15.54268	0	0	1.0	1.4317293	0.001890022	4170000	3635.032572031021
139	4.20659	2.1643507	8.079833	0.25007796	51.916668	79.25009	362.0	0.0	1000.0	216168.0	0.051468571428571426	0.42616877	0.42044118	2.0393224	-1.093719	4.703502	6.7779155	44.205322	-3.3464189	2.7939677e-09	-0.0012010304	7.450581e-09	-0.0009327736	0.09050314	-0.063030854	54.2852	-45.73846	0	0	1.0	1.4320104	0.001595632	4200000	3660.734506368637
140	3.9633763	2.0738084	8.204772	-1.312366	38.458332	31.834179	94.0	0.0	1000.0	217395.0	0.051393617021276594	0.44401854	0.43675405	1.8001672	-2.0087128	4.24132	7.1291575	65.02489	-4.43171	-3.7252903e-09	-0.0012826989	2.4214387e-08	0.00055495114	0.13939856	-0.097145624	32.605614	-20.575037	0	0	1.0	1.4321659	0.0020654933	4230000	3687.6330046653748
141	4.3673635	2.1006904	8.7730875	-0.113960795	48.083332	29.767036	123.0	0.0	1000.0	218957.0	0.05139835680751174	0.39786693	0.41457972	1.7521875	-2.1007016	5.342946	6.73384	42.586536	-3.837316	-6.519258e-09	-0.0006645059	4.4703484e-08	0.00026333984	0.09511207	-0.06825419	31.134665	-18.389954	0	0	1.0	1.4324808	0.00094946026	4260000	3713.5211594104767
142	4.196943	2.39685	8.116878	0.12425118	39.541668	65.866646	285.0	0.0	1000.0	220223.0	0.051334032634032634	0.40317926	0.41228774	2.5180223	-0.9306294	4.647211	6.9042826	57.4816	-6.323619	0.0	-0.0003885281	7.450581e-09	-0.0007822807	0.09967314	-0.070860386	32.25714	-21.531757	0	0	1.0	1.4329642	0.00060817855	4290000	3738.5488975048065
143	5.15332	2.5308926	10.37806	0.22608842	37.208332	28.8386	99.0	0.0	1000.0	221449.0	0.051261342592592594	0.48913762	0.4373738	3.2411444	-1.1116008	4.85504	7.2705803	66.61144	-4.401164	6.519258e-09	-0.00063033553	7.450581e-09	-0.0010345131	0.1406771	-0.10188164	28.468994	-19.463284	0	0	1.0	1.4335011	0.0016426613	4320000	3763.593197584152
144	4.0483317	1.7720878	7.780804	0.7255695	48.625	80.659164	404.0	0.0	1000.0	222759.0	0.05120896551724138	0.45767942	0.47865716	2.984662	-1.1289335	4.3596697	7.4852657	72.07231	-5.979559	5.5879354e-09	-0.00023568794	7.450581e-09	0.00052209105	0.12006163	-0.086341314	45.356407	-36.080112	0	0	3.0	1.4335934	0.002178912	4350000	3788.018938064575
145	5.2449718	2.2377172	9.317215	1.7576196	49.458332	52.886654	199.0	0.0	1000.0	224082.0	0.05116027397260274	0.43813762	0.45381764	2.4726403	-1.4748651	4.8079963	8.043293	76.16568	-5.4353786	8.381903e-09	-0.00050130044	0.0	0.00047591096	0.15692239	-0.11216029	33.63434	-23.345318	0	0	1.0	1.4325094	0.00030666552	4380000	3812.483681678772
146	3.5065076	2.2967546	7.3700967	-0.96420217	60.791668	74.13782	292.0	0.0	1000.0	225752.0	0.05119092970521542	0.46085703	0.43464023	2.1289482	-1.8091192	5.5409536	9.752579	95.28603	-5.2787294	-5.5879354e-09	-0.00056849583	3.7252903e-09	0.0011248486	0.14151657	-0.11056296	41.348	-29.967987	0	0	1.0	1.4320365	0.0003905943	4410000	3836.9368636608124
147	4.476427	1.9380959	8.415361	0.02078415	35.541668	44.923992	196.0	0.0	1000.0	226902.0	0.051104054054054056	0.38176093	0.41162583	2.6220493	-1.4800575	5.3679237	8.745956	85.118965	-4.410199	1.21071935e-08	-0.0007110861	2.2351742e-08	-0.00051737914	0.114605054	-0.08318798	45.67582	-35.718437	0	0	1.0	1.4317684	0.00081456907	4440000	3861.3516840934753
148	4.870405	2.1551118	9.603071	2.0208197	59.958332	50.8736	223.0	0.0	1000.0	228767.0	0.05117829977628635	0.4215187	0.38660502	2.170751	-1.2128707	5.693593	9.65953	93.85975	-5.22892	7.450581e-09	-0.00066132576	-2.2351742e-08	0.0007330703	0.12565663	-0.087920696	51.252483	-36.421696	0	0	1.0	1.4314995	0.0007595237	4470000	3886.5176894664764
149	5.1119933	2.3674817	10.827971	0.5415525	53.625	50.203598	244.0	0.0	1000.0	230208.0	0.05115733333333333	0.4681607	0.42168543	2.411911	-1.2800326	6.3182864	8.918679	91.78906	-8.439688	0.0	-0.0008688854	-1.8626451e-09	0.0008099992	0.13021232	-0.08899592	34.491333	-25.082893	0	0	1.0	1.4312813	0.0013013781	4500000	3911.262367963791
150	4.0150347	1.9828981	7.963366	0.1685965	27.333334	26.028297	99.0	0.0	1000.0	231239.0	0.051046136865342165	0.462445	0.4348032	2.5790699	-1.4791653	5.136492	7.4932437	75.61555	-3.4089577	3.7252903e-09	-0.009960403	-2.9802322e-08	-0.0024150815	0.108434886	-0.08086705	35.199165	-26.978943	0	0	79.0	1.4309088	0.0060887136	4530000	3945.285477399826
151	4.430949	1.8516084	7.152148	0.09407171	59.5	46.113087	235.0	0.0	1000.0	232876.0	0.051069298245614035	0.45851308	0.39963445	1.9440289	-1.0206478	4.5138164	6.553058	60.2479	-5.856996	-7.450581e-09	-1.29783875e-05	2.9802322e-08	0.0025203964	0.10514761	-0.074237734	36.700718	-25.077206	0	0	4.0	1.4195293	0.008693731	4560000	3971.8217029571533
152	4.007938	1.9542865	9.588422	0.87940836	54.708332	98.920204	509.0	0.0	1000.0	234527.0	0.05109520697167756	0.47802195	0.4032471	1.9498447	-1.1640615	4.774727	6.3386283	64.88354	-6.185128	7.450581e-09	0.00090144866	5.9604645e-08	-0.0029970484	0.09473306	-0.06425698	98.34057	-85.14041	0	0	1.0	1.4178998	0.004305999	4590000	3997.3685400485992
153	4.25343	2.0267498	8.6515665	1.4406555	46.333332	49.59055	192.0	0.0	1000.0	235923.0	0.05106558441558442	0.3810825	0.41051927	2.29763	-1.303331	5.225845	7.4450827	67.162605	-3.7272356	1.1175871e-08	-0.00036038857	-7.4505806e-08	-0.0017238657	0.11693325	-0.08450218	34.127937	-24.128437	0	0	1.0	1.4171869	0.0007759896	4620000	4022.1429493427277
154	5.0865993	2.4171295	9.981363	-0.9540699	49.208332	52.29243	260.0	0.0	1000.0	237222.0	0.05101548387096774	0.45928198	0.43887448	2.0705733	-2.1006422	4.9902573	7.6879206	77.649216	-2.979016	1.9557774e-08	-0.0011980515	1.4901161e-08	0.0013217602	0.13472542	-0.09547289	37.441246	-25.090528	0	0	1.0	1.4166425	0.0032640863	4650000	4046.427329301834
155	4.3108897	2.0750687	9.870259	0.11718309	39.791668	34.90341	138.0	0.0	1000.0	238564.0	0.050975213675213675	0.4546397	0.4645517	2.5543752	-1.0459099	4.678551	7.178148	72.95308	-4.7186985	3.7252903e-09	-0.0005990218	3.7252903e-09	-0.0006819358	0.12795287	-0.09683848	30.50661	-19.98915	0	0	1.0	1.4160364	0.0008176533	4680000	4071.5484685897827
156	4.944476	1.7735778	8.249489	1.0546447	59.375	51.91966	220.0	0.0	1000.0	240445.0	0.051049893842887474	0.4832052	0.41897094	2.5959804	-1.0595529	5.027963	6.9872503	67.23251	-4.4557467	9.313226e-09	-0.00011566444	-2.6077032e-08	-0.001908144	0.12045492	-0.08498086	51.84407	-38.21483	0	0	1.0	1.4155357	0.0011981507	4710000	4096.021190166473
157	4.606601	1.897145	9.554483	1.9257114	52.458332	39.740807	148.0	0.0	1000.0	241909.0	0.05103565400843882	0.44863543	0.45786512	2.756506	-0.9225591	6.175144	7.5642066	52.801327	-3.0128906	1.8626451e-09	-0.0004255916	-1.1175871e-08	0.00031673117	0.122630015	-0.08765737	43.96512	-31.64959	0	0	1.0	1.4152505	0.00039242045	4740000	4120.32946228981
158	4.768604	2.0501144	9.171341	1.4992144	39.041668	36.38736	129.0	0.0	1000.0	243237.0	0.05099308176100629	0.43472844	0.43775833	1.9763893	-1.7137302	4.8673706	6.171336	48.590267	-3.8000922	-1.1175871e-08	-0.00046307538	7.450581e-09	-0.0013784138	0.1223194	-0.08822074	46.175713	-36.116062	0	0	1.0	1.4150884	0.0012638394	4770000	4144.980883598328
159	4.056091	2.3847437	7.7596297	-0.8816323	57.833332	44.070652	147.0	0.0	1000.0	244899.0	0.051020625	0.46018353	0.4425746	2.1289747	-1.3652979	5.0968966	7.2691307	56.340233	-4.621109	-1.1641532e-08	-0.0005956896	-1.4901161e-08	-0.0004981764	0.12275085	-0.09100711	50.342125	-35.461136	0	0	1.0	1.414926	0.0005602348	4800000	4170.59219789505
160	4.3900514	2.6511526	11.278014	-0.5940268	25.666666	23.46037	82.0	0.0	1000.0	245768.0	0.05088364389233954	0.38530266	0.42360067	2.3293464	-1.3969886	4.6936903	6.6467304	63.858036	-4.2368526	7.450581e-09	-0.0004687835	4.8428774e-08	-0.00028151507	0.13386916	-0.09925228	25.079689	-18.056492	0	0	1.0	1.4149457	0.00041803898	4830000	4195.58358669281
161	4.7255025	2.1561751	8.734232	1.0421362	54.125	36.294296	197.0	0.0	1000.0	247212.0	0.050866666666666664	0.47758	0.47578895	2.4867027	-1.5005999	4.1680374	5.7084465	51.576015	-5.2035494	-6.0535967e-09	-0.0007884543	-2.2351742e-08	-0.00058242865	0.14639944	-0.10780628	22.27934	-13.454262	0	0	1.0	1.4149597	0.0010310871	4860000	4219.673008680344
162	4.859896	1.8352195	7.654136	0.2172955	46.583332	40.082123	131.0	0.0	1000.0	248666.0	0.0508519427402863	0.47773463	0.45142624	2.9360769	-1.0980178	5.0451927	6.116895	42.979958	-4.734068	7.450581e-09	-0.0006049569	-1.4901161e-08	-0.0005594995	0.121992886	-0.09162444	27.407322	-18.228348	0	0	1.0	1.4150802	0.00086300727	4890000	4243.89285326004
163	4.868145	2.536182	11.141078	-3.1963499	47.041668	40.634014	143.0	0.0	1000.0	249976.0	0.05080813008130081	0.48715904	0.41820428	2.4665842	-1.2995805	4.520559	6.954421	57.59842	-4.351642	-1.8626451e-09	-0.00029201154	3.7252903e-09	0.00039507565	0.13480543	-0.10557154	23.69586	-14.284315	0	0	1.0	1.415242	0.000420483	4920000	4268.550559520721
164	3.8215878	2.2325695	9.441124	-0.03184728	63.041668	93.97982	470.0	0.0	1000.0	251718.0	0.05085212121212121	0.4278483	0.42733243	2.0891924	-0.9348848	5.4418287	8.921541	84.40018	-5.248695	4.656613e-09	-0.00097031356	0.0	8.5310545e-05	0.105262	-0.078760706	54.830643	-43.579597	0	0	1.0	1.4153161	0.0017710443	4950000	4293.152162075043
165	4.6083527	2.7336626	9.926092	-2.79575	23.75	24.42207	84.0	0.0	1000.0	252511.0	0.05070502008032129	0.39336738	0.44905847	1.9295924	-1.3938379	4.281235	6.02358	50.480434	-7.534827	-7.450581e-09	-0.008810277	-7.450581e-09	0.004483084	0.11649498	-0.08243209	22.331207	-15.104679	0	0	79.0	1.4151965	0.0056649633	4980000	4325.569745063782
166	3.8519146	2.1727734	8.429066	-0.10599945	64.958336	48.353283	214.0	0.0	1000.0	254437.0	0.050785828343313376	0.5011958	0.4396082	2.678877	-0.7957015	4.6219735	6.306826	48.595886	-3.9332135	9.313226e-10	-0.009136857	7.450581e-09	-0.004240498	0.12974885	-0.09546855	37.716278	-22.358227	0	0	79.0	1.391866	0.0056111435	5010000	4357.299368858337
167	4.831399	2.1183045	8.602281	1.4236606	44.5	58.025856	249.0	0.0	1000.0	255820.0	0.05075793650793651	0.41024578	0.43555996	2.0467606	-1.2268295	5.3919926	7.039847	76.83055	-12.732576	-3.0267984e-09	-0.009231906	-7.450581e-09	0.001746513	0.122214384	-0.08583459	45.26068	-34.945854	0	0	79.0	1.3740776	0.0050788163	5040000	4389.075914144516
168	4.6667466	2.0529497	8.253438	1.2121036	51.333332	41.376995	127.0	0.0	1000.0	257341.0	0.05075759368836292	0.5138173	0.46496043	2.4579215	-1.117048	5.161284	6.596337	49.479103	-6.7753587	1.8626451e-08	-0.008806935	-2.2351742e-08	0.0014334072	0.09936701	-0.06324818	34.873055	-23.228325	0	0	79.0	1.3634226	0.005669692	5070000	4420.929660797119
169	4.851839	1.5533499	7.622056	1.8263144	62.625	78.697105	357.0	0.0	1000.0	259045.0	0.05079313725490196	0.4820011	0.42136222	2.362866	-1.2226604	4.998877	7.277894	58.736126	-4.8071704	2.0489097e-08	-0.009720361	3.7252903e-09	-0.004839834	0.11475006	-0.078446805	49.45655	-36.34997	0	0	79.0	1.3542795	0.005662259	5100000	4453.091640472412
170	4.457688	2.3894422	10.05021	0.9448271	40.708332	35.878822	135.0	0.0	1000.0	260116.0	0.05070487329434698	0.4097071	0.43854648	2.2181711	-1.3400434	5.0531044	8.773348	86.005516	-6.900608	7.916242e-09	-0.010024311	7.4505806e-08	0.0023258943	0.1135201	-0.08091745	28.876862	-21.77391	0	0	79.0	1.3374884	0.0067541953	5130000	4485.239606380463
171	5.097007	1.985824	8.108983	1.2898942	53.208332	49.793724	222.0	0.0	1000.0	261795.0	0.05073546511627907	0.48560122	0.41618708	2.170742	-1.0701348	5.2598004	6.6082063	54.57826	-4.863758	0.0	-0.009854414	-5.2154064e-08	0.008549914	0.12155329	-0.08610393	48.591263	-31.831367	0	0	79.0	1.2936273	0.006029751	5160000	4517.345430612564
172	5.0277877	1.9523915	8.519681	1.2541349	39.583332	40.90326	151.0	0.0	1000.0	262972.0	0.05066897880539499	0.5106913	0.4299854	2.062392	-0.8592032	4.4939795	6.6956534	65.763054	-4.2194185	2.7939677e-09	-0.010073959	7.450581e-09	0.0018822108	0.12791511	-0.08920486	24.030396	-16.945683	0	0	79.0	1.2852371	0.0058605634	5190000	4549.1906497478485
173	5.4331193	2.045839	9.338647	2.5069315	45.833332	42.451607	135.0	0.0	1000.0	264409.0	0.05065306513409962	0.5345908	0.39670864	2.3533409	-0.8881134	4.601118	6.3238845	52.801083	-3.0898278	7.450581e-09	-0.009948105	-1.4901161e-08	0.00026499014	0.14604631	-0.112650335	27.824177	-17.371758	0	0	79.0	1.268861	0.0065307845	5220000	4581.411447763443
174	4.8935866	2.5520205	12.257634	0.065113045	37.5	29.62966	111.0	0.0	1000.0	265460.0	0.050563809523809525	0.5049145	0.42629063	1.9820473	-1.6006937	4.2671113	5.626385	38.034626	-6.0986876	-7.450581e-09	-0.0011343684	2.9802322e-08	-0.0004727618	0.15430242	-0.115558736	11.878637	-6.671732	0	0	5.0	1.2585422	0.0028848501	5250000	4606.192464590073
175	5.433583	2.3923285	11.564523	0.69858396	42.916668	39.708225	123.0	0.0	1000.0	266821.0	0.0505342803030303	0.52162933	0.42934093	2.3748565	-1.4551585	4.1359243	6.1851497	42.15924	-6.3076506	-1.071021e-08	0.017438613	1.8626451e-08	0.0012649391	0.12032613	-0.084669076	30.70988	-18.756657	0	0	1.0	1.25913	0.026615873	5280000	4631.312437534332
176	4.4499736	2.3288262	8.390314	0.2303845	55.0	52.675896	230.0	0.0	1000.0	268364.0	0.05053935969868173	0.4981404	0.4146636	2.018304	-1.1067392	5.0050335	8.277846	71.22614	-5.6193466	-1.3038516e-08	0.0025877838	0.0	-0.0025467179	0.10694599	-0.075886704	32.71023	-22.978222	0	0	1.0	1.2595105	0.0088207135	5310000	4655.513548851013
177	4.851233	2.4292753	8.239986	-0.04270406	43.166668	36.834843	104.0	0.0	1000.0	269615.0	0.050489700374531835	0.49301657	0.4151936	2.142716	-0.9422943	4.32717	6.2256713	40.830647	-7.5137177	-1.8626451e-09	-0.0004032564	9.313226e-09	-0.0024917256	0.10610692	-0.07578021	23.511774	-14.954625	0	0	1.0	1.2597721	0.004383052	5340000	4679.974504232407
178	4.5212183	2.2434747	9.0735655	0.3963777	52.291668	35.379463	114.0	0.0	1000.0	271133.0	0.0504903165735568	0.46363166	0.40804705	2.596636	-1.085223	5.0987663	7.260175	54.727318	-4.703346	-1.3038516e-08	0.002388414	2.9802322e-08	-0.0046454836	0.11787937	-0.08593051	26.764357	-16.087292	0	0	1.0	1.2601552	0.0092456015	5370000	4704.486340045929
179	5.0285416	2.9250152	10.815376	-0.21547401	50.166668	47.760395	173.0	0.0	1000.0	272684.0	0.050497037037037035	0.41020098	0.42412406	2.5145912	-1.1750711	4.9689517	7.7481456	59.624676	-8.290148	3.7252903e-09	-9.706849e-05	0.0	0.0015513182	0.16348158	-0.12244359	37.94174	-26.365902	0	0	1.0	1.2609799	0.002676378	5400000	4728.863926410675
180	4.359306	2.9522479	11.349228	-2.0255084	47.333332	50.6291	202.0	0.0	1000.0	274230.0	0.05050276243093923	0.4505346	0.457995	2.6127272	-1.0898758	5.0657988	7.182991	68.0329	-5.666654	-3.7252903e-09	0.005570819	-7.450581e-09	0.002474334	0.12219162	-0.08675958	39.5127	-26.695183	0	0	1.0	1.2620673	0.013654113	5430000	4753.813628435135
181	5.235742	2.4509203	10.854365	0.99103695	58.666668	47.57246	161.0	0.0	1000.0	275870.0	0.05052564102564103	0.49546003	0.43272212	2.236537	-1.3606367	5.438319	7.48397	62.810413	-6.6224346	1.3038516e-08	-0.00012957971	-2.9802322e-08	-0.0033927755	0.13640194	-0.10421018	34.601273	-23.229939	0	0	1.0	1.2629731	0.006934121	5460000	4778.219187498093
182	5.2009463	2.3453662	10.069954	0.7679546	56.666668	49.987217	168.0	0.0	1000.0	277453.0	0.05053788706739527	0.52136797	0.42665192	2.296739	-1.0408672	5.619647	7.558737	49.46195	-3.7039645	-9.313226e-09	-0.0002743539	0.0	0.004123003	0.12809406	-0.093833946	25.7641	-16.427431	0	0	1.0	1.2636759	0.004306606	5490000	4802.591703653336
183	4.7909036	2.1385427	9.135705	1.2968528	45.916668	48.43373	204.0	0.0	1000.0	278849.0	0.050516123188405794	0.49982303	0.46116665	2.4552495	-1.4997551	5.359453	7.143226	54.25232	-4.660144	1.1175871e-08	0.004752773	-1.4901161e-08	-0.0030104578	0.1560086	-0.11753064	26.995007	-17.54961	0	0	1.0	1.2644289	0.013001375	5520000	4826.781576395035
184	4.0315614	2.2643437	8.484203	0.4639225	52.208332	60.413834	284.0	0.0	1000.0	280348.0	0.050513153153153155	0.4315121	0.4825432	2.334308	-1.5012479	4.6165032	7.518876	57.180035	-6.3351583	-9.313226e-10	-0.00036519836	4.0978193e-08	0.0004113468	0.13672443	-0.104625404	31.218678	-22.047312	0	0	1.0	1.2653275	0.0005480454	5550000	4850.90539598465
185	5.1566877	2.1104333	7.575668	-0.82936305	50.916668	49.14851	211.0	0.0	1000.0	281759.0	0.050494444444444446	0.45213223	0.43174624	2.166485	-2.132933	5.105535	7.0231624	64.22556	-3.307697	9.313226e-09	-0.00018072582	5.9604645e-08	0.00032940274	0.121790454	-0.094808966	41.82242	-29.09676	0	0	1.0	1.2664995	0.0012640757	5580000	4875.598262786865
186	3.9208858	2.6126842	8.733289	-2.7137768	45.916668	51.03015	246.0	0.0	1000.0	283175.0	0.05047682709447415	0.5240093	0.4424263	2.440845	-1.866238	5.100468	7.153665	52.024662	-3.8800602	5.5879354e-09	0.004544435	0.0	0.004560314	0.15788925	-0.12359387	43.323837	-33.206955	0	0	1.0	1.268009	0.012392087	5610000	4899.890230417252
187	4.846211	2.8546765	12.020483	0.84688663	60.625	65.14587	334.0	0.0	1000.0	284913.0	0.050516489361702124	0.4417281	0.4179916	2.1803346	-1.124118	5.758005	8.246773	56.685944	-4.4221077	1.1175871e-08	-0.000191562	1.4901161e-08	0.0012420563	0.17690282	-0.13005184	41.0915	-28.912468	0	0	1.0	1.2694072	0.0034122271	5640000	4924.323290586472
188	4.7011085	1.9642667	8.305552	1.1263137	53.125	39.43065	131.0	0.0	1000.0	286283.0	0.050490828924162255	0.48781738	0.42449218	2.1222255	-1.0646274	4.4995127	6.190853	48.74761	-3.7423275	9.313226e-10	0.0022146795	-2.4214387e-08	-0.0006063911	0.14959037	-0.115428634	28.588928	-19.37688	0	0	1.0	1.2707169	0.009240964	5670000	4949.034563302994
189	5.547174	2.6508603	11.771858	-0.18294838	41.375	27.187332	101.0	0.0	1000.0	287600.0	0.05045614035087719	0.48763567	0.428441	2.2321372	-1.0519471	5.0069876	6.521406	43.155567	-5.511265	1.1175871e-08	-0.00042209768	-8.381903e-09	-0.0003021576	0.13690566	-0.10361033	18.86695	-11.160268	0	0	1.0	1.2719706	0.0005577158	5700000	4973.311009168625
190	4.164861	2.886766	8.97527	-3.7062654	54.416668	46.975098	175.0	0.0	1000.0	289178.0	0.0504673647469459	0.52858114	0.47114176	3.4286833	-1.2295842	4.3488793	5.67807	47.560333	-3.4309087	0.0	-0.0010087759	1.1175871e-08	0.00094341114	0.16047564	-0.12722848	28.540918	-19.71442	0	0	1.0	1.2728491	0.0014369071	5730000	4998.341831922531
191	5.2462716	1.5399244	8.1812	2.2778823	39.791668	32.832882	111.0	0.0	1000.0	290387.0	0.05041440972222222	0.50309294	0.39221796	2.1844506	-1.0533265	5.8913245	7.0202093	51.364704	-3.0272503	4.656613e-09	-0.00074880215	7.450581e-09	-0.0005371016	0.116050504	-0.0859327	22.813065	-15.276155	0	0	1.0	1.27367	0.005027128	5760000	5023.883773565292
192	4.911367	1.7504168	8.11157	1.1296468	38.5	32.775753	111.0	0.0	1000.0	291510.0	0.05034715025906736	0.45471692	0.40512943	2.1376967	-1.2680696	4.0089746	5.549412	33.810066	-4.8056097	-9.313226e-09	-0.0004843881	-1.1175871e-08	-0.00023190561	0.108825244	-0.08135381	15.851212	-8.7112055	0	0	1.0	1.2744398	0.0005908679	5790000	5049.7982840538025
193	4.4593573	1.9463804	8.895242	0.42438775	47.291668	39.59743	182.0	0.0	1000.0	292881.0	0.05032319587628866	0.4392214	0.4167845	1.8799648	-1.2554852	4.494361	6.327971	55.830494	-6.639989	1.1175871e-08	-0.0006719985	-2.2351742e-08	-0.000896367	0.13851282	-0.10821828	25.49214	-16.707083	0	0	1.0	1.2751818	0.00066886505	5820000	5074.698001861572
194	4.4493046	2.3484962	8.263461	0.1600269	38.75	42.24063	133.0	0.0	1000.0	294073.0	0.05026888888888889	0.48779085	0.44396085	2.3775911	-1.0907412	3.9745226	5.5205445	43.886158	-2.478704	1.4901161e-08	-0.00067882193	2.9802322e-08	-0.00026474055	0.14517388	-0.11420478	24.657576	-17.482708	0	0	1.0	1.2761105	0.0021147965	5850000	5098.933486223221
195	4.541329	2.8644848	11.80375	0.35389143	49.333332	49.08977	172.0	0.0	1000.0	295540.0	0.050261904761904765	0.45500392	0.4126623	2.1960065	-1.2027748	5.0995355	7.534985	67.97173	-2.1638255	-9.313226e-10	-0.00058618083	-7.450581e-09	0.00027439278	0.13543664	-0.104490444	32.30976	-21.590408	0	0	1.0	1.2770174	0.00058733893	5880000	5123.905282497406
196	4.854525	2.300752	10.071519	0.9540927	56.75	39.794525	121.0	0.0	1000.0	297270.0	0.0502994923857868	0.49231955	0.48239395	2.6241422	-1.4737561	5.1366634	7.0679197	64.17901	-3.4251463	1.6763806e-08	-0.0008351556	-1.8626451e-08	8.692639e-05	0.1340261	-0.0981908	26.356995	-16.890732	0	0	1.0	1.2778602	0.0025654621	5910000	5147.971133708954
197	4.3362136	2.7272985	8.541903	-3.633402	42.583332	35.370556	114.0	0.0	1000.0	298447.0	0.050243602693602694	0.43028352	0.428718	2.4805226	-1.4592538	4.4346533	5.924291	40.242958	-3.3713536	2.0489097e-08	-0.00037498306	-1.1175871e-08	0.00017286628	0.11378435	-0.08772296	16.885315	-10.956457	0	0	1.0	1.2785732	0.00048172174	5940000	5172.116358995438
198	5.282161	3.1997886	12.974153	0.5975126	39.666668	37.210735	119.0	0.0	1000.0	299707.0	0.050202177554438863	0.42914093	0.4002379	2.106852	-1.2896719	4.468122	6.3605924	45.5007	-5.302906	2.7939677e-09	-0.0005572953	-1.8626451e-08	-0.0005178419	0.1631839	-0.120593175	18.542404	-11.844036	0	0	1.0	1.2795416	0.0007376736	5970000	5196.340478658676
199	4.8851886	2.5868611	12.502945	1.1454098	52.875	57.405945	193.0	0.0	1000.0	301237.0	0.05020616666666667	0.49412447	0.441003	3.0630372	-1.117709	4.982243	6.528404	48.810123	-4.238363	-7.450581e-09	-0.0013023345	1.4901161e-08	-0.00027743168	0.14395227	-0.1097118	33.61534	-24.085709	0	0	1.0	1.2804191	0.0025949304	6000000	5220.599115610123
200	3.834051	1.8630663	7.638432	0.26257682	41.125	37.524784	155.0	0.0	1000.0	302491.0	0.05016434494195688	0.4582788	0.4375421	2.5882833	-1.0387275	4.0503135	5.6884546	47.532974	-5.54113	5.5879354e-09	-0.00080522726	-7.450581e-09	-0.00042905658	0.11859578	-0.08572072	28.701313	-18.87931	0	0	1.0	1.2809181	0.00064481294	6030000	5245.31835603714
201	5.2715564	2.0350823	8.306137	0.06260997	56.125	46.32252	194.0	0.0	1000.0	304011.0	0.050166831683168316	0.4354877	0.38927308	2.0893314	-1.24968	5.2774243	7.06368	54.660805	-3.5598733	1.1641532e-08	-0.00032346262	-5.2154064e-08	-0.0010236381	0.12962684	-0.09508553	38.73383	-28.931877	0	0	1.0	1.2813954	0.00042192382	6060000	5269.465592622757
202	5.2055435	2.1787322	10.184476	1.464021	65.208336	63.421196	276.0	0.0	1000.0	305868.0	0.05022463054187192	0.5097697	0.43135756	2.4754968	-0.92166907	5.375159	7.6755495	71.5705	-5.569336	-9.313226e-09	-0.0007013909	7.4505806e-08	0.0014707926	0.12300509	-0.08547783	75.90962	-63.665657	0	0	1.0	1.2816588	0.0009311115	6090000	5293.672483921051
203	4.6491146	2.0141919	8.13629	0.7641027	37.0	38.30361	136.0	0.0	1000.0	307172.0	0.05019150326797386	0.45484453	0.4334805	2.2404833	-1.2183394	5.236971	7.3547845	57.782166	-5.964179	2.0954758e-09	-0.00064735464	1.8626451e-08	-0.0008263851	0.10126241	-0.06764309	40.270164	-30.724342	0	0	1.0	1.2818075	0.0005720262	6120000	5317.830182313919
204	4.861216	2.3393395	9.213072	-0.06753834	55.291668	51.309906	199.0	0.0	1000.0	308690.0	0.05019349593495935	0.46895847	0.4483431	2.207321	-1.2445589	4.7691865	6.6467695	47.081017	-4.3087425	5.5879354e-09	-0.0004463503	2.2351742e-08	-0.00070966315	0.12781961	-0.09231113	28.203562	-19.129019	0	0	1.0	1.2820323	0.0004295103	6150000	5342.176772117615
205	4.8424535	2.416402	9.316581	-0.011100879	42.916668	43.849094	188.0	0.0	1000.0	310048.0	0.05016957928802589	0.47716346	0.43030226	2.0274522	-1.3386025	4.6762967	6.852701	54.59519	-2.5932817	-5.5879354e-09	-0.00045490917	-1.4901161e-08	-2.9398943e-06	0.13270888	-0.09728113	26.73718	-15.830221	0	0	1.0	1.282032	0.0003828237	6180000	5367.12021946907
206	4.3405194	2.006704	7.6760645	0.16567306	62.708332	34.97437	138.0	0.0	1000.0	311799.0	0.05020917874396135	0.47676244	0.47314253	2.917925	-1.1158433	5.6296196	6.984573	50.980007	-4.5475855	1.8626451e-08	-0.0005170461	-2.6077032e-08	0.0007542493	0.14506932	-0.10955657	34.69288	-22.0001	0	0	1.0	1.2821434	0.0019506635	6210000	5391.396243095398
207	5.0834317	3.7813492	10.734107	-3.5226483	44.375	38.17483	155.0	0.0	1000.0	313059.0	0.05016971153846154	0.4933337	0.4306031	2.446442	-1.1537377	4.919059	6.632766	43.57605	-3.9721403	-1.8626451e-09	-0.009256013	-4.4703484e-08	-0.0014321251	0.19898981	-0.15776604	28.219236	-18.579065	0	0	79.0	1.2821658	0.00541533	6240000	5423.022397279739
208	4.1159363	2.7399447	9.638618	-1.9166526	41.958332	53.206738	245.0	0.0	1000.0	314466.0	0.05015406698564593	0.4337864	0.48647454	2.5850332	-1.2209677	4.8143735	6.978872	55.75586	-8.294844	1.1175871e-08	-0.0094130505	2.2351742e-08	-0.0010008018	0.1053372	-0.07983242	42.349743	-31.15313	0	0	79.0	1.2699134	0.005580132	6270000	5454.763075351715
209	4.581694	2.022321	10.442589	1.4266269	45.125	38.06498	120.0	0.0	1000.0	315907.0	0.05014396825396825	0.5080134	0.4101056	2.3075051	-1.3671376	5.064486	7.197109	61.37336	-7.437549	7.450581e-09	-0.010221151	7.450581e-09	-0.0016178044	0.08684325	-0.059634674	30.027111	-21.786987	0	0	79.0	1.2531238	0.005991418	6300000	5486.34055352211
210	4.7450776	2.1549463	8.646795	0.6585201	38.958332	28.458271	95.0	0.0	1000.0	317088.0	0.05009289099526067	0.46372363	0.40900993	2.7466729	-0.9905448	4.924403	7.2505207	65.734024	-4.54156	1.8626451e-09	-0.009483196	1.1175871e-08	0.001948772	0.12773809	-0.08815743	29.210585	-19.1862	0	0	79.0	1.2229428	0.0051817866	6330000	5518.451897621155
211	4.758352	2.4116242	9.075828	0.12992229	60.0	55.76289	201.0	0.0	1000.0	318823.0	0.05012940251572327	0.46116582	0.4118775	1.9352032	-1.3532655	5.05281	7.462494	58.916077	-5.8248835	-1.3038516e-08	0.002367828	2.9802322e-08	-0.002220891	0.11184826	-0.076000184	38.10114	-27.98343	0	0	7.0	1.2074733	0.009875563	6360000	5543.332114934921
212	4.2004304	1.8796586	7.4681916	0.40346897	42.458332	30.372656	136.0	0.0	1000.0	320042.0	0.0500848200312989	0.40988985	0.44073558	2.0948293	-1.4127417	4.3360744	6.9095354	56.668495	-7.7174506	1.1175871e-08	0.0013348785	-1.1175871e-08	-0.00038311724	0.10731968	-0.07658905	23.905933	-16.65674	0	0	1.0	1.2062446	0.007983603	6390000	5567.660857915878
213	5.206924	2.775179	12.790418	0.9712541	43.25	29.975336	123.0	0.0	1000.0	321282.0	0.050043925233644856	0.46874437	0.40731362	2.0096586	-1.0830201	4.3364353	5.883516	44.509064	-5.1791587	-5.5879354e-09	0.003031292	0.0	-0.00091610476	0.13650307	-0.09763755	16.890999	-10.274117	0	0	1.0	1.205511	0.00815471	6420000	5591.81801199913
214	5.8863106	2.763308	13.100828	2.6593618	50.291668	59.76027	287.0	0.0	1000.0	322760.0	0.05004031007751938	0.54965377	0.481469	2.9865303	-1.4220926	4.1798363	6.200863	40.967297	-4.561207	1.8626451e-08	0.0013962581	4.0978193e-08	0.0017179111	0.17888695	-0.13109216	59.016586	-43.622383	0	0	1.0	1.2047126	0.008343294	6450000	5616.239718437195
215	5.6347327	2.4132402	11.589153	-0.14976011	33.375	41.781986	185.0	0.0	1000.0	323684.0	0.04995123456790124	0.5724282	0.49300843	2.9270527	-1.3631637	3.796392	6.6077056	69.361046	-3.8939915	1.8626451e-09	-0.00021269024	-1.4901161e-08	-0.002081118	0.14940387	-0.10891436	38.151634	-28.66106	0	0	1.0	1.2042121	0.0033073514	6480000	5641.272126913071
216	4.588985	1.9662329	7.209363	0.6386963	43.708332	35.98782	164.0	0.0	1000.0	325123.0	0.049942089093702	0.5019364	0.44902423	2.778188	-1.3079551	4.0936527	6.742362	64.212265	-4.3373094	-3.7252903e-09	-0.001173114	7.450581e-09	-0.0004869505	0.11096248	-0.08549984	28.701515	-18.999947	0	0	1.0	1.2041751	0.0027534293	6510000	5665.544712305069
217	5.4523487	1.654869	8.449485	2.4963913	36.375	27.273022	89.0	0.0	1000.0	326315.0	0.04989525993883792	0.4921469	0.43331382	1.8420461	-1.6557323	4.8046722	6.7872167	59.468925	-3.3034642	-4.656613e-10	-0.00010592828	-1.1175871e-08	0.0010477677	0.13478342	-0.093526006	25.939411	-17.785656	0	0	1.0	1.2042125	0.0043128557	6540000	5689.911143064499
218	5.489311	2.3001277	10.448969	1.6955343	61.875	42.387413	150.0	0.0	1000.0	327993.0	0.04992283105022831	0.55848867	0.42453164	1.9581002	-0.9911426	5.2384324	5.9334197	47.5503	-7.792452	9.313226e-10	-0.0009648823	-1.6763806e-08	0.0011451303	0.12004858	-0.083473295	31.561996	-18.311127	0	0	1.0	1.2043446	0.0020886273	6570000	5714.1566524505615
219	5.056663	2.7148108	11.787635	0.9458694	50.75	54.93879	255.0	0.0	1000.0	329400.0	0.04990909090909091	0.4816582	0.42337376	2.258081	-0.9437036	4.4686694	6.2756305	56.943905	-7.248266	9.313226e-09	-0.0012529854	4.284084e-08	-0.0008097978	0.108670495	-0.07579222	50.196148	-38.40402	0	0	1.0	1.2047927	0.002385763	6600000	5738.448025941849
220	5.4126534	1.9087445	9.707915	2.3775344	39.708332	34.83231	100.0	0.0	1000.0	330703.0	0.04987978883861237	0.48331353	0.4476742	2.3767831	-1.3202007	4.4039283	6.6698427	63.50554	-3.1828408	-3.7252903e-09	0.00040832034	-1.6763806e-08	-0.0015570219	0.12736571	-0.0955022	22.190365	-14.28617	0	0	1.0	1.2054706	0.0043570334	6630000	5764.192225694656
221	4.3145003	2.033368	9.473996	1.257691	36.083332	38.365475	177.0	0.0	1000.0	331965.0	0.049844594594594595	0.4945591	0.43862367	2.4388416	-0.9972902	4.547323	6.676526	63.32997	-2.4926326	2.0489097e-08	-0.0003736664	-7.450581e-09	-0.001488748	0.12339985	-0.08924661	35.935677	-24.514156	0	0	1.0	1.2059317	0.0010268824	6660000	5789.82939863205
222	5.255885	3.0178924	9.542259	-4.140381	44.041668	29.098223	106.0	0.0	1000.0	333264.0	0.0498152466367713	0.5456424	0.4588195	2.529769	-1.4156137	3.9985015	5.836495	48.05805	-6.875149	-3.7252903e-09	-0.00033782574	0.0	-0.0007292889	0.16030642	-0.124994755	17.930466	-10.104933	0	0	1.0	1.2065738	0.0012939195	6690000	5814.530600786209
223	4.8553314	2.130308	9.659864	1.3712126	39.5	29.398129	112.0	0.0	1000.0	334652.0	0.04979940476190476	0.4746407	0.4419305	2.700361	-1.250355	4.4589744	6.255661	61.52041	-8.157215	-3.7252903e-09	-0.00053596793	1.4901161e-08	0.0007960435	0.13940792	-0.10505052	37.562355	-26.383999	0	0	1.0	1.2072183	0.0007314207	6720000	5839.591700792313
