Epoch	AverageEpRet	StdEpRet	MaxEpRet	MinEpRet	AverageEpCost	StdEpCost	MaxEpCost	MinEpCost	EpLen	CumulativeCost	CostRate	AverageVVals	StdVVals	MaxVVals	MinVVals	AverageCostVVals	StdCostVVals	MaxCostVVals	MinCostVVals	LossPi	DeltaLossPi	SurrCost	DeltaSurrCost	LossV	DeltaLossV	LossVC	DeltaLossVC	Penalty	DeltaPenalty	StopIter	Entropy	KL	TotalEnvInteracts	Time
0	-0.31396297	0.94169456	1.1180116	-3.289525	9.708333	11.099847	42.0	0.0	1000.0	284.0	0.009466666666666667	0.75101465	0.50749445	2.056388	-1.1057891	-0.33255088	0.1215225	0.30186218	-0.8893298	-1.1175871e-08	0.016398784	-3.7252903e-09	-0.0034621581	0.9518073	-0.84839934	6.4181037	-2.4368317	0.99999994	-0.031175494	1.0	1.837877	0.046225093	30000	25.98779845237732
1	-0.27591866	0.9558786	1.79303	-2.6368673	10.833333	12.889488	42.0	0.0	1000.0	635.0	0.010583333333333333	0.07551291	0.31830466	0.8612156	-1.1281993	0.6445381	0.88796973	4.53395	-1.825746	-1.3969839e-08	0.028333211	-2.561137e-08	-0.0012571306	0.11150663	-0.029242476	6.9854784	-1.4878112	0.96882445	-0.030410647	1.0	1.8389707	0.08257678	60000	50.50246071815491
2	0.012001167	0.9076484	2.303119	-1.8855826	3.3333333	5.5652695	19.0	0.0	1000.0	763.0	0.008477777777777779	-0.033080474	0.38717005	0.687497	-1.0946281	1.1265639	1.3509704	8.066276	-2.2470937	-1.8626451e-09	0.0006544356	7.450581e-09	0.0001234058	0.07114084	-0.01381761	2.8318877	-1.0047433	0.9384138	-0.029770851	1.0	1.8397744	0.006014007	90000	75.21308279037476
3	-0.25972733	0.93914014	1.492872	-3.0608346	8.666667	9.927515	37.0	0.0	1000.0	1046.0	0.008716666666666666	-0.013449197	0.31358036	0.5122557	-0.92057914	0.7938133	0.6343514	3.7115633	-0.9190442	3.7252903e-09	-0.00025233364	3.7252903e-09	-0.0003701565	0.055798557	-0.0111094825	3.2650888	-0.34659803	0.90864295	-0.029180586	1.0	1.8404605	0.006953558	120000	100.09269690513611
4	-0.24619181	0.716919	1.1017555	-1.8587841	9.041667	10.941051	43.0	0.0	1000.0	1303.0	0.008686666666666667	-0.024888242	0.36125588	0.60843635	-0.94208574	1.0790397	0.92924917	5.0167027	-0.92144305	1.3038516e-08	-0.0068431003	4.656613e-09	-0.006878506	0.042488445	-0.010772392	4.156597	-0.6978823	0.87946236	-0.02810514	79.0	1.84102	0.0075797425	150000	132.50947642326355
5	0.032666583	1.2188469	3.0743334	-1.929901	6.5416665	12.698358	55.0	0.0	1000.0	1500.0	0.008333333333333333	-0.02836991	0.34094593	0.5978859	-0.9009769	0.6871062	0.8315011	5.1955175	-1.4944187	0.0	-0.007523691	-4.656613e-09	-0.008020245	0.06910811	-0.0073564816	3.193677	-0.95073366	0.8513572	-0.028476179	79.0	1.8211944	0.007849035	180000	164.88323855400085
6	-0.16060598	0.8211772	1.9907904	-1.770956	6.1666665	11.742611	48.0	0.0	1000.0	1691.0	0.008052380952380953	0.026687894	0.3434556	0.74294245	-0.9500924	0.69921964	1.2859584	8.820268	-2.0718782	1.8626451e-09	-0.007674959	-9.313226e-10	-0.008735871	0.062717974	-0.013676114	3.7193418	-1.7259731	0.82288104	-0.026328385	79.0	1.8100455	0.0066940393	210000	197.18122339248657
7	-0.041187834	1.3555434	2.6122243	-3.2286441	8.416667	11.793065	51.0	0.0	1000.0	1986.0	0.008275	-0.0071221883	0.3312985	0.64061713	-0.96827894	0.6401855	1.0241414	10.337391	-1.5424157	-9.313226e-09	-0.008516204	-3.7252903e-09	-0.012746666	0.0737077	-0.020734176	4.415824	-1.494066	0.79655266	-0.024069548	79.0	1.7952242	0.011083513	240000	229.47304558753967
8	0.07098563	0.9424166	2.953388	-1.6393504	8.791667	13.057499	55.0	0.0	1000.0	2222.0	0.00822962962962963	0.014562299	0.31565022	0.86871773	-0.876637	0.8207782	1.429285	14.626794	-1.0464336	0.0	-0.0016647702	-3.7252903e-09	-0.002532543	0.064933226	-0.013023026	3.1577573	-0.82689065	0.7724831	-0.025846064	11.0	1.7741673	0.00882403	270000	255.31070971488953
9	0.005406638	1.2778113	2.2687843	-2.9259474	2.9583333	5.6603827	22.0	0.0	1000.0	2346.0	0.00782	0.041729495	0.32984942	0.85349977	-1.1059668	0.78294975	0.9721621	11.400116	-1.1746398	-7.450581e-09	0.011869442	-3.7252903e-09	-0.0018821901	0.06468223	-0.017640557	2.5639453	-1.3139472	0.74663705	-0.026059091	1.0	1.7688382	0.030428596	300000	280.6889543533325
10	0.21423364	1.1277831	2.8526704	-1.833873	6.9583335	9.804248	46.0	0.0	1000.0	2589.0	0.007845454545454546	0.036941968	0.31288275	0.77705854	-0.98484826	0.47615325	1.1378307	14.36633	-1.4403119	4.656613e-09	0.00049704104	-1.4901161e-08	-0.0020437925	0.057241	-0.016360495	3.1880229	-1.0753639	0.72057796	-0.02531588	1.0	1.7677405	0.0071066367	330000	305.6829080581665
11	0.42955044	1.2280034	3.5884044	-2.6136603	16.625	18.513086	54.0	0.0	1000.0	3043.0	0.008452777777777778	0.086538166	0.3307445	0.8772454	-0.8841553	0.91316354	1.7057614	16.315899	-1.0816816	3.7252903e-09	-0.00015267683	0.0	-0.0010160995	0.07292716	-0.021865476	6.6649213	-2.6399813	0.6952621	-0.023546278	1.0	1.7669786	0.0037325332	360000	330.7658100128174
12	-0.093981266	1.4379027	2.8423333	-2.5303543	6.75	9.386382	30.0	0.0	1000.0	3340.0	0.008564102564102564	0.014262459	0.34067518	0.819759	-1.0031209	1.1423112	1.8215938	17.515694	-1.394562	9.313226e-09	-0.0008688899	3.7252903e-09	0.00042613037	0.06762897	-0.021895906	4.2721305	-1.4714363	0.6717158	-0.02314806	1.0	1.76667	0.0029052743	390000	355.93910026550293
13	0.38943672	1.3360344	2.99849	-2.8123271	9.416667	14.722196	62.0	0.0	1000.0	3609.0	0.008592857142857143	0.014215568	0.37850398	0.90880793	-1.1711367	1.1789817	1.7247761	15.8414345	-2.1429284	-5.820766e-09	-0.0005956192	-3.7252903e-09	-0.00037893432	0.08999953	-0.025621302	3.128779	-1.1937169	0.64856774	-0.02249688	1.0	1.7663302	0.0033526476	420000	380.8465278148651
14	1.1507136	1.943428	7.9018526	-2.2367704	7.7083335	9.320582	33.0	0.0	1000.0	3920.0	0.00871111111111111	0.03897464	0.37339488	1.1232325	-1.3074552	0.8157741	1.7229629	15.604695	-2.2887392	7.450581e-09	0.00010925322	-1.8626451e-09	0.000807877	0.10309011	-0.031164216	5.3924866	-2.1403775	0.62607086	-0.02201879	1.0	1.766254	0.002610589	450000	406.5503761768341
15	0.19051923	1.5054698	2.9613564	-3.1112475	9.791667	8.336561	32.0	0.0	1000.0	4155.0	0.00865625	0.079080455	0.39006087	1.1898644	-1.5961251	0.95446897	1.6763737	21.1262	-2.6625056	1.2572855e-08	0.00407611	1.3038516e-08	0.0016115231	0.08477472	-0.029098678	4.4712877	-2.2663155	0.60405207	-0.021358013	1.0	1.7663071	0.012286542	480000	431.59043431282043
16	0.6313151	1.9985585	8.565587	-2.4523606	12.541667	23.850191	117.0	0.0	1000.0	4527.0	0.008876470588235295	0.029385371	0.37773368	0.9745738	-1.6642306	0.85887724	1.2637476	19.260592	-2.071331	1.1175871e-08	0.003739302	3.7252903e-09	-0.0005018974	0.093076445	-0.028867021	17.542088	-12.163845	0.58269405	-0.02046448	1.0	1.7663047	0.017314894	510000	456.5807845592499
17	0.75331837	2.3682063	8.831643	-3.0646193	7.8333335	9.208993	28.0	0.0	1000.0	4778.0	0.008848148148148148	0.03546556	0.3612158	1.1365817	-1.2164992	1.5133151	2.7891846	38.952927	-0.99811924	-7.450581e-09	-0.00066330796	-5.5879354e-09	-0.0002391527	0.1178651	-0.034836374	7.4055367	-4.584849	0.5622296	-0.02004683	1.0	1.7663859	0.0041091037	540000	481.5299298763275
18	0.13025452	1.1422266	3.5925398	-1.9399236	7.0	9.643651	37.0	0.0	1000.0	4999.0	0.00877017543859649	0.073662385	0.3574575	1.518373	-1.449913	0.8835068	1.1385962	12.380388	-0.55544853	-4.1909516e-09	-0.00027363503	-9.313226e-09	0.00024643796	0.07193476	-0.033246826	3.1846123	-0.7387562	0.54218274	-0.019658327	1.0	1.7664891	0.001622094	570000	506.55891013145447
19	0.53071743	1.1365213	2.9362185	-1.3779107	8.125	16.315414	59.0	0.0	1000.0	5220.0	0.0087	0.01961943	0.3513261	0.9973197	-1.652888	0.72600657	1.2117333	18.057732	-1.2863971	-5.5879354e-09	-0.00049569877	1.8626451e-09	-0.00072178687	0.07125937	-0.022636598	3.1390214	-1.2802657	0.5225244	-0.019167185	1.0	1.7666502	0.0012610184	600000	531.4972758293152
20	0.0020821665	1.1512663	2.6164846	-2.390932	10.416667	14.232933	56.0	0.0	1000.0	5488.0	0.00871111111111111	0.03889012	0.3400102	1.0066005	-1.5756305	0.572097	1.184368	13.472479	-0.92717683	-9.313226e-09	-0.0007920503	-8.381903e-09	-0.00037936645	0.060116094	-0.022340573	3.5406084	-1.3911053	0.50335723	-0.018494755	1.0	1.766854	0.0014620759	630000	556.5826880931854
21	0.17267807	1.2695884	3.324195	-2.2694383	7.6666665	10.168033	34.0	0.0	1000.0	5712.0	0.008654545454545455	0.062186297	0.3476292	1.0113602	-1.5235324	1.0375694	1.7133036	17.830662	-1.0522639	1.7695129e-08	-0.0004775049	2.2351742e-08	-0.0004914105	0.054050624	-0.013986501	4.4058642	-1.9394745	0.48486248	-0.018075734	1.0	1.767093	0.00049718155	660000	581.7012770175934
22	0.929645	1.3825895	3.6728318	-1.9089432	11.583333	20.12858	89.0	0.0	1000.0	6068.0	0.008794202898550724	0.05501869	0.37309024	1.0596787	-1.5839492	0.78490406	1.2979132	17.358866	-0.9665288	-1.8626451e-09	-0.00052271073	-1.3038516e-08	-0.00037864037	0.06925082	-0.02122007	13.00775	-8.311564	0.46678674	-0.017358065	1.0	1.767515	0.0004916827	690000	606.5326976776123
23	0.27592543	1.4637496	4.501807	-1.8651863	4.3333335	6.269414	19.0	0.0	1000.0	6222.0	0.008641666666666667	0.060740672	0.35627976	0.94812477	-1.3668283	0.95644253	1.7865903	44.719307	-1.0251836	0.0	-0.0008697356	3.7252903e-09	-0.00065154815	0.06269264	-0.026773151	4.009997	-2.1355562	0.44942868	-0.017211646	1.0	1.7681148	0.0011160136	720000	631.507271528244
24	0.24294841	0.94436216	1.8888384	-1.4674573	5.5416665	9.895198	32.0	0.0	1000.0	6396.0	0.008528	0.057478346	0.33103096	1.0271982	-1.1125053	0.6545552	1.1339623	12.814781	-1.1580561	-1.8626451e-09	-0.00053663127	-3.7252903e-09	1.5107624e-05	0.050620552	-0.020098723	3.1143835	-1.1557754	0.43221703	-0.016916573	1.0	1.768775	0.0009591398	750000	656.7012803554535
25	0.5724348	1.6580757	3.9304397	-3.3600779	8.541667	10.680899	35.0	0.0	1000.0	6627.0	0.008496153846153846	0.0143289585	0.32375252	0.96025425	-1.9539328	0.6267402	0.9927546	15.438024	-0.630942	3.7252903e-09	-0.0007735051	3.7252903e-09	-0.0005594911	0.082627565	-0.031619553	3.2598872	-1.1729778	0.41530046	-0.016381443	1.0	1.7692481	0.0017282018	780000	681.7648439407349
26	0.35980406	1.2007595	2.5091796	-2.1870432	6.9583335	8.54634	29.0	0.0	1000.0	6805.0	0.008401234567901235	0.034539953	0.394464	1.2501811	-1.7552898	0.8585724	1.4048585	15.289556	-0.69648904	-1.8626451e-09	-0.0006707777	-2.7939677e-09	-0.00015115959	0.058988675	-0.024607046	2.6334152	-1.0819206	0.39891902	-0.015956342	1.0	1.7695696	0.00082890026	810000	706.7857613563538
27	0.21690042	1.1693643	3.0118592	-1.8770598	6.25	9.134413	34.0	0.0	1000.0	6998.0	0.008330952380952382	0.01982185	0.33609915	0.92444515	-2.0057068	0.6662077	1.1426803	20.043512	-1.4582574	4.656613e-09	-0.0010065942	2.7939677e-09	-0.0006468061	0.058913857	-0.01985642	2.7288666	-0.9899185	0.38296267	-0.015560329	1.0	1.7696071	0.0014119336	840000	731.8961670398712
28	0.7120752	1.1072342	2.811916	-2.5475273	17.291666	26.019993	102.0	0.0	1000.0	7423.0	0.008532183908045977	0.049044892	0.301128	0.79868937	-1.2958068	0.66392136	1.2832166	19.012396	-1.8474047	-8.8475645e-09	-0.010197729	-1.8626451e-08	-0.016992142	0.070485614	-0.030627668	19.009418	-13.84378	0.36740234	-0.011052549	79.0	1.769306	0.008564936	870000	764.4575819969177
29	0.7712098	1.3008959	3.1629212	-1.8264856	10.416667	15.784794	62.0	0.0	1000.0	7685.0	0.00853888888888889	0.10079867	0.33054346	1.1789263	-1.8140421	0.95802665	2.1266105	35.59231	-5.5362673	2.7939677e-09	-0.008319788	8.381903e-09	-0.009450225	0.0740154	-0.025016751	6.124098	-4.3111954	0.3563498	-0.013466835	79.0	1.7144381	0.0065122023	900000	796.9573171138763
30	1.1750994	1.7771336	4.273921	-3.8359203	12.166667	19.458647	97.0	0.0	1000.0	8106.0	0.008716129032258064	0.12925042	0.32880196	1.0731156	-1.2394812	0.96976066	1.6071352	16.869272	-2.806963	2.3283064e-09	-0.012438668	9.313226e-09	-0.031600107	0.072916396	-0.02365366	20.726978	-18.167374	0.34288296	-0.0055556	79.0	1.6893885	0.010703951	930000	829.5008366107941
31	1.6335009	1.5408881	6.0523295	-0.90448713	5.625	8.882626	33.0	0.0	1000.0	8271.0	0.008615625	0.09201424	0.34994164	0.9069589	-1.6662939	1.2321335	3.5977669	53.926895	-1.4954449	-1.3969839e-09	-0.008626917	1.4901161e-08	-0.008940579	0.09734911	-0.03419221	7.271876	-5.31105	0.33732736	-0.0124563575	79.0	1.668988	0.006836542	960000	861.5707936286926
32	2.0228503	1.9717019	5.995172	-3.1638906	6.3333335	11.487917	48.0	0.0	1000.0	8446.0	0.008531313131313131	0.21501611	0.37275094	1.5104145	-1.4078449	0.5601065	1.0709773	17.098587	-2.0390775	1.0244548e-08	-0.0071868906	4.656613e-09	-0.0036115986	0.11143488	-0.038035154	2.7996895	-0.9519306	0.324871	-0.014725864	79.0	1.6417814	0.0060857325	990000	893.9106204509735
33	1.4785118	1.647858	4.6960835	-1.5836728	17.458334	44.019863	222.0	0.0	1000.0	9021.0	0.008844117647058823	0.1934856	0.32887018	1.1648704	-1.8312055	1.1028367	2.3852842	37.076847	-2.3500855	2.0489097e-08	0.0047724335	1.8626451e-08	-0.0029924742	0.07651357	-0.031955313	27.424377	-21.471798	0.31014514	-0.012326211	7.0	1.6216533	0.019230999	1020000	919.3979065418243
34	0.7706912	1.219453	3.4149702	-2.4027061	4.125	4.893129	15.0	0.0	1000.0	9163.0	0.008726666666666667	0.16192637	0.38866556	1.1526519	-1.7526209	1.6670763	3.268748	42.142452	-3.3829298	0.0	0.014425676	7.450581e-09	-0.000635304	0.10046743	-0.044923645	9.057996	-7.5225124	0.29781893	-0.012049556	1.0	1.6173396	0.027183633	1050000	944.3100755214691
35	1.539765	1.4535722	4.9307094	-1.7520812	8.625	12.964093	44.0	0.0	1000.0	9370.0	0.008675925925925925	0.11727176	0.3499368	1.2546799	-1.5887779	0.5905514	0.8502002	11.455681	-2.0327117	-2.2351742e-08	0.005056323	-7.450581e-09	-0.0008859143	0.07309564	-0.02800407	3.190572	-1.303971	0.28576937	-0.011591136	1.0	1.6160722	0.015161099	1080000	969.8495185375214
36	1.4152716	2.5998144	7.545526	-2.3053663	10.041667	19.361645	92.0	0.0	1000.0	9666.0	0.008708108108108108	0.16975379	0.343012	1.3369058	-1.6196134	0.7320677	1.3242974	13.555072	-2.8709245	3.7252903e-09	0.0015805331	2.2351742e-08	-0.0004390102	0.11600521	-0.05309659	11.993857	-4.5498414	0.27417824	-0.011078864	1.0	1.6152676	0.0069667017	1110000	994.8722996711731
37	1.3350548	1.8801565	8.287686	-0.9203683	11.083333	19.519043	87.0	0.0	1000.0	9994.0	0.008766666666666667	0.10815839	0.34239244	1.6119363	-1.730093	1.4925739	2.3538399	17.83029	-1.4261765	8.381903e-09	0.0003351941	1.1175871e-08	-0.00018306822	0.07798702	-0.0389796	10.442116	-5.997732	0.26309937	-0.010568202	1.0	1.6148989	0.0070186206	1140000	1020.1561269760132
38	1.34345	1.9603099	5.6844964	-3.013076	13.875	23.349361	104.0	0.0	1000.0	10379.0	0.00887094017094017	0.24638069	0.4264659	2.3559659	-1.5855479	1.0872339	1.8744009	32.480118	-2.4591682	1.6763806e-08	-0.0005019875	0.0	-0.0005616805	0.14672501	-0.07819949	15.896843	-12.154964	0.25253117	-0.009939432	1.0	1.6149042	0.0025966992	1170000	1045.1300976276398
39	1.3043433	1.6562111	5.7127094	-2.1108034	31.208334	46.07329	198.0	0.0	1000.0	11199.0	0.0093325	0.12808987	0.36247265	1.6113963	-1.8090254	1.6789776	3.3178995	37.490566	-6.353767	8.381903e-09	0.00026097824	2.2351742e-08	2.5788788e-05	0.08095582	-0.039531827	44.661324	-32.04219	0.24259174	-0.008290872	1.0	1.6152291	0.004427408	1200000	1070.2827425003052
40	1.5165461	1.7266599	5.8375125	-1.3096234	12.416667	14.531336	57.0	0.0	1000.0	11544.0	0.009385365853658536	0.12616974	0.35054484	1.1332258	-1.9244045	2.831768	5.57701	62.322018	-4.0868464	5.5879354e-09	-0.0007905313	2.9802322e-08	-0.0010612726	0.09301936	-0.039019957	34.28121	-30.700377	0.23430087	-0.008041948	1.0	1.6158742	0.0027876087	1230000	1095.5969109535217
41	0.9055628	1.0349213	2.9946804	-0.8617053	15.708333	18.169294	64.0	0.0	1000.0	11948.0	0.009482539682539683	0.119409524	0.36329573	1.4157642	-2.0082903	1.3354802	1.9056833	14.057584	-1.466404	9.313226e-10	-0.00024613785	3.7252903e-09	0.0006283759	0.08081663	-0.038602717	6.769402	-2.4299955	0.22625892	-0.007634148	1.0	1.6167704	0.006533379	1260000	1120.6223323345184
42	1.3878965	1.4472446	5.3808365	-1.0156116	12.458333	19.433603	78.0	0.0	1000.0	12271.0	0.009512403100775195	0.07429854	0.36189458	1.0898812	-1.6408718	1.2727896	1.7753507	14.977876	-2.0807524	-1.21071935e-08	-0.00061114586	-1.4901161e-08	-0.00035984954	0.10284658	-0.054075256	6.195479	-3.0420594	0.21862477	-0.007439509	1.0	1.6178503	0.000534512	1290000	1145.700653553009
43	1.1309178	1.3831244	3.7254019	-2.2863307	21.541666	52.913433	267.0	0.0	1000.0	12921.0	0.009788636363636364	0.1560318	0.35341302	1.6560414	-1.6755236	1.1376461	1.9515846	16.675417	-1.7318639	-1.3038516e-08	-0.00069870916	-5.9604645e-08	-0.0002994202	0.081902355	-0.037984904	66.66682	-45.067947	0.21118526	-0.0067566037	1.0	1.6188947	0.0023018303	1320000	1170.7364284992218
44	1.3854936	1.5708356	4.4521956	-0.98367095	13.083333	24.62877	118.0	0.0	1000.0	13276.0	0.009834074074074075	0.13741164	0.38705674	1.2243595	-1.4802908	1.8270649	3.4319358	39.191883	-0.91389865	7.450581e-09	-0.0006651266	-6.519258e-09	-0.0009270068	0.07435371	-0.030754343	10.815996	-6.642003	0.20442866	-0.00661397	1.0	1.6198506	0.0012970993	1350000	1195.8997118473053
45	1.4002775	1.4990797	6.363274	-1.5086495	9.208333	10.428244	32.0	0.0	1000.0	13516.0	0.009794202898550725	0.15801631	0.34921458	1.3523575	-1.278169	1.2247899	2.8106968	45.11766	-0.4298544	-7.450581e-09	-0.0003910164	-5.5879354e-09	-0.00032538548	0.08611408	-0.044328395	10.269979	-6.920447	0.19781469	-0.0066545457	1.0	1.6209388	0.0002783835	1380000	1221.118979215622
46	1.2714267	1.150126	4.42229	-0.4502171	22.458334	45.59512	203.0	0.0	1000.0	14098.0	0.009998581560283689	0.11454528	0.39458838	1.4683037	-2.1575744	0.9346453	1.4826543	17.113653	-1.0196601	1.8626451e-09	-0.0008398121	-1.4901161e-08	-0.0009184731	0.07022428	-0.03657144	48.47367	-36.36689	0.19116014	-0.0060062706	1.0	1.6221244	0.0012211252	1410000	1246.061719417572
47	1.5315346	1.6084013	5.3312116	-0.8443988	8.125	11.259486	45.0	0.0	1000.0	14404.0	0.010002777777777777	0.176009	0.36221334	1.2664008	-1.4954681	1.8057606	4.751225	56.333065	-2.9495082	-8.381903e-09	-0.00073095085	-9.313226e-10	-0.0006024186	0.09109646	-0.043905653	19.765621	-16.05991	0.18515387	-0.0061348528	1.0	1.6229386	0.0017651935	1440000	1271.098956823349
48	2.0964181	1.8174125	5.4169025	-1.5642586	16.791666	19.600126	74.0	0.0	1000.0	14871.0	0.010116326530612245	0.18072122	0.41847897	1.3663397	-1.5707344	1.1382766	0.9440059	13.944195	-0.4505749	-7.450581e-09	-0.00048214383	1.1175871e-08	-0.00020516687	0.110003605	-0.04763484	10.392064	-3.0916	0.17901902	-0.005818665	1.0	1.6236298	0.00067704916	1470000	1296.2257180213928
49	1.555891	1.381161	5.119068	-0.7300222	2.7916667	5.604902	16.0	0.0	1000.0	15010.0	0.010006666666666667	0.1587364	0.39713696	1.6547394	-2.0480757	1.311999	1.2890202	13.678477	-1.8235786	2.7939677e-09	-0.00076907256	-1.3038516e-08	0.00023518875	0.13186833	-0.075809635	2.8153663	-1.2719445	0.17320035	-0.006126642	1.0	1.6242774	0.001029102	1500000	1321.1051456928253
50	1.184093	1.522796	4.983748	-1.2579247	8.625	12.219563	44.0	0.0	1000.0	15249.0	0.009966666666666667	0.13834487	0.39439803	1.8981192	-1.4861189	0.7203188	1.1654518	19.801033	-1.1027545	3.7252903e-09	-0.00044666277	-1.3038516e-08	-0.000101798214	0.083927035	-0.044669032	3.8128967	-0.86170286	0.16707371	-0.0061166137	1.0	1.624754	0.0006220497	1530000	1346.3371090888977
51	1.0298469	1.4041377	3.9708714	-2.3037717	8.875	13.414272	50.0	0.0	1000.0	15477.0	0.009921153846153847	0.10718779	0.39434677	1.5010277	-1.5942479	0.7706471	1.1793754	13.255124	-1.5716099	3.7252903e-09	-0.00077211787	1.8626451e-09	0.00021413545	0.08709833	-0.0418789	3.3428903	-1.1572647	0.1609571	-0.0060641915	1.0	1.6249937	0.0008002018	1560000	1371.1869208812714
52	1.2346474	1.6006627	3.7410166	-2.3256092	18.291666	33.45579	134.0	0.0	1000.0	15974.0	0.010046540880503144	0.14656517	0.40175027	1.4448388	-1.3696666	0.83738136	1.7501842	38.72416	-0.6503147	2.7939677e-09	-0.0006145794	1.4901161e-08	-0.0011136392	0.07622378	-0.036868725	32.89698	-21.486193	0.1548929	-0.0056158155	1.0	1.6253226	0.0008241625	1590000	1396.3102130889893
53	1.4186076	2.691839	10.9299755	-3.2952983	12.833333	15.855248	52.0	0.0	1000.0	16359.0	0.010098148148148148	0.15286747	0.39758623	1.5110186	-2.089645	1.5034623	2.0601475	36.99609	-0.18797477	-1.1175871e-08	-0.0007645742	-2.7939677e-09	-0.00037333183	0.118117444	-0.05921173	8.257698	-3.7665942	0.14927709	-0.0054366887	1.0	1.6256961	0.0012166847	1620000	1421.3266792297363
54	1.5873724	2.3581264	6.9312334	-2.4838893	9.708333	15.972578	70.0	0.0	1000.0	16651.0	0.010091515151515152	0.13375473	0.42851996	1.8753257	-1.9558086	1.5487566	2.3878796	37.932266	-0.88838506	1.0244548e-08	-0.0004644352	9.313226e-09	-0.0012497471	0.112875864	-0.04142774	7.9593477	-4.1308126	0.1438404	-0.0053771436	1.0	1.62605	0.0014207794	1650000	1446.2520911693573
55	1.1041218	2.0539312	6.1261587	-2.9664226	13.0	21.104897	96.0	0.0	1000.0	17011.0	0.010125595238095237	0.30990267	0.40454388	1.5278453	-1.3614775	1.3120524	3.033743	41.184177	-1.2313902	-1.9557774e-08	-0.00047460583	5.5879354e-09	0.0008011572	0.15321878	-0.090157434	7.1004534	-3.4843369	0.13846326	-0.005181253	1.0	1.6261189	0.0013517155	1680000	1471.463302373886
56	1.8264017	1.9227108	5.4086018	-3.2161803	23.291666	49.29459	200.0	0.0	1000.0	17884.0	0.010458479532163743	0.14700349	0.39237657	1.5694793	-2.1504712	1.3850677	3.6566882	53.607395	-0.7647722	9.313226e-10	-0.00090236694	-3.7252903e-08	-0.0001452826	0.07527114	-0.03419993	73.90221	-63.007866	0.133282	-0.004613638	1.0	1.6260728	0.003244104	1710000	1496.5681133270264
57	1.5038811	1.5891	4.012841	-1.5987091	18.5	49.16808	248.0	0.0	1000.0	18385.0	0.010566091954022989	0.13566445	0.37361294	1.4126107	-1.6177896	2.3335469	6.002764	80.85083	-0.82756674	1.1641532e-08	-0.0011620889	-2.0489097e-08	-0.0012976241	0.09497192	-0.04802998	64.98681	-50.5996	0.12866837	-0.0043034777	1.0	1.6257592	0.0025478234	1740000	1521.5392408370972
58	1.1591201	1.9312232	4.0608644	-4.5667286	19.291666	59.54934	301.0	0.0	1000.0	18924.0	0.010691525423728813	0.18513878	0.4005138	1.9381384	-1.6037334	2.176222	4.870759	58.180367	-6.7577696	7.450581e-09	-0.00017909263	1.4901161e-08	-4.575425e-05	0.116653174	-0.07439045	26.795807	-18.075363	0.12436489	-0.003999673	1.0	1.6253366	0.0014534717	1770000	1546.6181755065918
59	0.90989494	2.0109835	5.5723553	-2.5051126	36.0	65.876144	281.0	0.0	1000.0	19874.0	0.011041111111111111	0.12606601	0.36430922	1.526189	-1.6043271	1.9609393	5.6842637	62.602673	-3.4066231	1.0244548e-08	-0.0009097182	7.450581e-09	-0.0029376196	0.09435034	-0.052694045	67.541565	-49.338326	0.12036522	-0.0031019598	1.0	1.6249139	0.0007911385	1800000	1571.4856464862823
60	1.8580128	2.0938642	8.4405	-1.9709394	11.125	19.927603	86.0	0.0	1000.0	20207.0	0.011042076502732241	0.123501666	0.3879361	1.3094339	-1.6739228	2.0345666	5.4737697	72.44222	-1.8751118	1.44355e-08	-0.00065986963	2.0489097e-08	0.00047807145	0.09462096	-0.0468235	12.579969	-7.423113	0.11726326	-0.0032276511	1.0	1.6246707	0.0012674325	1830000	1596.7235114574432
61	1.4951881	1.7673829	5.443467	-2.806065	25.666666	67.898	338.0	0.0	1000.0	20858.0	0.011213978494623656	0.17224184	0.37015995	1.9135792	-1.7116698	1.9924296	4.810979	55.004555	-2.1276815	-1.8626451e-09	-0.0008022904	7.450581e-09	-0.00013152044	0.07870306	-0.040635973	43.184654	-30.637627	0.11403561	-0.002831526	1.0	1.62444	0.0018753764	1860000	3673.3206951618195
62	1.5954655	1.4711701	5.2051287	-1.1035783	11.666667	14.374939	60.0	0.0	1000.0	21239.0	0.011237566137566138	0.13743144	0.4178729	1.2422576	-1.7537698	1.7564027	5.0307283	86.13755	-1.696382	3.0267984e-09	-0.0006606266	-3.7252903e-09	-0.0012927698	0.0999227	-0.052500214	13.977872	-7.9388857	0.11120408	-0.0029565915	1.0	1.6240131	0.0015852121	1890000	3698.7884571552277
63	1.5127124	1.9733632	6.84316	-1.4797415	10.25	13.580777	52.0	0.0	1000.0	21535.0	0.011216145833333333	0.18311061	0.39658093	1.4515156	-1.5955652	1.805362	5.1471796	82.381744	-0.955077	3.7252903e-09	-0.0005569107	2.0489097e-08	-0.0008356944	0.08366169	-0.046134926	10.3107815	-6.242983	0.10824749	-0.0030931532	1.0	1.6234357	0.0009674276	1920000	3723.260492324829
64	2.1588016	2.3411534	7.872799	-2.1629891	5.9166665	7.6153173	22.0	0.0	1000.0	21708.0	0.011132307692307693	0.20364751	0.44633928	1.9143071	-2.2138	0.8760676	1.2476691	15.346431	-1.1059076	1.3038516e-08	-0.0008264077	2.561137e-09	0.0004962324	0.13616289	-0.077849805	2.428154	-0.69760704	0.105154335	-0.0033178553	1.0	1.6229587	0.00085804606	1950000	3747.931113243103
65	1.7779747	1.6829776	6.457466	-1.1075155	8.875	15.311522	48.0	0.0	1000.0	21951.0	0.011086363636363636	0.18507549	0.3541756	1.3766257	-1.2857162	0.8508493	1.3649348	14.098572	-1.6712673	3.7252903e-09	-0.0014998125	9.313226e-09	-0.00017904048	0.07445191	-0.042992085	3.4743671	-0.85313773	0.10183648	-0.0034033284	1.0	1.6224921	0.002892485	1980000	3772.333173751831
66	1.1487726	2.1974845	6.8684244	-3.9924831	12.666667	13.582055	47.0	0.0	1000.0	22305.0	0.011097014925373135	0.1407859	0.41226962	1.7904167	-2.2483373	0.8466008	1.406079	16.39933	-2.691952	-1.8626451e-09	-0.00046601822	3.7252903e-09	0.00025815528	0.11584111	-0.07662106	6.200347	-1.5375214	0.09843315	-0.003352724	1.0	1.6222658	0.0008469785	2010000	3797.065421104431
67	1.4106226	2.3362718	7.742402	-3.5316129	12.25	15.690363	47.0	0.0	1000.0	22627.0	0.011091666666666666	0.13372949	0.46077567	1.8087199	-2.349071	1.9299179	6.0097427	65.37168	-2.4124227	0.0	-0.00038419163	1.4901161e-08	-9.259238e-06	0.12390144	-0.06857379	18.757896	-11.927216	0.09508043	-0.0033057109	1.0	1.6220503	0.00059819955	2040000	3821.390873193741
68	1.2313322	2.6006708	6.839914	-5.7810206	20.416666	40.069645	194.0	0.0	1000.0	23153.0	0.011185024154589373	0.15520065	0.46325943	2.2469175	-2.076456	1.3052044	2.2509465	28.437263	-1.3535309	0.0	-0.00792024	2.9802322e-08	-0.0032792469	0.12512024	-0.06979332	17.262556	-10.984844	0.09177472	-0.003221646	79.0	1.6218756	0.0046962043	2070000	3853.1721665859222
69	1.9174935	1.5482638	5.70233	-0.6695746	12.25	12.871965	37.0	0.0	1000.0	23516.0	0.011198095238095238	0.13430123	0.44758034	1.9299549	-2.504707	1.4118313	2.408319	36.21982	-1.1254762	9.313226e-10	-0.0079509	9.313226e-09	-0.003220795	0.14180148	-0.09216793	6.363559	-2.5184817	0.08855307	-0.0032740831	79.0	1.6180749	0.0053112023	2100000	3885.8179109096527
70	1.9446875	1.9707386	8.352936	-1.1782603	21.291666	46.273174	214.0	0.0	1000.0	24089.0	0.011309389671361502	0.18336178	0.3938682	2.4144006	-1.645421	1.5059047	2.8800082	37.958286	-3.7821753	-1.1175871e-08	-0.009271355	4.4703484e-08	-0.0046211863	0.104065195	-0.06043608	30.222132	-23.636095	0.08527899	-0.003024809	79.0	1.6023339	0.0055678138	2130000	3918.9880130290985
71	1.774469	2.3829064	7.5826077	-4.3708773	17.958334	36.36101	183.0	0.0	1000.0	24648.0	0.011411111111111111	0.18042643	0.46607476	2.3207033	-2.1136224	1.9867936	6.527838	65.87065	-2.7039475	0.0	-0.008812038	1.8626451e-08	-0.008315539	0.14506626	-0.08174229	19.416481	-11.596262	0.08225418	-0.0026712865	79.0	1.5864286	0.005373746	2160000	3950.6233146190643
72	1.6349307	1.6460639	6.9288735	-0.97736156	11.291667	16.009058	60.0	0.0	1000.0	25023.0	0.011426027397260273	0.18114363	0.4727696	1.7070388	-2.2520165	1.67712	3.4387605	49.34438	-0.62164867	-1.8626451e-09	-0.009602495	-5.5879354e-09	-0.007604768	0.11488728	-0.07175615	10.623968	-6.5129466	0.07958289	-0.002688706	79.0	1.572412	0.0059536616	2190000	3982.4095497131348
73	2.3635578	2.1330717	6.5739594	-0.7850603	21.583334	31.691109	134.0	0.0	1000.0	25651.0	0.011554504504504504	0.17827679	0.42832026	2.158936	-2.0597928	1.7609322	2.4235508	23.228292	-3.079382	5.5879354e-09	0.0025258283	-2.9802322e-08	-0.0028782967	0.11235337	-0.06533229	27.498856	-17.703205	0.07689419	-0.0023811013	6.0	1.5556216	0.010501223	2220000	4007.4267206192017
74	2.0688436	2.0458148	6.819836	-2.1515362	14.166667	23.118656	111.0	0.0	1000.0	26012.0	0.01156088888888889	0.24969944	0.46933496	2.1666675	-1.7850075	2.9476202	7.6259203	61.318584	-1.5498667	-1.3969839e-08	0.001776987	-2.2351742e-08	-0.0017545596	0.12395451	-0.069956586	42.942513	-36.601025	0.074513085	-0.0023413152	1.0	1.5549222	0.008898768	2250000	4031.886865377426
75	2.2532334	1.898224	6.2869596	-0.94188875	12.208333	10.633984	35.0	0.0	1000.0	26450.0	0.011600877192982455	0.23496366	0.42199692	1.5694333	-1.6535954	1.2502911	1.7230339	23.185432	-1.2924753	7.450581e-09	0.0012734556	0.0	0.0004874179	0.10723977	-0.058101043	13.517592	-8.31947	0.07217177	-0.00234437	1.0	1.5547059	0.0064941216	2280000	4056.8018057346344
76	1.4593887	1.4799075	5.1204453	-1.1631042	18.458334	28.390108	106.0	0.0	1000.0	26921.0	0.011654112554112554	0.2063281	0.3806479	1.4112992	-1.3934637	2.3707244	5.7712007	49.62334	-0.6440923	-4.656613e-09	-0.0010869892	-1.3969839e-08	-0.0015390539	0.09154448	-0.054117553	16.748735	-10.182017	0.0698274	-0.0022017881	1.0	1.5546132	0.0025847687	2310000	4081.154895067215
77	2.3066971	1.6177257	7.189206	-0.31308848	21.125	40.92301	189.0	0.0	1000.0	27572.0	0.011782905982905982	0.23252459	0.4306278	1.9261223	-1.5465753	1.3727615	3.1060221	55.219357	-1.2984066	4.1909516e-09	-0.000459834	-1.4901161e-08	0.0004945439	0.12189359	-0.07193487	26.603815	-16.278666	0.06762561	-0.0020170733	1.0	1.5548828	0.002261078	2340000	4105.79180932045
78	2.7678146	2.4200342	8.345462	-0.8593966	6.5833335	10.383948	38.0	0.0	1000.0	27944.0	0.01179071729957806	0.24971157	0.42134318	1.7602409	-1.7424567	2.0233998	4.454708	56.740437	-2.0630052	7.450581e-09	0.0007908125	-2.6077032e-08	0.0009047496	0.10700011	-0.06503801	12.679258	-7.332247	0.06560854	-0.002150923	1.0	1.5551362	0.0072427886	2370000	4130.414249658585
79	2.3673422	1.5761125	5.4694095	-0.8651589	16.666666	26.63592	118.0	0.0	1000.0	28483.0	0.011867916666666667	0.29577836	0.3818917	1.7220904	-1.3316834	1.7418385	4.114487	59.396637	-1.5228899	6.519258e-09	0.0003086602	-3.7252903e-08	0.0009016022	0.07258313	-0.04096315	15.677104	-7.0286255	0.063457616	-0.0020564422	1.0	1.5553172	0.0032094899	2400000	4155.215401887894
80	1.9393522	1.9663715	6.062408	-4.052834	17.833334	41.542816	211.0	0.0	1000.0	28998.0	0.011933333333333334	0.2632717	0.3906431	1.9318298	-1.8042859	2.3238213	5.813948	57.01778	-1.4085059	-3.7252903e-09	-0.00034825515	-7.450581e-09	-0.00029736944	0.10532505	-0.06789882	10.307395	-6.494087	0.061401173	-0.0019463263	1.0	1.5554016	0.0035742202	2430000	4181.94993019104
81	1.8019029	1.5456004	6.4010515	-0.68930715	37.166668	76.05188	277.0	0.0	1000.0	29932.0	0.012167479674796748	0.21861432	0.38229138	1.6702516	-1.5270165	1.7037839	4.151106	44.67467	-1.6215664	1.0244548e-08	-6.983866e-05	2.9802322e-08	0.00046154857	0.084909074	-0.05444828	77.26045	-67.56831	0.059454847	-0.0014579631	1.0	1.5555867	0.0019398909	2460000	4207.355760097504
82	2.6617763	2.295986	9.598671	-1.6170868	22.208334	33.936188	139.0	0.0	1000.0	30598.0	0.012288353413654618	0.28172022	0.46681428	2.3076887	-1.4403089	2.587579	6.916261	75.29883	-2.5186062	-3.7252903e-09	-8.086732e-05	0.0	-0.00043353252	0.10533403	-0.06755104	18.379705	-10.022718	0.057996884	-0.0013421439	1.0	1.555923	0.0018806411	2490000	4232.618711948395
83	2.6825817	1.7354181	6.6655684	0.037390374	15.208333	18.257372	61.0	0.0	1000.0	31023.0	0.012310714285714286	0.27226847	0.40933493	2.1557064	-1.6812855	1.8266727	2.7860675	36.593487	-2.7178564	5.5879354e-09	-0.0009681969	-3.7252903e-09	-0.00062127446	0.09995684	-0.06558768	10.916487	-6.915217	0.05665474	-0.0013721474	1.0	1.5559788	0.0026979737	2520000	4259.947981595993
84	2.7228222	2.6043975	6.5515833	-3.450737	10.875	15.875328	65.0	0.0	1000.0	31334.0	0.012287843137254902	0.2616687	0.43246529	1.4767795	-2.020525	1.2834773	1.6860024	19.030827	-4.5141816	-1.1175871e-08	-0.0010541079	5.5879354e-09	0.0002580569	0.11681351	-0.064105436	5.556419	-1.539486	0.055282593	-0.001470387	1.0	1.5560682	0.0020374663	2550000	4285.45339846611
85	3.196762	2.273538	9.51713	0.4372672	13.75	14.448904	57.0	0.0	1000.0	31804.0	0.012327131782945736	0.25807613	0.40177947	1.965192	-1.3893751	1.524915	2.2591836	28.883125	-2.4902036	7.450581e-09	-0.0007937696	-2.4214387e-08	-5.0023664e-06	0.10450124	-0.061994143	9.762604	-5.687912	0.053812206	-0.0014973283	1.0	1.5562578	0.0022481005	2580000	4311.05867934227
86	2.2991898	2.065656	8.7387	-1.1902992	13.0	19.418634	76.0	0.0	1000.0	32164.0	0.012323371647509579	0.25575188	0.41278914	1.7661151	-1.5049152	1.5502615	3.2773955	68.97239	-1.5296866	-1.8626451e-09	0.00028298615	3.7252903e-09	-0.00017718214	0.07746409	-0.04739206	5.003572	-1.3280945	0.052314878	-0.0015269928	1.0	1.5565681	0.004479443	2610000	4337.382146835327
87	2.6265917	2.0105095	8.056697	0.21837036	22.541666	42.899082	209.0	0.0	1000.0	32771.0	0.012413257575757576	0.27064827	0.3593774	1.5760458	-1.4056003	2.028525	5.488908	53.71434	-2.579556	1.8626451e-09	-0.00090715976	1.1175871e-08	0.00011449761	0.09992669	-0.06220897	22.813675	-16.817907	0.050787885	-0.0013866946	1.0	1.5571743	0.001741522	2640000	4362.467708349228
88	1.9728985	1.9732182	5.6844125	-1.8320228	7.9166665	11.224663	38.0	0.0	1000.0	33227.0	0.012444569288389513	0.23284043	0.39485177	1.507282	-1.8645477	2.17743	7.037279	81.579414	-2.914657	3.7252903e-09	-0.0007066686	1.1175871e-08	0.0008718888	0.08790185	-0.060336713	20.971628	-14.722132	0.04940119	-0.001499176	1.0	1.557718	0.0010140601	2670000	4387.54363322258
89	2.3551714	2.1580896	7.3066716	-1.3353106	7.375	10.7850685	40.0	0.0	1000.0	33444.0	0.012386666666666667	0.20791572	0.39160416	1.5757105	-2.3112376	1.2272826	2.2176735	42.47265	-4.6818953	5.5879354e-09	-0.0010074128	7.450581e-09	0.00040086027	0.08533117	-0.05876214	6.239409	-3.5464008	0.047902014	-0.0015922524	1.0	1.5582614	0.003064801	2700000	4412.795826435089
90	1.809945	2.7960784	6.135181	-3.8653784	10.708333	12.667148	44.0	0.0	1000.0	33779.0	0.012373260073260074	0.16628835	0.48480135	1.5861605	-3.1514332	0.77869093	1.4311816	19.699892	-0.79147947	4.656613e-09	-0.0010794487	-3.7252903e-09	-0.0004918529	0.13425615	-0.08387472	4.5065827	-1.6240584	0.04630976	-0.0016123429	1.0	1.5589619	0.0010338859	2730000	4438.146456718445
91	2.1411767	2.3369515	5.038416	-6.8062005	20.541666	61.167107	311.0	0.0	1000.0	34352.0	0.012446376811594204	0.19530286	0.48570415	1.6064279	-2.1754699	1.2878245	2.1121314	17.97064	-11.083457	-3.7252903e-09	-0.00083094556	-5.9604645e-08	-0.00051932037	0.11135638	-0.06549716	65.94259	-60.501766	0.04469742	-0.0014789663	1.0	1.5595667	0.001428536	2760000	4463.074327945709
92	2.6400874	1.8564589	6.1276526	-1.6380817	27.208334	34.41896	158.0	0.0	1000.0	35159.0	0.01260179211469534	0.2490889	0.40334827	1.664956	-2.1791677	1.4617767	4.692072	77.3925	-0.9090523	6.519258e-09	-0.0004730451	-4.4703484e-08	-0.00025482476	0.112357564	-0.06828986	34.833282	-19.299782	0.043218452	-0.001264058	1.0	1.5600792	0.0006599593	2790000	4489.013103485107
93	3.0871801	2.0506756	9.497709	0.110940136	25.458334	26.035198	116.0	0.0	1000.0	35852.0	0.012713475177304964	0.29408056	0.46968356	1.6768241	-2.3758295	3.2048187	6.3601966	68.32924	-5.7113543	4.656613e-09	-0.00041166437	-6.519258e-09	-0.00012745772	0.0936733	-0.061019935	15.556865	-8.325013	0.041954394	-0.0011058897	1.0	1.5604262	0.00091323693	2820000	4514.254673480988
94	3.0471222	3.029385	14.862957	-1.1061347	45.5	81.59504	343.0	0.0	1000.0	37122.0	0.013025263157894738	0.31618893	0.42468962	1.8256681	-1.0905849	4.02058	8.412245	55.64664	-4.4398823	1.8626451e-08	-0.0004978111	3.7252903e-09	-0.00082353037	0.15528698	-0.10937145	65.53612	-51.234905	0.040848505	-0.0006735772	1.0	1.5605615	0.00027597556	2850000	4539.795654535294
95	2.7476032	2.254594	8.280239	-0.32962376	25.625	33.291405	140.0	0.0	1000.0	37838.0	0.013138194444444444	0.2852579	0.39981315	2.3182037	-2.0648036	2.6190672	6.6773987	78.30208	-2.0160768	-3.7252903e-09	-0.000974839	-1.1175871e-08	-0.00038680743	0.10494983	-0.06823702	19.970612	-12.028427	0.040174928	-0.0005913004	1.0	1.5607924	0.0011407917	2880000	4565.492947340012
96	2.2753165	2.0564373	8.608653	-1.0842484	23.708334	32.660477	161.0	0.0	1000.0	38520.0	0.013237113402061856	0.30326366	0.420738	2.0125194	-1.1194149	2.232742	3.9394305	50.189262	-3.5474942	-1.1175871e-08	-0.00036120415	-7.450581e-09	-0.00016093533	0.1862866	-0.14363104	16.128128	-8.913047	0.039583627	-0.00054556504	1.0	1.5611074	0.000644321	2910000	4590.583740711212
97	3.098265	2.9429476	8.048865	-3.150015	16.666666	21.497417	73.0	0.0	1000.0	39016.0	0.013270748299319728	0.2603623	0.4230764	1.7210671	-2.846596	2.2619557	3.4328477	43.986027	-1.3264923	-2.7939677e-09	-0.00084186345	-1.4901161e-08	0.00046937237	0.1500111	-0.10382007	12.194494	-7.4793425	0.039038062	-0.0006017238	1.0	1.561276	0.0009530637	2940000	4615.818581104279
98	2.3472426	3.1857204	7.6066074	-7.44264	22.125	33.535194	164.0	0.0	1000.0	39709.0	0.01337003367003367	0.29386207	0.5368668	2.630729	-2.3426466	2.0089188	2.8857822	40.466316	-0.6292894	3.7252903e-09	-0.0090816235	1.4901161e-08	-0.0015039565	0.1714761	-0.11839038	16.148712	-8.661884	0.03843634	-0.00064421445	79.0	1.5616791	0.0052696355	2970000	4648.1381821632385
99	1.5948782	3.3982158	7.2130713	-8.935532	19.166666	25.782207	100.0	0.0	1000.0	40276.0	0.013425333333333333	0.23922542	0.5244951	2.026925	-2.3060906	2.491158	4.731733	76.07124	-3.2917292	3.7252903e-09	-0.007704837	7.450581e-09	-0.002370183	0.16578718	-0.08631657	18.681198	-12.044608	0.037792124	-0.0006939061	79.0	1.5614483	0.0054984093	3000000	4681.814465761185
100	2.2605836	1.8387258	5.1481895	-3.7521024	26.375	28.949398	123.0	0.0	1000.0	41242.0	0.01361122112211221	0.19980225	0.39825532	1.766061	-1.3958102	2.8237357	4.8421764	47.422863	-1.1702416	8.381903e-09	-0.010635022	0.0	-0.0020206873	0.082197435	-0.055588268	22.838228	-12.489511	0.037098218	-0.0006676018	79.0	1.5420694	0.0059810923	3030000	4715.012019872665
101	2.6892545	2.5033214	8.05701	-2.026018	20.166666	24.261883	93.0	0.0	1000.0	41818.0	0.013666013071895425	0.24147485	0.4117418	1.7497892	-1.9752815	2.2462256	3.3178947	39.76985	-2.832288	1.3969839e-09	-0.008886712	5.5879354e-09	-0.0018148671	0.13574561	-0.085897215	14.818197	-9.747948	0.036430616	-0.000633318	79.0	1.5193368	0.005786782	3060000	4747.658112049103
102	3.7223318	2.8525531	11.94485	-0.97818524	36.791668	41.306755	147.0	0.0	1000.0	42820.0	0.013857605177993528	0.31956056	0.43625817	1.8343835	-2.159027	3.1566637	6.1863284	49.182728	-1.7185116	1.8626451e-08	-0.009137645	1.6763806e-08	-0.0007009485	0.13706154	-0.08210178	19.112082	-8.731845	0.035797298	-0.00044912845	79.0	1.4969254	0.005580012	3090000	4780.212837219238
103	2.6559849	1.9381386	6.6061053	-0.82332236	20.458334	20.497925	70.0	0.0	1000.0	43500.0	0.013942307692307693	0.28349003	0.47178227	2.1996047	-2.9075162	2.857936	4.368176	58.409336	-1.9162004	-7.450581e-09	-0.007072594	-2.9802322e-08	-0.0014929865	0.11277772	-0.073032014	19.87601	-9.788254	0.03534817	-0.00036575645	34.0	1.4726853	0.00445997	3120000	4808.378590583801
104	3.6185677	2.629615	10.175451	-1.2134451	22.333334	30.9417	137.0	0.0	1000.0	44146.0	0.014014603174603174	0.33652434	0.39393815	1.6685137	-1.2345237	2.4971807	3.6293168	48.133102	-1.7005996	3.7252903e-09	-0.009077525	7.450581e-09	-0.003164243	0.0952602	-0.06324573	14.348502	-6.4041724	0.034982413	-0.00041022524	79.0	1.4515032	0.005320914	3150000	4841.104463100433
105	3.766712	3.164024	11.772134	-2.414119	18.125	15.946035	49.0	0.0	1000.0	44795.0	0.014086477987421384	0.3594967	0.43950403	2.0320191	-1.2130347	2.7373421	4.830128	44.14131	-2.8711805	0.0	-0.009451911	1.1175871e-08	-0.0015707582	0.1724858	-0.1142613	13.923945	-7.346791	0.034572188	-0.0005219169	79.0	1.429322	0.006035856	3180000	4874.073105573654
106	3.2181873	2.6621184	11.554785	-1.9365301	28.5	30.378172	111.0	0.0	1000.0	45593.0	0.014203426791277259	0.3338746	0.4898672	2.825972	-1.6151142	2.7939277	3.9246264	43.273346	-1.9993385	9.313226e-09	-0.009960765	0.0	-0.0027329158	0.13211304	-0.09194661	14.616127	-7.234799	0.03405027	-0.0004327409	79.0	1.406672	0.005746698	3210000	4906.763717889786
107	3.8076267	1.8585913	6.760515	0.7712762	20.125	18.457863	60.0	0.0	1000.0	46175.0	0.014251543209876543	0.39020163	0.4445551	1.9851036	-1.2863147	2.1096697	2.8247209	25.511806	-2.7944741	1.3038516e-08	-0.009642771	-7.450581e-09	-0.0006673229	0.12247718	-0.07837256	8.507877	-2.9532766	0.03361753	-0.00049231574	79.0	1.3996745	0.0068314197	3240000	4939.449194431305
108	3.8706095	2.1682923	8.603374	-0.2904356	29.0	27.337399	93.0	0.0	1000.0	47028.0	0.01438165137614679	0.42965943	0.4176356	2.1933398	-1.2788304	2.4441805	3.2543619	21.578077	-3.9515	-1.8626451e-09	0.021409705	3.7252903e-09	-0.0014778024	0.12980637	-0.08424787	27.437954	-16.551775	0.033125214	-0.0002532862	6.0	1.3527894	0.036314562	3270000	4964.955561876297
109	3.7064312	2.0916796	9.573627	0.9467289	29.291666	43.17839	217.0	0.0	1000.0	47898.0	0.014514545454545455	0.41698653	0.50917566	3.0048683	-1.3011069	3.0472786	5.333449	51.13505	-9.702451	1.6763806e-08	0.008371012	2.2351742e-08	-0.00070173386	0.15498027	-0.10150877	21.870888	-12.260363	0.032871928	-0.00016358495	1.0	1.3506743	0.019782614	3300000	4990.0790412425995
110	3.966837	2.520468	9.378158	0.3107716	24.75	24.755892	113.0	0.0	1000.0	48747.0	0.014638738738738739	0.3999507	0.42343104	2.0336592	-1.535889	3.082547	3.876285	44.111656	-3.801367	1.4901161e-08	0.00011213729	2.6077032e-08	0.0014572546	0.108611606	-0.06849411	16.122267	-8.6653595	0.032708343	-0.00014642254	1.0	1.3501477	0.0046832147	3330000	5016.085834980011
111	3.972676	2.6325989	9.196694	0.31565335	39.875	30.03236	104.0	0.0	1000.0	49861.0	0.014839583333333333	0.36508736	0.42508873	1.8482206	-1.0601097	3.2470305	5.45261	56.144226	-2.3130379	0.0	0.0031358805	-9.313226e-09	-0.0017082067	0.110771626	-0.073520325	22.541124	-12.492296	0.03256192	5.7119876e-05	1.0	1.3503091	0.010337908	3360000	5041.240963459015
112	3.7423	2.1562011	7.5262637	-1.6835054	31.958334	23.986938	95.0	0.0	1000.0	50948.0	0.01502890855457227	0.36604956	0.4147664	2.0331156	-1.3058292	3.6143074	4.674029	52.65421	-0.8137975	-1.3038516e-08	0.0012570574	7.450581e-09	0.0020976122	0.09916301	-0.06249767	16.858444	-8.082003	0.03261904	0.00014283136	1.0	1.3506086	0.009639202	3390000	5066.354346990585
113	3.3682454	1.9107686	6.896778	-1.3029543	26.416666	25.018188	92.0	0.0	1000.0	51616.0	0.015092397660818713	0.40991247	0.41486445	1.8131082	-1.1698283	3.4105656	4.53559	52.156387	-0.8521955	1.1175871e-08	-0.000334047	1.7695129e-08	-0.00015225448	0.11184636	-0.07792414	14.67948	-7.7625284	0.03276187	0.00015112013	1.0	1.3512194	0.006408823	3420000	5091.524640083313
114	3.886915	2.8495827	9.98544	-3.0096705	23.125	27.776358	88.0	0.0	1000.0	52372.0	0.015180289855072464	0.40010402	0.436281	2.1341858	-1.671942	2.450329	3.522605	35.1267	-1.7742887	-1.6763806e-08	0.0029084252	0.0	0.0040327935	0.11712019	-0.07999028	12.471119	-5.485653	0.032912992	0.00011568889	1.0	1.3522925	0.012169775	3450000	5116.792122364044
115	3.0162785	2.8262727	8.223094	-5.0640492	35.791668	37.269264	164.0	0.0	1000.0	53507.0	0.015375574712643678	0.34910995	0.4642335	1.8273928	-1.5817295	2.8385375	4.1511564	27.937395	-2.0099852	2.6077032e-08	-0.0008698716	4.0978193e-08	-0.00019791722	0.17077555	-0.118475854	30.04422	-20.475126	0.03302868	0.00024517626	1.0	1.3533585	0.0031029817	3480000	5142.7405161857605
116	3.2533028	2.5881753	7.810279	-3.466964	37.541668	32.461487	126.0	0.0	1000.0	54666.0	0.015574358974358974	0.34240448	0.4578346	1.946837	-1.2105061	4.102777	5.0012116	44.719833	-0.39965612	1.3969839e-08	9.833835e-06	4.656613e-09	0.0009761392	0.0989192	-0.065498844	22.486038	-11.407103	0.033273857	0.0003874749	1.0	1.3547261	0.0035505034	3510000	5167.800102472305
117	4.3544345	2.4942768	8.961139	-0.044258557	24.333334	25.054384	81.0	0.0	1000.0	55413.0	0.015653389830508475	0.39418736	0.4083576	1.5718865	-1.2712784	3.499675	4.354924	34.23664	-0.61684847	0.0	-0.00041619758	0.0	0.00085632876	0.10446009	-0.06639345	13.902911	-6.5058784	0.033661332	0.00034803525	1.0	1.3562306	0.0034722302	3540000	5193.038989782333
118	4.5246563	3.9676576	17.900917	-0.42638615	32.333332	31.02508	115.0	0.0	1000.0	56482.0	0.01582128851540616	0.44323543	0.40769246	1.8307662	-1.0770813	2.9323387	3.848388	26.144054	-2.1726055	-3.7252903e-09	-0.000677107	5.5879354e-09	0.00067380816	0.14200178	-0.08527172	18.907206	-8.748802	0.034009367	0.00041794032	1.0	1.3578036	0.0026398657	3570000	5218.386796712875
119	3.9525154	2.073185	8.697554	1.2632473	18.708334	15.16432	58.0	0.0	1000.0	57042.0	0.015845	0.4255582	0.44884157	2.4056923	-1.5695645	3.2837162	3.9669483	36.711094	-0.8069904	3.7252903e-09	-0.00047463714	5.5879354e-09	-0.00035570608	0.13151757	-0.086054385	13.214783	-6.911571	0.034427308	0.00029826164	1.0	1.3594439	0.0020593763	3600000	5243.739965438843
120	4.2847886	2.515675	9.443587	-0.26189095	29.708334	32.12019	118.0	0.0	1000.0	57914.0	0.01595426997245179	0.39133027	0.4375028	2.6125486	-1.4258109	2.706686	4.1860914	36.960415	-1.3428698	-7.450581e-09	-0.0008946146	-7.450581e-09	0.00046676793	0.103629306	-0.06950879	20.900906	-11.578276	0.03472557	0.00033730268	1.0	1.3609741	0.0017570077	3630000	5269.752622127533
121	4.1634407	2.838608	11.612813	0.64409125	30.875	36.92257	146.0	0.0	1000.0	58807.0	0.016067486338797815	0.4480396	0.48703137	2.153013	-1.3246666	2.940639	5.3928967	73.96829	-3.2465389	-2.7939677e-09	-0.00086115254	5.5879354e-09	-4.3690205e-05	0.1322678	-0.09380813	22.194626	-11.760878	0.035062872	0.00039035082	1.0	1.3622928	0.0019165094	3660000	5295.046300172806
122	3.6425552	2.5984128	8.914208	-2.6339202	27.583334	22.961773	92.0	0.0	1000.0	59596.0	0.01615067750677507	0.43074387	0.4460291	2.3020983	-1.0674213	2.8176699	4.4542294	37.635056	-3.2145634	-5.5879354e-09	-0.0005841448	2.3283064e-08	0.0013884627	0.11839233	-0.086283065	14.205947	-6.398358	0.035453223	0.00039387867	1.0	1.3634055	0.0025425595	3690000	5320.580683469772
123	3.7709942	1.8615665	7.182521	0.48379672	34.0	26.773743	96.0	0.0	1000.0	60609.0	0.01629274193548387	0.36091644	0.43492648	2.2491205	-1.0648533	3.4056177	5.2308555	56.636803	-1.2991352	-2.7939677e-09	-0.00030960934	1.4901161e-08	-0.00014040776	0.08911874	-0.059069343	21.872711	-13.119524	0.0358471	0.00048867986	1.0	1.3645685	0.002541057	3720000	5345.808186292648
124	3.4963543	2.4398468	7.705473	-3.8623497	34.5	28.335785	106.0	0.0	1000.0	61564.0	0.016417066666666667	0.39532462	0.35926414	1.7998704	-1.4300632	3.7639773	5.0344357	45.053726	-1.3882167	2.3283064e-09	-0.0015361205	1.8626451e-08	-0.0006652842	0.08716132	-0.054443836	16.521803	-9.551635	0.03633578	0.00058529526	1.0	1.365412	0.0049449997	3750000	5371.4039311409
125	4.851797	3.121514	12.421315	0.71823376	32.75	22.117584	79.0	0.0	1000.0	62576.0	0.016554497354497353	0.39999208	0.40444627	1.872654	-1.1087164	3.4125798	4.7346754	44.76236	-2.3080943	-9.313226e-09	-0.0006094675	1.4901161e-08	5.5064447e-06	0.114042185	-0.07768095	13.623349	-5.176547	0.036921076	0.00065258145	1.0	1.3662919	0.000794938	3780000	5397.191388845444
126	3.8031547	2.4898794	9.667769	-2.0626438	24.708334	20.290552	70.0	0.0	1000.0	63324.0	0.016620472440944882	0.47339362	0.44148675	2.175313	-0.9063031	2.969551	3.4561448	27.074072	-1.5020937	-1.8626451e-09	-0.0003686056	-5.5879354e-09	-0.00039266754	0.12674999	-0.07758048	11.060931	-4.569353	0.037573658	0.0005965084	1.0	1.3671465	0.00058408745	3810000	5422.580235242844
127	4.530516	2.6275036	9.815578	0.6403746	31.375	36.767075	153.0	0.0	1000.0	64376.0	0.016764583333333333	0.47270676	0.4058088	2.7183585	-1.0547937	3.0598776	4.501788	43.738014	-2.4373736	3.7252903e-09	-0.00060892635	3.7252903e-09	-0.0006156835	0.13402317	-0.09102371	22.187695	-12.70811	0.038170166	0.0006460324	1.0	1.3681364	0.0006037712	3840000	5447.8512971401215
128	3.8313081	1.774385	7.110037	0.6480497	29.916666	23.664173	82.0	0.0	1000.0	65423.0	0.01690516795865633	0.4411863	0.42324182	2.116294	-1.3728391	3.1658378	3.9588542	31.045763	-2.1702592	1.0244548e-08	-0.0004018678	3.7252903e-08	0.00034399517	0.09444279	-0.06081015	18.185617	-9.623762	0.0388162	0.0006708279	1.0	1.3688974	0.00057710405	3870000	5473.27184343338
129	4.34996	2.7165866	11.955691	0.18114664	33.75	41.604538	168.0	0.0	1000.0	66613.0	0.01708025641025641	0.4217202	0.4213984	1.8361019	-1.0467503	4.3941855	7.1620126	54.55812	-4.1608934	-1.4901161e-08	-0.0005569258	1.4901161e-08	-0.00013705436	0.1057843	-0.07300256	45.192066	-34.943993	0.039487027	0.0007563792	1.0	1.369707	0.00050943927	3900000	5498.735206365585
130	3.5178585	2.4702818	8.016857	-0.567951	52.958332	103.73944	482.0	0.0	1000.0	68120.0	0.017333333333333333	0.35517368	0.43819845	2.1158712	-1.192714	3.6591656	8.145493	86.902855	-1.128245	1.8626451e-09	-0.0004954764	2.9802322e-08	-0.00025204662	0.12725443	-0.08631403	66.42002	-53.223396	0.040243406	0.0011352636	1.0	1.370667	0.000705748	3930000	5524.658844947815
131	4.840982	2.6071203	9.179117	-1.8618369	33.0	32.487175	126.0	0.0	1000.0	69196.0	0.017473737373737374	0.44916674	0.4822661	2.377435	-1.1842148	4.246665	8.222399	91.476524	-1.6406	-4.656613e-09	-0.000834906	1.8626451e-08	-0.0013547419	0.13865063	-0.09722592	21.400574	-12.4190235	0.04137867	0.0011856183	1.0	1.3715883	0.0015216318	3960000	5550.086525440216
132	4.0752134	3.200983	13.110597	0.26882592	29.875	25.860704	99.0	0.0	1000.0	70114.0	0.017572431077694236	0.43382385	0.4797441	2.8494966	-1.1508545	3.8179631	6.823509	82.36705	-8.130379	-1.4901161e-08	-0.00041078543	-2.2351742e-08	-0.00040797982	0.124567084	-0.08758098	25.913877	-16.68546	0.042564288	0.0011833012	1.0	1.3721645	0.0004399796	3990000	5575.466511726379
133	5.044823	2.8933725	11.737485	0.19434449	26.875	24.41023	83.0	0.0	1000.0	70937.0	0.017646019900497512	0.42900935	0.4685166	2.0902016	-0.90093666	3.161035	4.7048926	62.140324	-1.8363323	-1.6763806e-08	-0.0008166741	-1.1175871e-08	-0.00065825495	0.13790166	-0.09376972	18.456573	-11.38309	0.04374759	0.0011301562	1.0	1.3726056	0.0013799119	4020000	5600.923578500748
134	3.2987175	1.8445452	7.760593	0.4612148	39.416668	41.06389	131.0	0.0	1000.0	72064.0	0.01779358024691358	0.41981697	0.43025237	2.764124	-1.1709332	3.9236295	6.0066075	77.144516	-2.5912995	4.656613e-10	-0.00022857287	-1.1175871e-08	-0.00017987005	0.09536645	-0.06745568	25.2245	-15.609001	0.044877745	0.0013030581	1.0	1.3730688	0.0009860211	4050000	5626.389063119888
135	3.293434	2.120727	7.5359383	-0.30488458	38.708332	41.326424	130.0	0.0	1000.0	73207.0	0.017942892156862743	0.33442092	0.37935063	1.8581029	-1.1459354	4.4612727	7.901783	72.40718	-3.5828676	4.1909516e-09	-0.00087319687	0.0	-0.0004957379	0.08817833	-0.056851573	31.038563	-17.92838	0.046180803	0.00146107	1.0	1.3735292	0.0023468926	4080000	5652.276914834976
136	4.6194425	3.1485868	13.240072	0.90492564	39.875	30.414242	135.0	0.0	1000.0	74373.0	0.018095620437956206	0.38717538	0.40889132	1.920367	-0.7319576	3.9283466	4.636244	35.903614	-2.954199	6.0535967e-09	-0.0005158434	5.2154064e-08	0.00082301046	0.13687672	-0.095483854	15.728289	-6.435584	0.047641873	0.0016400628	1.0	1.3739276	0.0014404308	4110000	5677.62434220314
137	3.462288	2.1766634	9.665949	-0.6798751	41.666668	37.841408	156.0	0.0	1000.0	75537.0	0.018245652173913045	0.41009042	0.46152613	2.2612312	-1.3007263	3.823978	5.543641	63.198513	-2.7803452	-3.7252903e-09	-0.00023211923	-2.9802322e-08	-0.0003662943	0.116671264	-0.081317626	16.756344	-7.850893	0.049281936	0.0018528327	1.0	1.3741755	0.00047687153	4140000	5703.155472517014
138	4.2452364	2.7685473	10.073609	-0.44122475	46.541668	77.49784	312.0	0.0	1000.0	76747.0	0.018404556354916068	0.42699122	0.44278887	2.61251	-0.84043556	4.3661337	7.7579317	81.24732	-4.1045275	-2.4214387e-08	-0.00027033366	1.4901161e-08	0.00063730404	0.110167086	-0.07591674	45.181396	-24.987156	0.05113477	0.0021576695	1.0	1.3745716	0.0013026341	4170000	5728.6553592681885
139	4.316068	1.9622793	8.572671	0.78576756	32.083332	32.765472	143.0	0.0	1000.0	77604.0	0.01847714285714286	0.45182428	0.43170008	2.3491523	-0.9228084	3.0528724	5.6688614	75.0714	-3.6271985	-4.656613e-09	-0.0006722186	-1.1175871e-08	-0.0015402401	0.114455655	-0.08294107	17.535286	-9.754005	0.05329244	0.002176255	1.0	1.3748157	0.0031589442	4200000	5754.163020372391
140	4.310433	2.3333566	9.090517	-1.5273906	28.875	32.03164	141.0	0.0	1000.0	78342.0	0.018520567375886525	0.44629043	0.41562462	1.95699	-1.0918151	2.5204823	3.9371018	44.249462	-2.4248679	-2.2351742e-08	-0.0005324781	7.450581e-09	-0.00022268249	0.10409032	-0.0710532	13.305107	-5.7571406	0.055468693	0.0021271892	1.0	1.3748698	0.0030563232	4230000	5779.954489707947
141	4.1579776	2.4079525	8.799151	-0.062667675	29.0	33.457684	132.0	0.0	1000.0	79229.0	0.018598356807511738	0.39981946	0.4007418	2.4387455	-1.2069563	3.1411161	4.6416583	64.30102	-4.2919087	5.355105e-09	-0.0005070437	-7.450581e-09	0.0004538549	0.093953654	-0.06027948	20.140507	-10.316846	0.057595883	0.002085615	1.0	1.3750446	0.000947959	4260000	5805.420249938965
142	3.6952665	2.1454685	7.0340466	-1.5804784	27.625	28.870129	85.0	0.0	1000.0	80073.0	0.018665034965034966	0.3852722	0.45275202	2.0908089	-1.3673339	2.8790617	4.5935063	55.993866	-3.051845	-1.071021e-08	-0.00028850685	-8.8475645e-09	0.0007424515	0.1113766	-0.08291554	11.978352	-5.997237	0.059681498	0.0020145923	1.0	1.3751483	0.0006277864	4290000	5830.927131652832
143	4.690281	2.1130204	9.809077	1.1209219	26.5	30.614538	149.0	0.0	1000.0	80925.0	0.01873263888888889	0.43239844	0.45717138	2.8861299	-1.2726989	3.2759655	5.07904	70.95188	-3.5908995	1.8626451e-09	-0.0005521484	5.5879354e-09	-0.00050672516	0.15523669	-0.11046749	14.272387	-7.864292	0.06169609	0.0019169152	1.0	1.3751547	0.00067425787	4320000	5856.595774650574
144	3.383838	2.0726328	9.121896	0.5430385	30.333334	24.277332	96.0	0.0	1000.0	81759.0	0.018795172413793103	0.4028366	0.4809255	2.265645	-1.3199538	3.318063	5.810549	64.128	-2.4227953	-9.313226e-10	-0.0004885781	2.6077032e-08	0.00078064017	0.09512876	-0.0661841	13.950371	-7.033747	0.063613005	0.0019207299	1.0	1.3753263	0.0019567795	4350000	5882.244865655899
145	3.7304904	1.6586474	7.4763985	0.92960143	51.875	89.3184	466.0	0.0	1000.0	83278.0	0.01901324200913242	0.38642	0.42534322	1.8825992	-1.198328	3.9536026	7.96007	63.431232	-3.7410853	-3.7252903e-09	-0.00063962885	2.9802322e-08	-0.0019665211	0.09804852	-0.069179386	50.081882	-38.97079	0.065533735	0.0024621487	1.0	1.3756095	0.00087299466	4380000	5908.294739723206
146	3.6124623	2.415741	8.700003	-0.24737784	57.625	124.71795	636.0	0.0	1000.0	84848.0	0.019239909297052153	0.40686536	0.4234155	1.8490965	-1.2301667	4.5738287	7.0730433	74.65917	-5.1215105	1.4901161e-08	-0.0006071497	-7.4505806e-08	6.033061e-05	0.12206076	-0.09074591	101.69044	-83.487656	0.06799588	0.0031240284	1.0	1.3758225	0.000785384	4410000	5933.689735174179
147	4.072535	3.4830194	10.3059025	-6.31609	22.041666	23.523888	79.0	0.0	1000.0	85592.0	0.01927747747747748	0.44889754	0.42169097	1.9939479	-1.4620899	3.224345	4.11066	55.6694	-2.7579598	-3.7252903e-09	-0.00076949	0.0	0.0005472936	0.14926806	-0.11557483	15.471609	-9.350988	0.07111991	0.0028601438	1.0	1.3758949	0.0008101838	4440000	5959.199426651001
148	3.770916	2.0581224	8.189536	0.12697141	43.541668	39.94786	125.0	0.0	1000.0	86909.0	0.019442729306487695	0.42881954	0.42414466	2.0428524	-1.081056	3.9858708	5.906397	81.18102	-2.2002141	0.0	-0.0004578035	2.6077032e-08	7.0434995e-05	0.114101626	-0.08336948	35.321396	-22.91859	0.073980056	0.0032001063	1.0	1.3760383	0.000775223	4470000	5984.834271669388
149	3.3013904	2.4106576	8.197766	-2.0028713	28.125	31.883005	149.0	0.0	1000.0	87684.0	0.019485333333333334	0.37424198	0.42903286	2.3310351	-1.0393181	3.7851324	4.5691977	57.934837	-3.171927	-1.8626451e-09	-0.00040528155	-1.4901161e-08	-0.0002486762	0.09994566	-0.07056914	22.010632	-13.820221	0.07718016	0.0031010062	1.0	1.376225	0.0008518777	4500000	6010.358229398727
150	3.4687822	2.191805	7.6823897	0.6188652	27.583334	30.838175	104.0	0.0	1000.0	88568.0	0.019551434878587196	0.342449	0.44853917	2.2772062	-1.1517482	4.054517	8.06406	85.65481	-3.1972818	-2.7939677e-09	-0.00043642893	0.0	0.0002938304	0.09155603	-0.06358043	40.973167	-30.307457	0.08028117	0.0029877797	1.0	1.3763759	0.00030136018	4530000	6036.544885158539
151	4.692985	2.8302286	10.061507	0.24785568	31.625	31.685713	148.0	0.0	1000.0	89511.0	0.019629605263157896	0.4338479	0.42108527	1.9965222	-1.0900885	3.3700268	4.479618	45.142742	-4.1377015	5.5879354e-09	-0.00021776138	-2.9802322e-08	-0.0007327106	0.10797951	-0.07961794	16.812748	-8.217598	0.08326895	0.003007315	1.0	1.3762288	0.0003566373	4560000	6062.152025461197
152	3.9495275	2.6651492	8.888294	-0.7752367	73.958336	172.64233	737.0	0.0	1000.0	91476.0	0.019929411764705883	0.40060562	0.48960665	1.9412638	-0.96355253	5.3028736	10.793032	66.24313	-3.6346302	-1.3504177e-08	-0.010202712	-7.4505806e-08	-0.013535701	0.122438364	-0.09461042	113.83516	-95.45082	0.08627626	0.004846789	79.0	1.3760083	0.0066004777	4590000	6095.360082864761
153	4.20246	3.2027202	11.119756	-1.0681113	48.625	59.05563	243.0	0.0	1000.0	92823.0	0.02009155844155844	0.43612385	0.5031954	2.6384902	-1.1867862	4.398403	11.335783	97.90523	-2.301893	7.450581e-09	-0.009829814	1.3038516e-08	-0.018065363	0.13465428	-0.10170695	24.70269	-14.272922	0.09112305	0.0057485476	79.0	1.3539973	0.006038204	4620000	6128.526304483414
154	3.937622	2.184063	7.697423	1.0603557	38.708332	49.841816	231.0	0.0	1000.0	93840.0	0.020180645161290322	0.46980062	0.4514914	2.206035	-0.9463175	3.908097	8.670312	85.919525	-2.0398202	-1.3969839e-08	-0.009168929	5.5879354e-09	-0.0139379855	0.11794595	-0.08618191	20.107597	-12.175396	0.0968716	0.0058804974	79.0	1.3397791	0.0062798867	4650000	6161.652595996857
155	3.5568779	2.355744	9.41129	0.8051274	26.291666	26.282885	89.0	0.0	1000.0	94634.0	0.02022094017094017	0.39038476	0.40458366	1.7537676	-0.90692264	2.9783266	5.300203	86.43083	-2.7889733	6.519258e-09	-0.009425314	3.7252903e-08	-0.010251395	0.11379166	-0.08007927	14.689285	-7.724092	0.1027521	0.005145192	79.0	1.3183688	0.0060524186	4680000	6195.33585190773
156	3.9873304	2.3718417	8.932278	-0.23755682	52.041668	64.00421	306.0	0.0	1000.0	96050.0	0.020392781316348196	0.40128684	0.46164304	2.138009	-1.2213638	4.013839	8.67625	86.45043	-2.9030075	-9.313226e-09	-0.008836765	2.9802322e-08	-0.009503692	0.12454952	-0.09352839	28.04826	-17.342344	0.10789729	0.0055693313	79.0	1.3020656	0.006065001	4710000	6228.455404043198
157	4.273895	2.332191	10.031819	1.018879	20.625	15.627999	67.0	0.0	1000.0	96703.0	0.020401476793248944	0.43201074	0.45369235	2.1850154	-0.84408593	3.3436604	5.8820696	89.59043	-3.2943106	-1.21071935e-08	-0.009891007	2.2351742e-08	-0.014463951	0.13801865	-0.103870794	16.466515	-10.759652	0.11346662	0.0060730204	79.0	1.2856166	0.006944563	4740000	6261.501975536346
158	3.314478	1.9456512	7.6286335	0.33185422	30.875	25.960405	106.0	0.0	1000.0	97625.0	0.020466457023060797	0.44798496	0.4446467	2.2445154	-1.3533471	3.076596	5.0685782	56.794186	-3.0897987	1.3969839e-09	-0.009380329	-1.4901161e-08	-0.015073951	0.12344843	-0.09518123	35.391678	-24.741093	0.11953964	0.005765699	79.0	1.2650945	0.0064628054	4770000	6294.677547931671
159	3.4969351	2.156505	10.398909	-0.013185406	63.75	61.707813	245.0	0.0	1000.0	99210.0	0.02066875	0.34875864	0.41723663	2.048455	-1.1468538	3.9681609	5.048078	56.875687	-3.5812762	-1.8626451e-08	-0.0019223173	-1.4901161e-08	-0.0018685628	0.11511214	-0.086184375	54.133156	-39.85695	0.12530534	0.0065263063	5.0	1.2441974	0.0032428876	4800000	6320.675776481628
160	4.321761	2.7228496	11.383076	-1.3220333	40.625	44.19447	178.0	0.0	1000.0	100498.0	0.02080703933747412	0.4441439	0.44934776	2.5222807	-0.95508456	5.035583	9.302613	80.733	-1.833178	1.3969839e-08	0.0061263554	2.2351742e-08	-0.0024161544	0.1422228	-0.113897085	22.66577	-13.238087	0.13183165	0.006796524	1.0	1.2436622	0.013375439	4830000	6346.9528386592865
161	4.715061	2.8291771	11.576849	-3.7314818	30.166666	24.73639	82.0	0.0	1000.0	101369.0	0.020857818930041152	0.47615436	0.44484445	2.2239497	-0.9911471	4.448939	5.9087644	73.78368	-2.0996819	-3.7252903e-09	0.004853617	3.7252903e-09	0.0020182324	0.1582731	-0.122629315	14.623253	-8.407267	0.13862817	0.0066858977	1.0	1.2431848	0.015192786	4860000	6372.390076160431
162	3.6925945	1.6553454	6.474344	0.7213992	36.208332	36.304245	145.0	0.0	1000.0	102360.0	0.020932515337423314	0.43380767	0.45423168	2.2411797	-0.9733351	3.364881	6.3853498	66.43531	-3.426436	-1.1175871e-08	-0.00030923748	-9.313226e-09	-0.0019814596	0.10731138	-0.07773581	17.408712	-10.015226	0.14531407	0.0068972707	1.0	1.2427621	0.0033582977	4890000	6397.96876168251
163	3.512996	2.3669724	7.6230564	-0.27401873	33.5	31.89697	137.0	0.0	1000.0	103293.0	0.02099451219512195	0.39978933	0.42106548	1.8233478	-1.0279413	3.5701838	7.1245966	81.66345	-3.566245	5.5879354e-09	-0.00055730855	7.450581e-09	-0.00054337364	0.097053155	-0.06732673	24.087841	-15.026203	0.15221134	0.0069809854	1.0	1.2427118	0.00060644594	4920000	6423.494842290878
164	2.5779243	2.5130305	7.9146094	-0.7369291	26.416666	26.62223	93.0	0.0	1000.0	104108.0	0.021031919191919192	0.3261791	0.43965825	1.828875	-1.4442395	3.858309	5.5438066	41.973125	-3.5639367	1.3969839e-08	-0.00025742827	-1.3969839e-09	-0.0014763388	0.09090745	-0.06319362	13.48481	-7.8035374	0.15919232	0.006670341	1.0	1.2430952	0.0068745897	4950000	6449.032076835632
165	4.6174064	2.9035368	11.658109	0.089359485	27.041666	22.928293	66.0	0.0	1000.0	104934.0	0.0210710843373494	0.3990554	0.41247052	1.7251683	-1.3398072	3.30066	5.600819	80.78341	-2.7694297	1.0244548e-08	-0.0007979465	4.5634806e-08	-0.0013970016	0.094301656	-0.06549093	14.220338	-7.293683	0.16586266	0.006398797	1.0	1.2436508	0.0019937505	4980000	6474.971216201782
166	3.9263322	2.4347804	7.445944	-1.9804809	39.916668	39.307457	153.0	0.0	1000.0	106099.0	0.021177445109780438	0.42579252	0.46980765	2.50308	-1.2451392	3.8641622	4.9794984	43.374016	-2.4569752	4.656613e-09	-0.00048522116	2.6077032e-08	-0.0007015383	0.08239163	-0.057079006	24.636627	-15.266106	0.17226146	0.0068966895	1.0	1.2442497	0.00037422727	5010000	6500.442098855972
167	3.420744	2.57115	8.547413	-2.788396	47.166668	65.973274	315.0	0.0	1000.0	107396.0	0.02130873015873016	0.42714342	0.44671476	2.153776	-1.1406202	4.985823	9.459081	84.13508	-2.1402957	-4.656613e-10	-0.0010483554	1.3038516e-08	-0.0012717608	0.11396813	-0.082446344	25.822853	-16.266296	0.17915815	0.007822394	1.0	1.2450107	0.0019095303	5040000	6526.0059406757355
168	4.0214763	1.9927936	7.7717247	0.5588763	43.583332	25.411476	115.0	4.0	1000.0	108668.0	0.02143353057199211	0.4302207	0.446857	1.904357	-1.3336303	3.4013948	4.7430696	31.27052	-2.8649817	-7.450581e-09	-0.0005447918	-7.450581e-09	-0.003773745	0.08917301	-0.05891393	17.716806	-8.637327	0.18698055	0.00851807	1.0	1.2458439	0.0020837327	5070000	6551.70407128334
169	4.5613236	2.738133	12.596449	1.5096163	43.083332	53.76408	214.0	0.0	1000.0	109907.0	0.021550392156862747	0.4280971	0.4231068	2.1181412	-0.8715254	4.056829	6.2170434	66.98871	-4.6342854	5.5879354e-09	-0.00068603025	6.146729e-08	-0.0006275631	0.13517587	-0.09623435	29.256702	-17.443378	0.19549862	0.009181768	1.0	1.2465515	0.0021248457	5100000	6577.434863090515
170	5.4573903	3.0573757	13.082918	-0.21253897	21.833334	22.006945	86.0	0.0	1000.0	110551.0	0.021549902534113062	0.5416329	0.46541774	2.4332066	-1.0184718	3.575928	4.8449388	47.43792	-2.5130293	1.1175871e-08	-0.00040254556	2.9802322e-08	0.0002578965	0.14378217	-0.09689695	16.744446	-10.4308195	0.20468038	0.008422241	1.0	1.246959	0.00088624714	5130000	6603.517909526825
171	4.7954197	3.056996	11.903508	0.2788504	37.416668	22.263416	103.0	0.0	1000.0	111553.0	0.021618798449612404	0.5403737	0.4770926	2.1319053	-1.2499472	3.270564	4.8182282	44.660202	-11.417978	-1.21071935e-08	-0.0007755818	-1.3038516e-08	-0.0010695241	0.14064236	-0.10691566	12.082886	-6.431814	0.21310262	0.008784428	1.0	1.2472211	0.00276617	5160000	6629.011515855789
172	4.1506786	2.4857385	10.369571	0.033931408	24.583334	29.895535	132.0	0.0	1000.0	112223.0	0.021622928709055876	0.47096303	0.45806262	2.6188796	-1.0570488	2.5335424	3.7064593	31.403399	-3.6561108	1.8626451e-09	-0.0008485378	-4.4703484e-08	-0.0013520899	0.124649815	-0.08698201	13.423877	-7.9054775	0.22188705	0.008196473	1.0	1.2474629	0.0020901836	5190000	6654.695269346237
173	4.784964	2.740643	11.078478	-2.4140189	39.333332	37.786316	129.0	0.0	1000.0	113278.0	0.021700766283524905	0.46349674	0.43166572	2.249137	-1.210247	2.986274	4.9926586	40.700157	-2.307827	7.450581e-09	-0.0005452632	-1.8626451e-09	2.078712e-05	0.13229868	-0.0916259	21.73859	-14.1464405	0.23008353	0.008746356	1.0	1.2476425	0.00095715537	5220000	6680.485065937042
174	4.7436175	2.8802164	13.416263	0.708233	51.833332	107.28182	558.0	0.0	1000.0	114547.0	0.02181847619047619	0.44466066	0.4444508	2.314449	-0.92611283	5.144439	11.456833	87.75301	-10.169221	-1.6763806e-08	-0.00039650485	-3.7252903e-08	-0.0018311902	0.11773816	-0.08658394	25.9883	-18.801495	0.23882988	0.010218903	1.0	1.2480339	0.00076807046	5250000	6706.108383178711
175	5.1471033	2.4985597	9.266274	1.2683227	29.541666	31.660938	117.0	0.0	1000.0	115395.0	0.021855113636363638	0.50446695	0.41895822	1.8468125	-1.4292043	3.7515693	9.058353	90.06508	-15.589337	5.5879354e-09	-0.0009924845	2.2351742e-08	-0.0018011611	0.119850114	-0.08713381	28.786154	-19.577578	0.24904878	0.00994809	1.0	1.2482591	0.00090968405	5280000	6732.389317035675
176	5.242419	3.1884713	13.02083	-1.2638327	28.583334	31.928196	139.0	0.0	1000.0	116280.0	0.021898305084745762	0.5017987	0.49352127	2.4863842	-0.9935132	3.6221962	5.1305766	54.129765	-4.1464815	1.8626451e-09	-0.0012077768	5.5879354e-09	-0.0013913787	0.1376302	-0.099287525	13.530389	-6.5740232	0.25899687	0.009615988	1.0	1.2485249	0.0010677142	5310000	6757.991861581802
177	3.4491289	2.7584784	8.162721	-2.693805	43.875	53.630924	239.0	0.0	1000.0	117507.0	0.02200505617977528	0.43003997	0.4673406	2.3967361	-1.0109006	3.414827	5.1559334	48.982273	-5.602458	0.0	-0.0008322904	-7.450581e-09	-0.0014458848	0.09389146	-0.07006079	36.215237	-25.890284	0.26861286	0.010589153	1.0	1.24877	0.0016351456	5340000	6783.558367490768
178	4.3178287	2.3603947	10.06056	-0.012007144	38.416668	55.387962	252.0	0.0	1000.0	118667.0	0.022098137802607075	0.45457506	0.4568815	2.042626	-1.1027918	4.0544996	6.712508	74.846855	-3.6126933	5.5879354e-09	-0.0010218252	-1.1175871e-08	-0.0038817618	0.11394499	-0.08386189	41.610016	-30.385057	0.279202	0.0110912025	1.0	1.2490405	0.0025553862	5370000	6809.07160449028
179	4.4675283	2.4472277	8.717972	-0.47507918	70.5	102.63122	520.0	0.0	1000.0	120507.0	0.02231611111111111	0.4655703	0.50874114	2.4099715	-0.9129988	7.459549	16.289421	88.88537	-4.647016	3.7252903e-09	-0.001992684	2.9802322e-08	-0.0066688154	0.118506625	-0.0888332	76.39664	-62.05735	0.29029322	0.014246106	1.0	1.2491696	0.0022907085	5400000	6834.590449094772
180	4.0719733	3.2589612	11.3287945	-1.941097	34.75	34.81768	118.0	0.0	1000.0	121585.0	0.02239134438305709	0.43461075	0.42780676	1.9026784	-0.95004463	3.9029129	5.9785905	77.536804	-4.7373934	-1.1175871e-08	-0.0009603645	-1.1175871e-08	-0.0031353345	0.112888634	-0.08405684	21.117336	-12.249982	0.30453932	0.014303178	1.0	1.2490762	0.0018930477	5430000	6860.768342733383
181	5.483294	3.2705789	11.325588	0.7712535	58.375	125.15184	597.0	0.0	1000.0	123198.0	0.022563736263736263	0.45051163	0.4427533	2.5485623	-1.0030621	5.554297	10.567347	84.487206	-0.64825207	3.7252903e-09	-0.001177011	0.0	-0.0028880471	0.16608573	-0.1283485	66.50906	-52.37992	0.3188425	0.016523957	1.0	1.2486461	0.0017901437	5460000	6886.2259929180145
182	4.0389132	2.5140414	8.884067	0.2638382	57.583332	109.01143	553.0	0.0	1000.0	124781.0	0.0227287795992714	0.43293262	0.46691138	2.4044912	-0.9524141	4.79957	11.147144	94.178696	-10.284331	4.656613e-09	-0.0012259248	3.7252903e-09	-0.003965048	0.16159645	-0.1259616	63.28267	-47.271454	0.33536646	0.018657565	1.0	1.2481346	0.0019031784	5490000	6911.759268760681
183	4.208406	2.8655725	9.5713625	-0.27937123	31.791666	32.80876	126.0	0.0	1000.0	125740.0	0.02277898550724638	0.45225248	0.4673266	2.3221922	-1.1153611	3.8865373	6.2474475	75.85956	-5.183235	7.450581e-09	-0.0014394266	2.6077032e-08	-0.0031349328	0.1314272	-0.09760965	18.658377	-10.968048	0.35402402	0.018292844	1.0	1.2475238	0.0016468919	5520000	6937.778744697571
184	3.457988	2.4469934	8.6210375	-2.9873252	40.916668	46.17261	185.0	0.0	1000.0	126855.0	0.022856756756756757	0.4562338	0.4736341	2.4068573	-0.8697504	3.6085923	6.807363	66.25284	-4.116421	1.0244548e-08	-0.012861872	2.6077032e-08	-0.048623428	0.11713905	-0.09124331	18.54063	-11.942899	0.37231687	0.023567885	28.0	1.2466339	0.0133865625	5550000	6965.857458591461
185	4.1868186	2.1478708	8.296791	-0.56916344	49.458332	71.12781	276.0	0.0	1000.0	128247.0	0.022983333333333335	0.35673088	0.44329616	1.9593867	-1.503265	4.09286	7.3758035	79.98914	-5.79802	-1.9557774e-08	-0.012467395	-2.2351742e-08	-0.036626786	0.1111499	-0.08452374	37.89037	-26.062664	0.39588475	0.031094223	37.0	1.2521048	0.012019124	5580000	6995.359218835831
186	4.199638	3.1624658	13.632719	-0.18288292	29.166666	27.054985	94.0	0.0	1000.0	129356.0	0.023058110516934047	0.41690513	0.46102533	2.4064813	-0.8388598	4.6958437	9.168194	84.91391	-3.648488	7.450581e-09	-0.008852058	-3.7252903e-09	-0.029911915	0.12530334	-0.09451105	26.485422	-16.56433	0.42697898	0.02448818	16.0	1.2461579	0.012435565	5610000	7022.290369272232
187	4.377667	2.4624736	9.112787	0.5668011	28.125	22.260414	83.0	0.0	1000.0	130275.0	0.023098404255319147	0.43492636	0.42236355	2.1132462	-1.0644133	3.2164614	4.500993	45.253227	-4.749543	-5.5879354e-09	-0.012352119	-1.8626451e-08	-0.0347547	0.12005674	-0.08710628	16.6768	-8.838337	0.45146716	0.031413734	48.0	1.2470665	0.012132242	5640000	7052.400915622711
188	3.637265	2.3144505	8.765403	-1.354599	31.083334	32.560093	138.0	0.0	1000.0	131229.0	0.023144444444444443	0.40912423	0.41663894	2.3171923	-0.9598784	2.9913297	5.000305	72.48428	-5.7006297	1.6763806e-08	-0.0016205925	4.656613e-08	-0.003248658	0.11925177	-0.08852774	20.248672	-10.931622	0.4828809	0.020110428	2.0	1.2204947	0.0010024343	5670000	7078.210438251495
189	5.34218	3.5165284	13.528161	-0.10556463	34.125	37.328846	142.0	0.0	1000.0	132537.0	0.023252105263157893	0.39879212	0.4708537	2.2551038	-0.88657165	5.1288104	8.310521	60.21655	-6.574062	-1.4901161e-08	-0.0020049317	-2.9802322e-08	-0.0047331885	0.16038021	-0.12339832	64.343285	-49.41392	0.5029913	0.019618034	1.0	1.2188234	0.0025210653	5700000	7103.980964183807
190	3.7677605	2.461162	9.795487	-0.7220549	60.375	61.777702	225.0	0.0	1000.0	134274.0	0.023433507853403143	0.44795606	0.4915602	2.4940374	-1.0067425	5.7148666	11.416629	78.10815	-4.5537505	3.7252903e-09	-0.005057699	-7.450581e-09	-0.023229744	0.117703825	-0.08883661	57.735115	-41.72545	0.52260935	0.024118185	6.0	1.2179877	0.012392314	5730000	7130.863983392715
191	4.446978	2.6420133	9.806032	-0.5491809	46.625	104.59399	536.0	0.0	1000.0	135539.0	0.023531076388888888	0.4169463	0.40482432	2.0426352	-0.8591136	5.5748672	12.039262	83.604744	-6.0474906	-2.2817403e-08	-0.009880243	-3.1664968e-08	-0.033237867	0.100984395	-0.068910494	42.42354	-33.079136	0.54672754	0.027014196	14.0	1.2157385	0.014536658	5760000	7157.566296815872
192	5.2991242	2.3240988	12.041797	1.5430685	40.416668	52.793556	205.0	0.0	1000.0	136581.0	0.023589119170984454	0.46675164	0.41227403	1.9958792	-0.99267155	3.7653685	8.150578	81.95434	-5.644211	1.1175871e-08	-0.007428141	1.4901161e-08	-0.02287434	0.14504611	-0.11110111	22.911026	-12.323835	0.57374173	0.02746147	13.0	1.2078414	0.012020931	5790000	7184.282738685608
193	3.8690834	2.6381333	9.07962	-0.2641356	20.625	22.516314	82.0	0.0	1000.0	137175.0	0.02356958762886598	0.41267323	0.45539376	2.2867835	-1.1494501	2.8207245	3.8873377	42.926987	-4.8785405	0.0	-0.00930784	3.7252903e-09	-0.024056958	0.12102624	-0.09126184	12.690098	-6.656538	0.6012032	0.0263443	22.0	1.1941181	0.012294909	5820000	7212.1967306137085
194	4.23938	2.7897654	8.715182	-0.2872367	57.375	106.47332	473.0	0.0	1000.0	138690.0	0.023707692307692308	0.3590839	0.45083153	2.337839	-0.7401077	3.4229612	7.743811	61.49207	-4.3152084	9.313226e-09	-0.009999517	1.4901161e-08	-0.027692338	0.12763938	-0.09439829	73.33693	-60.605392	0.6275475	0.029257655	17.0	1.1715488	0.013616413	5850000	7239.27751493454
195	4.023979	3.5999796	12.621586	-1.345712	35.291668	47.85523	181.0	0.0	1000.0	139630.0	0.02374659863945578	0.36877006	0.46559432	2.571069	-1.3745471	2.5538895	5.7127414	96.656746	-6.035582	-3.259629e-09	-0.0031303149	-2.6077032e-08	-0.007545145	0.1273754	-0.094420105	40.427185	-25.064259	0.65680516	0.026343167	2.0	1.1642243	0.0020858608	5880000	7265.525807142258
196	4.7733226	2.845508	12.686849	-1.0382608	30.5	39.551655	184.0	0.0	1000.0	140520.0	0.023776649746192893	0.53552157	0.51710624	2.6972828	-0.8484278	4.043463	7.086362	76.93661	-1.8518407	1.8626451e-09	-0.010112578	7.450581e-09	-0.028807659	0.14746988	-0.11109072	17.299526	-10.22829	0.6831483	0.028646827	19.0	1.16342	0.012088504	5910000	7292.908723115921
197	3.568185	2.1545253	9.043741	0.06380498	15.083333	31.625303	150.0	0.0	1000.0	141090.0	0.023752525252525254	0.41281414	0.42861226	2.2584794	-0.9891017	2.7556527	6.61375	82.575035	-5.562188	-4.656613e-09	-0.0065016607	3.7252903e-09	-0.020461423	0.12584627	-0.09967111	21.59958	-14.903857	0.71179515	0.023082793	7.0	1.1606596	0.012991091	5940000	7319.130787849426
198	4.573925	2.7045045	9.2821245	0.6930635	27.041666	33.56273	111.0	0.0	1000.0	141910.0	0.023770519262981574	0.45430765	0.45708093	2.0270436	-1.1394978	2.579923	5.3805394	60.43862	-5.222381	1.1175871e-08	-0.009907799	7.450581e-09	-0.02617352	0.13831852	-0.107891835	25.225475	-16.311897	0.73487794	0.023665667	20.0	1.1605554	0.012709754	5970000	7346.54940867424
199	5.269672	2.7876012	10.458805	0.26100194	39.75	65.76869	327.0	0.0	1000.0	142922.0	0.023820333333333332	0.4537544	0.5045285	2.6832337	-1.3852997	3.1022782	7.8358603	74.92291	-5.146322	-5.5879354e-09	-0.006907897	-2.2351742e-08	-0.019033138	0.13607329	-0.104854	19.41016	-11.570564	0.7585436	0.022878408	8.0	1.1606555	0.012326479	6000000	7372.726076602936
200	4.83262	2.4809513	9.505231	0.5969627	34.875	45.01788	191.0	0.0	1000.0	143915.0	0.023866500829187395	0.5202399	0.4730075	2.1547606	-1.0815957	3.0669405	5.181939	51.46352	-2.213252	3.7252903e-09	-0.0019098831	7.450581e-09	-0.00396109	0.1328936	-0.1006095	33.729584	-21.286163	0.781422	0.021705389	2.0	1.1606643	0.0031314073	6030000	7398.921008348465
201	4.0846725	2.2545574	8.240691	-0.7439767	26.916666	31.70951	103.0	0.0	1000.0	144648.0	0.023869306930693068	0.47136518	0.45584264	2.2830825	-0.9255996	4.6192894	9.916796	71.33147	-3.7001963	5.2154064e-08	-0.0028610323	1.1920929e-07	-0.009105958	0.10524143	-0.08218482	81.01811	-71.90019	0.8031274	0.020117044	1.0	1.1607217	0.008818931	6060000	7424.482248783112
202	5.438742	2.9141061	13.772302	1.4003636	25.208334	25.48362	97.0	0.0	1000.0	145389.0	0.023873399014778324	0.4974714	0.4588055	2.3230822	-0.90086037	2.7344432	4.0545044	39.150116	-2.7022886	0.0	-0.010452135	0.0	-0.025534794	0.12555711	-0.090001374	17.013378	-8.952526	0.82324445	0.021937788	19.0	1.1604657	0.013038403	6090000	7451.814415216446
203	3.5599098	2.932478	10.9926605	-1.527856	27.791666	26.747242	99.0	0.0	1000.0	146202.0	0.02388921568627451	0.47027653	0.46987018	2.5073268	-1.1298813	2.7839808	4.013298	33.648396	-2.5303564	0.0	-0.009271537	-1.4901161e-08	-0.024301637	0.15102181	-0.11658191	13.084219	-5.3582582	0.84518224	0.021490574	18.0	1.1512482	0.01347467	6120000	7479.191733837128
204	4.1708417	2.7508903	9.61908	-1.0183712	36.083332	28.963938	108.0	0.0	1000.0	147128.0	0.023923252032520326	0.45601836	0.48256168	2.4390767	-0.8917098	2.671151	4.734229	48.08339	-2.8305001	2.7939677e-09	-0.009211826	-5.5879354e-09	-0.022913326	0.14353374	-0.10961738	24.743546	-12.948513	0.8666728	0.021691144	16.0	1.1526186	0.0118582435	6150000	7506.182693481445
205	3.8008397	2.3359144	8.027401	-1.868125	19.791666	25.19752	80.0	0.0	1000.0	147764.0	0.023910032362459546	0.46077755	0.4630454	2.2432609	-0.8893989	2.3947563	3.9212813	35.20153	-4.050303	-3.7252903e-09	-0.0016933694	0.0	-0.0031347969	0.11988506	-0.09331706	9.750423	-4.022458	0.88836396	0.016089201	2.0	1.1513586	0.0026267564	6180000	7532.539393663406
206	4.240747	2.6336274	10.51364	-0.058873974	25.166666	26.70778	77.0	0.0	1000.0	148538.0	0.02391916264090177	0.4064254	0.3929045	1.6943477	-0.8380757	2.6395948	4.1259637	31.615604	-2.862551	9.313226e-09	-0.007619066	2.9802322e-08	-0.020506464	0.10183056	-0.07688512	11.834232	-5.7224216	0.90445316	0.01725179	15.0	1.1503127	0.012153796	6210000	7559.468656778336
207	4.7530656	2.592386	9.716252	0.05251669	28.666666	50.10461	244.0	0.0	1000.0	149272.0	0.023921794871794872	0.49950254	0.47051337	2.2391772	-0.97474223	3.6698222	7.9428654	59.98237	-2.660374	7.450581e-09	-0.0026630561	2.6077032e-08	-0.0048163794	0.117921576	-0.087060586	28.29763	-19.463	0.92170495	0.014243722	2.0	1.1418219	0.0034302333	6240000	7585.137456655502
208	4.9007983	2.6692262	10.746452	-0.10574136	25.625	19.555077	69.0	0.0	1000.0	150046.0	0.023930781499202552	0.47741875	0.44347402	1.9206357	-0.9802716	2.5334854	3.857582	38.17025	-3.7076495	3.7252903e-09	-0.00846222	7.450581e-09	-0.02101358	0.11024228	-0.07944758	11.274164	-5.0097775	0.93594867	0.014794409	13.0	1.1401676	0.013928366	6270000	7611.892280101776
