Epoch	AverageEpRet	StdEpRet	MaxEpRet	MinEpRet	AverageEpCost	StdEpCost	MaxEpCost	MinEpCost	EpLen	CumulativeCost	CostRate	AverageVVals	StdVVals	MaxVVals	MinVVals	AverageCostVVals	StdCostVVals	MaxCostVVals	MinCostVVals	LossPi	DeltaLossPi	SurrCost	DeltaSurrCost	LossV	DeltaLossV	LossVC	DeltaLossVC	Penalty	DeltaPenalty	StopIter	Entropy	KL	TotalEnvInteracts	Time
0	0.31205964	2.001265	5.2022066	-2.0263057	16.75	21.766277	90.0	0.0	1000.0	584.0	0.019466666666666667	0.5722518	0.5337136	2.1404614	-1.449424	-0.3854565	0.12355645	0.22983925	-0.9045497	7.450581e-09	0.0013844963	1.8626451e-08	-0.0043893647	0.7711605	-0.5858085	21.487247	-6.2201915	0.99999994	-0.031178176	1.0	1.837877	0.015730958	30000	38.407973289489746
1	0.54464084	2.195583	6.309053	-2.2774427	19.916666	16.393385	56.0	0.0	1000.0	1160.0	0.019333333333333334	0.13720067	0.32987356	1.1711196	-0.91894907	1.6736747	1.2648171	5.67372	-1.2745748	5.5879354e-09	0.025304222	1.1175871e-08	-0.0028447101	0.1682562	-0.034596868	13.433558	-1.1932626	0.96882176	-0.029302835	1.0	1.8376946	0.069657095	60000	76.27688646316528
2	0.49080643	2.121066	5.1313887	-2.936458	19.416666	24.939789	91.0	0.0	1000.0	1822.0	0.020244444444444443	0.06084002	0.31125733	1.140177	-0.9638401	2.0416992	1.335182	6.87103	-1.1181973	-1.3038516e-08	0.007383621	-2.7939677e-08	-0.0046822764	0.14528	-0.0177236	18.144356	-2.3275762	0.9395189	-0.02883315	1.0	1.838398	0.027577147	90000	114.76119422912598
3	0.61792713	2.2129228	6.7479267	-1.5908283	21.75	20.218082	74.0	0.0	1000.0	2501.0	0.020841666666666668	0.016670827	0.31584582	1.1528807	-0.97124904	1.9793761	1.5467402	9.659985	-2.1069288	-7.450581e-09	-0.0023991612	-1.4901161e-08	-0.004526859	0.15756594	-0.028534073	25.37867	-7.605295	0.9106858	-0.02691722	3.0	1.8390815	0.0035237903	120000	153.5810420513153
4	0.012022217	1.7586256	4.9310665	-2.3169024	21.625	18.856503	63.0	0.0	1000.0	3060.0	0.0204	0.06856745	0.3752909	1.4510629	-0.99937004	2.148688	2.5479255	24.386938	-2.5888805	1.4901161e-08	-0.013529756	2.9802322e-08	-0.03386207	0.11841491	-0.016874751	17.546589	-5.239006	0.88376856	-0.021457434	52.0	1.839588	0.012556218	150000	197.35400485992432
5	0.5517959	1.6421922	3.8597414	-2.772937	18.75	16.788513	55.0	0.0	1000.0	3552.0	0.019733333333333332	0.06075978	0.4093973	1.6090192	-1.2132089	2.1887681	1.8605759	13.856243	-3.6487713	0.0	-0.014800191	0.0	-0.035523158	0.15830047	-0.03311492	17.555912	-4.7018776	0.8623111	-0.02339691	27.0	1.8280315	0.0125178825	180000	238.65770816802979
6	0.51627624	2.810497	8.225967	-2.542812	19.5	29.033028	113.0	0.0	1000.0	4172.0	0.019866666666666668	0.04701438	0.3231526	1.1838347	-1.2016734	1.812716	1.4933063	16.69905	-1.975249	3.7252903e-09	-0.010611977	1.4901161e-08	-0.025718365	0.18431026	-0.04213088	21.51717	-8.256031	0.8389142	-0.023533702	28.0	1.8296099	0.011668559	210000	280.1721382141113
7	0.538587	2.091498	6.749285	-2.337733	15.958333	16.138668	46.0	0.0	1000.0	4626.0	0.019275	0.08170988	0.3848106	1.598941	-1.2263594	1.6218024	2.0511403	23.036505	-4.559931	-1.1175871e-08	-0.013595486	-1.4901161e-08	-0.028453749	0.12059146	-0.029369742	13.476149	-3.3806605	0.8153805	-0.019171596	70.0	1.8152757	0.012484235	240000	325.81360030174255
8	0.8661178	2.5812492	8.567186	-2.1885335	30.5	30.795021	118.0	0.0	1000.0	5428.0	0.020103703703703703	0.061694603	0.35707438	1.3799506	-1.1305617	1.7460364	1.4394292	9.322801	-1.5451939	-7.450581e-09	-0.0057557626	-1.6763806e-08	-0.013553973	0.15687579	-0.034475252	29.489677	-8.805751	0.7962089	-0.017122567	8.0	1.8012538	0.007121416	270000	365.5287346839905
9	0.5161738	1.8182597	5.346638	-1.929713	21.333334	24.12928	91.0	0.0	1000.0	6042.0	0.02014	0.14746836	0.4159224	1.6824719	-1.073844	2.674945	2.54287	27.517715	-1.784904	1.094304e-08	0.006072896	2.4214387e-08	0.00072386255	0.13351008	-0.035590354	24.508965	-10.11816	0.77908635	-0.018094003	1.0	1.802305	0.019192196	300000	404.79389691352844
10	0.15178435	2.2968268	6.701934	-3.350953	23.625	23.416183	82.0	0.0	1000.0	6664.0	0.020193939393939393	0.08911006	0.36003172	1.2993789	-1.0079948	1.8616498	1.7489514	32.67518	-3.919469	3.7252903e-09	-0.0002999471	1.4901161e-08	-0.0003886763	0.1619165	-0.044619128	18.642931	-4.7272787	0.76099235	-0.016840637	1.0	1.8026175	0.0026023788	330000	444.21019196510315
11	1.4824715	2.0055516	6.142318	-1.5807697	32.208332	44.982388	204.0	0.0	1000.0	7458.0	0.020716666666666668	0.068332486	0.4208916	1.9801228	-1.1417942	2.2907681	2.1627893	20.862978	-2.2194262	2.4214387e-08	-0.0009724279	4.4703484e-08	-0.0018862495	0.12626651	-0.03854329	40.523945	-18.005856	0.7441517	-0.009295821	1.0	1.8032842	0.0006775657	360000	483.64412236213684
12	0.85413027	1.8645929	4.1428976	-2.2221854	36.041668	30.899673	129.0	0.0	1000.0	8356.0	0.021425641025641026	0.08940701	0.38815352	1.4097301	-1.1849238	2.9807982	3.8228233	39.871155	-5.619186	1.8626451e-09	0.0007127573	-3.7252903e-09	-0.0041684676	0.11481635	-0.026763503	32.144413	-13.340052	0.7348559	-0.0010986328	1.0	1.804018	0.010322401	390000	523.2245607376099
13	0.7512786	2.1384566	4.450471	-2.711937	24.375	16.471725	55.0	0.0	1000.0	9010.0	0.021452380952380952	0.085988574	0.41447166	1.2372884	-1.1672909	2.9824557	2.3334508	23.13132	-1.5463084	-3.7252903e-09	-0.00090914837	-1.1175871e-08	-0.0016748337	0.15290236	-0.04250683	17.898714	-5.9458523	0.73375726	-0.0013107657	1.0	1.8045367	0.002065426	420000	562.6590032577515
14	0.5243829	2.1107464	6.3254414	-2.774282	18.833334	18.528505	75.0	0.0	1000.0	9591.0	0.021313333333333333	0.2050546	0.44330707	1.6352947	-1.2680248	2.0677447	1.9137036	17.956196	-1.8482572	-3.7252903e-09	-0.000818604	-1.4901161e-08	-0.0005381636	0.16090715	-0.06834272	16.50422	-4.3162923	0.7324465	-0.0044383407	1.0	1.8048413	0.0017567617	450000	602.0402300357819
15	1.3458475	2.5078168	7.5801463	-2.2097943	27.041666	19.57992	67.0	0.0	1000.0	10390.0	0.021645833333333333	0.037267257	0.44697756	1.5270773	-1.2010564	2.140348	1.7022055	14.578877	-1.7989202	-3.7252903e-09	-0.0011897725	1.4901161e-08	-0.0022031134	0.14896888	-0.054075286	25.06911	-10.979352	0.72800815	-0.002898693	1.0	1.804995	0.0031642902	480000	641.7686386108398
16	1.1162542	1.9652053	5.87682	-1.6079894	11.833333	17.305265	76.0	0.0	1000.0	10826.0	0.021227450980392158	0.18715297	0.43331406	1.7873391	-1.1368355	2.4528756	2.1276815	21.293875	-2.8595881	-1.3038516e-08	-0.00073546724	-2.9802322e-08	-0.00022566877	0.14106219	-0.052663594	13.218151	-5.624913	0.72510946	-0.008422554	1.0	1.8050429	0.0018591052	510000	681.2769944667816
17	0.48872232	2.1859066	5.9582944	-3.059603	14.125	21.337198	89.0	0.0	1000.0	11340.0	0.021	0.079346694	0.46009493	1.528477	-1.3438848	1.5908713	1.4898632	12.132316	-2.4928608	1.1175871e-08	-0.0008370327	1.8626451e-08	-0.0021287585	0.14731675	-0.05894094	19.475367	-5.6902747	0.7166869	-0.011739254	1.0	1.8049492	0.0018062285	540000	720.9140634536743
18	1.2069482	1.9279228	5.5241766	-2.985781	31.375	33.15596	122.0	0.0	1000.0	12222.0	0.021442105263157894	0.06369394	0.43565652	1.4517404	-1.3610348	1.9222039	1.8882644	16.827013	-2.6574411	-7.450581e-09	-0.00093448465	-1.8626451e-08	-0.0013368423	0.1578457	-0.050408013	30.79073	-12.660843	0.70494765	-0.0076214075	1.0	1.8047602	0.0002642392	570000	760.5105655193329
19	1.1787125	2.34428	6.431658	-1.6461076	29.166666	29.775085	111.0	0.0	1000.0	12952.0	0.021586666666666667	0.12440983	0.46731433	1.6484416	-1.1525886	2.4898329	2.5375056	30.47928	-3.6456797	-3.7252903e-09	-0.0011716275	-7.450581e-09	-0.0017589394	0.14888524	-0.05295436	25.119108	-12.790497	0.69732624	-0.005061567	1.0	1.8045549	0.0016592941	600000	800.1683983802795
20	0.73410434	2.5356505	7.4362583	-2.5190482	34.208332	30.12748	118.0	0.0	1000.0	13968.0	0.02217142857142857	0.09987597	0.5279454	1.9518056	-1.710317	2.7272065	3.273938	28.160337	-5.329856	-1.1175871e-08	-0.013684415	7.450581e-09	-0.03933499	0.16721955	-0.056449555	35.17124	-20.536856	0.6922647	0.002540648	27.0	1.8041232	0.012020921	630000	842.6844296455383
21	1.6035906	2.424206	8.134893	-1.5354183	28.333334	33.13315	127.0	0.0	1000.0	14816.0	0.02244848484848485	0.1472434	0.51727265	2.2699485	-1.5929564	3.2700913	3.5231125	31.944788	-10.425757	3.3527613e-08	-0.0018792406	8.195639e-08	-0.0038803266	0.17224115	-0.05715913	37.227196	-22.082428	0.6948053	0.001196444	2.0	1.8020978	0.002577188	660000	882.6686065196991
22	1.6872402	1.8768827	5.3532786	-1.1823969	15.875	19.175316	65.0	0.0	1000.0	15302.0	0.0221768115942029	0.21115658	0.49665546	2.006779	-1.2579715	2.5818777	2.4837852	36.27841	-3.0470533	1.44355e-08	-0.0012141322	3.3527613e-08	-0.0024056048	0.1828457	-0.05466331	19.84155	-10.481485	0.69600177	-0.00276649	1.0	1.8023679	0.0019252687	690000	922.1306076049805
23	1.4106566	2.525685	7.9068303	-3.40918	38.041668	30.366484	103.0	0.0	1000.0	16438.0	0.022830555555555555	0.18394785	0.4947672	2.0992262	-1.1748632	2.0014732	2.255855	19.83053	-6.055536	-7.450581e-09	-0.011773184	1.4901161e-08	-0.030552162	0.14828125	-0.049721755	41.57395	-20.349998	0.6932353	0.004984021	23.0	1.8024489	0.012147114	720000	963.6481595039368
24	0.71561915	2.5085223	9.988189	-2.124367	22.625	21.324501	68.0	0.0	1000.0	17149.0	0.022865333333333335	0.14530838	0.5401517	2.1165044	-1.4455497	3.558901	3.087951	25.718887	-4.6581426	1.1175871e-08	-0.010640984	2.2351742e-08	-0.029397218	0.19933707	-0.07400407	23.700079	-11.446064	0.6982193	0.0033498406	20.0	1.7985842	0.013025871	750000	1005.6216461658478
25	0.33596924	2.32916	5.2610364	-2.717515	25.916666	31.49857	134.0	0.0	1000.0	17952.0	0.023015384615384615	0.058777433	0.5237043	2.4518824	-1.7280904	2.8702414	2.4327638	19.690687	-4.02055	-3.7252903e-09	-0.011709012	7.450581e-09	-0.029694825	0.13816495	-0.04673801	25.637938	-12.225637	0.70156914	0.003776431	22.0	1.7902849	0.01148954	780000	1047.4855737686157
26	1.9993353	2.4038596	5.6359735	-1.9024032	31.25	32.69461	104.0	0.0	1000.0	18910.0	0.023345679012345678	0.12184319	0.5187691	2.1340322	-1.3291681	2.6125793	2.6647124	21.075274	-2.7012882	-7.450581e-09	-0.001344204	-5.5879354e-09	-0.0037990753	0.1958853	-0.07054806	42.702194	-21.916758	0.7053456	0.0040965676	2.0	1.7732114	0.0029836548	810000	1087.2475717067719
27	1.0734987	2.29623	5.6430364	-2.955591	37.166668	24.518133	113.0	0.0	1000.0	20016.0	0.023828571428571428	0.18027304	0.5345442	1.7882322	-1.6682625	3.6455383	3.408155	36.11934	-4.396858	3.7252903e-09	-0.0021651613	0.0	-0.007619759	0.18704149	-0.07987411	33.28798	-17.942976	0.70944214	0.008001983	1.0	1.7714982	0.0053114016	840000	1127.2873606681824
28	1.0589042	2.98081	9.156538	-3.341807	28.375	17.976402	73.0	0.0	1000.0	20857.0	0.023973563218390805	0.10205844	0.56850046	1.9257567	-1.64578	3.0873547	2.9351447	25.231064	-7.2378736	-1.1641532e-08	-0.00026020536	-3.0733645e-08	-0.0023091584	0.22702292	-0.08832534	22.593792	-10.227644	0.7174441	0.008607984	1.0	1.7704947	0.0028050072	870000	1166.8074688911438
29	2.2713945	2.5889015	9.202689	-1.1250259	20.416666	16.847147	67.0	0.0	1000.0	21754.0	0.024171111111111112	0.17241101	0.5830261	2.8212	-1.2156913	2.8866084	2.4645803	19.581656	-5.3772874	-1.1175871e-08	-0.00092525	-2.9802322e-08	-0.0017521791	0.2131452	-0.08828433	70.43983	-57.665493	0.7260521	0.006082833	1.0	1.7695682	0.0012046993	900000	1206.6038825511932
30	1.216971	2.8825407	10.416812	-3.3907156	27.083334	23.70639	79.0	0.0	1000.0	22592.0	0.02429247311827957	0.16858116	0.57980657	2.496633	-1.3164755	2.561605	3.2627196	52.25795	-8.292232	9.313226e-09	-0.0011377269	9.313226e-09	-0.0028318544	0.22181106	-0.09213352	25.849573	-10.399746	0.73213494	0.006378293	1.0	1.7685173	0.0026349141	930000	1246.3285706043243
31	0.6490047	2.4198005	7.5078416	-4.1433496	26.458334	27.900087	112.0	0.0	1000.0	23352.0	0.024325	0.1728655	0.559507	2.2657967	-1.3961406	2.7166312	2.4848473	27.212332	-3.6580892	2.3283064e-09	-0.0018830271	2.7939677e-08	-0.0048820823	0.17952058	-0.07272905	27.064922	-15.857716	0.73851323	0.0065583587	3.0	1.767419	0.0024202054	960000	1286.2505490779877
32	0.70633346	1.9851724	6.1052723	-2.4161272	25.458334	20.854614	101.0	0.0	1000.0	24221.0	0.024465656565656566	0.13423932	0.5481303	1.8766496	-1.3837976	2.779898	2.7640314	27.586842	-3.9266798	-1.4901161e-08	-0.0019543166	-2.0489097e-08	-0.003243466	0.2173143	-0.09217186	34.770714	-21.419033	0.7450716	0.0060628057	1.0	1.7651336	0.0016664667	990000	1325.7364461421967
33	3.5863323	3.56266	13.194535	-1.5461923	27.083334	27.043047	107.0	0.0	1000.0	24948.0	0.024458823529411765	0.15681468	0.5843876	2.545456	-1.4232013	2.8885043	3.3623872	29.865288	-11.095547	-1.21071935e-08	-0.001179582	3.7252903e-09	-0.0026973188	0.31955972	-0.13669135	27.875973	-16.983927	0.7511344	0.00639385	1.0	1.7640843	0.003928313	1020000	1365.727567911148
34	1.6786003	2.0013452	6.405995	-2.0790565	21.916666	29.61407	129.0	0.0	1000.0	25676.0	0.024453333333333334	0.28463978	0.60081035	2.6771228	-1.5820667	2.241348	2.1921194	25.905258	-7.3569384	-5.5879354e-09	-0.012344893	3.7252903e-09	-0.031799756	0.20044897	-0.094929606	36.974632	-24.499313	0.75752825	0.0060278177	21.0	1.7631587	0.014009453	1050000	1407.3198845386505
35	1.4439632	2.0538929	6.7468705	-1.9958466	31.083334	25.426226	104.0	0.0	1000.0	26535.0	0.024569444444444446	0.15697639	0.51179135	1.718055	-1.3600098	2.4656172	3.227597	37.81326	-6.813611	2.0489097e-08	-0.015329527	2.6077032e-08	-0.039568458	0.17702684	-0.060084973	26.965694	-13.141512	0.76355606	0.009259522	20.0	1.7549212	0.012819262	1080000	1449.3544294834137
36	1.4177494	2.367643	6.9266005	-2.9007132	31.125	34.99561	123.0	0.0	1000.0	27455.0	0.024734234234234233	0.15299797	0.5145973	1.5349998	-1.3131785	3.3295064	2.7421873	34.578968	-3.7082777	-1.1175871e-08	-0.01156691	-2.9802322e-08	-0.030317916	0.19809005	-0.07439642	36.93334	-17.842167	0.7728156	0.010776341	15.0	1.7415597	0.013802724	1110000	1490.4868347644806
37	2.0008945	2.0693626	6.745393	-1.8287619	30.0	20.076935	78.0	0.0	1000.0	28316.0	0.02483859649122807	0.10224233	0.5709183	2.1543698	-1.5171417	3.0327604	3.191721	29.28797	-5.1617913	3.7252903e-09	-0.0027250522	7.450581e-09	-0.0064376732	0.22243774	-0.091993436	26.287518	-14.11353	0.7835919	0.010338843	2.0	1.733658	0.006320945	1140000	1530.2045102119446
38	1.832599	2.3615508	7.6968822	-1.4581803	29.625	29.547718	120.0	0.0	1000.0	29245.0	0.024995726495726497	0.25898007	0.5433574	3.1720862	-1.3604546	2.9284935	2.596246	22.163313	-5.1205163	1.1175871e-08	-0.011412926	2.9802322e-08	-0.029137833	0.2132399	-0.08675094	33.78334	-16.163912	0.79393077	0.0127212405	14.0	1.7322158	0.011593824	1170000	1571.5252892971039
39	2.6733792	2.6226714	8.629934	-1.4620155	13.625	14.270636	60.0	0.0	1000.0	29810.0	0.024841666666666668	0.20624116	0.60219705	3.2327726	-1.3673068	3.2220829	2.724431	24.91804	-4.069174	9.313226e-10	-0.011035553	-5.5879354e-09	-0.025395107	0.23961565	-0.114336975	19.267677	-9.908612	0.806652	0.0074305534	24.0	1.7229512	0.011704752	1200000	1613.49218583107
40	3.379832	3.0129304	10.9418335	-0.09525814	28.875	22.20419	79.0	0.0	1000.0	30684.0	0.024946341463414633	0.2740239	0.5882021	2.8693407	-1.5074143	2.046956	1.8840933	18.38758	-4.8380313	1.8626451e-08	-0.010800708	0.0	-0.027799593	0.2558936	-0.114731416	28.607718	-13.0212145	0.81408256	0.007874489	16.0	1.7169006	0.013799269	1230000	1655.021385192871
41	2.4866683	2.7972255	8.269664	-2.3907807	29.625	25.33741	92.0	0.0	1000.0	31657.0	0.025124603174603174	0.35407448	0.56604046	2.4825907	-1.4240606	2.9978878	2.6177838	25.593636	-5.412295	3.7252903e-09	-0.0015687639	1.4901161e-08	-0.0027367668	0.23116875	-0.106773235	25.74993	-11.92825	0.82195705	0.007971644	2.0	1.7071447	0.0012003817	1260000	1694.9529492855072
42	3.0728238	3.5272925	9.7054405	-2.9629488	34.416668	25.350735	100.0	0.0	1000.0	32771.0	0.025403875968992247	0.26202205	0.56229967	2.536669	-1.3064228	2.9683645	2.7529564	24.54813	-5.324604	0.0	-0.011828895	-7.450581e-09	-0.029739734	0.2741028	-0.11438134	34.489502	-16.810772	0.8299287	0.012522817	16.0	1.7052813	0.015293999	1290000	1736.6580255031586
43	2.8511963	3.029573	10.366583	-1.6037865	27.083334	27.536213	86.0	0.0	1000.0	33657.0	0.025497727272727273	0.3038802	0.58763725	3.1105473	-1.5462165	3.7023091	3.357557	32.095985	-4.4839153	-6.9849193e-09	-0.0070469812	-1.21071935e-08	-0.016801186	0.24459288	-0.11887735	33.76085	-19.607676	0.8424515	0.011805594	7.0	1.7008781	0.008115124	1320000	1777.9232058525085
44	3.1738005	3.138199	12.266725	-1.6225727	30.041666	21.475721	65.0	0.0	1000.0	34503.0	0.025557777777777776	0.3543618	0.5912692	3.4369452	-1.0507472	3.052209	2.9230704	34.764904	-4.5279474	2.4214387e-08	-0.011646526	4.4703484e-08	-0.030780025	0.28598464	-0.12516361	22.925774	-12.237603	0.8542571	0.013657749	14.0	1.6999117	0.013553234	1350000	1819.2246413230896
45	2.4211597	2.346428	7.797969	-1.2863837	21.083334	18.436642	70.0	0.0	1000.0	35143.0	0.025465942028985507	0.32407334	0.57605547	3.2006822	-1.2406062	2.7264955	2.6350577	22.495066	-7.1148643	2.0489097e-08	-0.008864062	3.9115548e-08	-0.021170404	0.1997878	-0.096088134	19.372944	-10.255262	0.86791486	0.0109808445	13.0	1.6979424	0.010405338	1380000	1860.2828783988953
46	2.524584	3.4567764	9.696718	-2.1544192	26.416666	30.859787	136.0	0.0	1000.0	35928.0	0.025480851063829787	0.36277506	0.5839215	2.7665472	-1.1283746	2.3680353	2.6680677	32.80152	-4.863499	9.313226e-09	-0.006544705	2.6077032e-08	-0.015688635	0.23662663	-0.099102736	31.88972	-20.743904	0.8788957	0.010269403	9.0	1.6918046	0.0072737634	1410000	1901.6436955928802
47	2.6111767	3.4643288	13.454147	-2.0235355	25.125	32.66409	152.0	0.0	1000.0	36687.0	0.025477083333333334	0.25556204	0.5380323	2.5974393	-1.2165213	2.7801015	3.368976	35.363613	-5.8504567	-9.313226e-09	-0.0014866958	3.7252903e-09	-0.0023438712	0.23168324	-0.109849505	32.72676	-20.297707	0.8891651	0.008713365	1.0	1.6876702	0.0023374492	1440000	1942.0188057422638
48	2.952462	3.4789603	9.367507	-1.5528423	32.25	34.221397	132.0	0.0	1000.0	37704.0	0.025648979591836735	0.27377832	0.5764291	3.2455769	-1.308171	2.548561	2.5054154	38.85392	-5.807257	1.4901161e-08	-0.0018593776	4.656613e-08	-0.0030394802	0.19700271	-0.08169253	35.373356	-19.82211	0.89787847	0.011297226	1.0	1.6870995	0.0015058222	1470000	1982.3009719848633
49	3.8629198	3.0644364	9.066484	-2.265325	33.0	28.17061	84.0	0.0	1000.0	38672.0	0.025781333333333333	0.33526933	0.58718795	2.3932621	-1.2384666	3.6367996	4.0492105	41.301693	-6.6998224	2.2351742e-08	-0.0020301756	3.3527613e-08	-0.0042338595	0.2617063	-0.11457291	41.507854	-23.203909	0.9091757	0.013992131	1.0	1.6865541	0.0035048777	1500000	2022.3200235366821
50	2.9432304	3.04557	9.2126255	-2.2493405	34.791668	33.110897	137.0	0.0	1000.0	39626.0	0.025899346405228757	0.3131147	0.61715496	3.3923864	-1.3305454	3.3034844	2.8452094	28.733412	-9.018933	1.4901161e-08	-0.0016886828	3.7252903e-08	-0.0037794714	0.19343838	-0.089376874	46.1846	-27.087502	0.9231678	0.017185867	1.0	1.6861007	0.0019609723	1530000	2062.3527088165283
51	2.8966904	3.0572286	9.522807	-2.45051	37.208332	34.89147	144.0	0.0	1000.0	40605.0	0.026028846153846152	0.27368593	0.56926775	2.421003	-1.3020647	3.5365703	4.016921	54.304127	-7.266848	-5.5879354e-09	-0.0017152634	-2.2351742e-08	-0.0062074643	0.22298737	-0.10181202	40.510277	-23.00292	0.9403537	0.020962834	1.0	1.6858387	0.008538352	1560000	2102.163770675659
52	3.4693596	3.6052191	11.217921	-2.5003865	21.083334	24.501558	88.0	0.0	1000.0	41360.0	0.0260125786163522	0.31008393	0.57198584	2.5922587	-1.2005746	3.5701408	2.9022262	33.936485	-4.019228	-1.3038516e-08	-0.0021576642	-2.6077032e-08	-0.0034384811	0.2282872	-0.105033815	25.809275	-13.078428	0.9613165	0.017359376	1.0	1.6855991	0.0026456127	1590000	2142.244019508362
53	3.6250012	2.7747717	9.666224	-0.3610998	21.791666	25.056568	108.0	0.0	1000.0	41988.0	0.025918518518518518	0.3431842	0.59648573	3.6316845	-1.2769651	2.5903797	2.6729383	35.79766	-4.8634253	-1.4901161e-08	-0.0010574725	-7.450581e-09	-0.004680765	0.2514306	-0.124530435	26.088226	-12.017791	0.9786759	0.014358044	1.0	1.6857288	0.008577278	1620000	2182.7878823280334
54	3.3639145	2.9935849	10.886928	-0.06063186	21.291666	22.3653	72.0	0.0	1000.0	42660.0	0.025854545454545453	0.40215918	0.613999	2.738781	-1.28094	2.2455964	1.9498118	23.34632	-4.2307644	-4.656613e-09	-0.0011538399	1.8626451e-09	-0.002822199	0.27895516	-0.15703446	21.109434	-7.881135	0.99303395	0.011301696	1.0	1.6857991	0.0029424778	1650000	2223.118776321411
55	3.9478467	3.597413	13.628881	-1.6897528	22.25	17.443361	60.0	0.0	1000.0	43382.0	0.02582261904761905	0.39919105	0.644689	3.2186403	-1.3170844	2.486199	2.3599527	24.097551	-3.586435	-6.519258e-09	-0.0019195513	-5.5879354e-09	-0.0044655004	0.2859041	-0.14922442	17.19729	-7.1184936	1.0043356	0.009098053	3.0	1.6858423	0.0028663254	1680000	2264.609222173691
56	3.0797164	3.2224903	8.596848	-1.8635211	31.25	25.894417	111.0	0.0	1000.0	44458.0	0.025998830409356726	0.35183424	0.65744704	3.071546	-1.4832121	2.5355713	2.3973587	21.749447	-4.1943865	2.9802322e-08	-0.001237582	5.2154064e-08	-0.0025331709	0.26618618	-0.1416798	34.785416	-15.590232	1.0134337	0.011202693	1.0	1.6855783	0.0019125208	1710000	2304.6778869628906
57	3.072647	3.5836678	12.7547865	-0.8484443	23.666666	24.09645	100.0	0.0	1000.0	45110.0	0.02592528735632184	0.30573103	0.65307736	2.7400928	-1.4748032	3.6674263	2.71991	24.286049	-2.9626176	3.7252903e-08	-0.0022972557	6.7055225e-08	-0.0041147848	0.2718151	-0.14724714	22.667273	-12.365189	1.0246364	0.009567738	1.0	1.6852773	0.00491809	1740000	2345.42462348938
58	2.6755486	2.8947215	8.981795	-1.1119468	29.458334	22.056705	91.0	0.0	1000.0	45935.0	0.025951977401129943	0.33865243	0.6290578	3.5029573	-1.2714409	2.3808148	2.5149763	24.90333	-5.967471	-7.450581e-09	-0.009254506	-7.450581e-09	-0.02168943	0.25574923	-0.13391012	22.997736	-12.861803	1.0342041	0.0120157	13.0	1.6848456	0.009952031	1770000	2387.8156628608704
59	2.3339317	2.9769216	8.865594	-2.4670618	33.5	26.944387	84.0	0.0	1000.0	46900.0	0.026055555555555554	0.304578	0.6801649	2.9410574	-1.4375528	2.6515672	2.9013824	29.583538	-2.5230308	-1.5366822e-08	-0.005922227	-3.7252903e-08	-0.015944008	0.27014458	-0.15442729	23.906624	-9.903436	1.0462198	0.01484406	6.0	1.6810799	0.009991716	1800000	2433.0456943511963
60	2.8843844	2.7915802	7.490403	-1.7976112	32.333332	33.855904	130.0	0.0	1000.0	47777.0	0.026107650273224044	0.25734264	0.59022534	2.5230758	-1.5267863	3.1130881	2.6711202	28.682085	-2.439964	-3.7252903e-09	-0.008951286	0.0	-0.024459433	0.23950115	-0.14474198	31.744375	-19.100014	1.0610639	0.017450213	8.0	1.6788015	0.0134708695	1830000	2476.998315811157
61	1.920712	1.6623735	7.1226773	-0.6467503	29.666666	24.047985	85.0	0.0	1000.0	48759.0	0.026214516129032257	0.2698677	0.5644269	2.522224	-1.4766132	2.7297583	3.208477	44.954735	-3.3236208	-3.7252903e-09	-0.013445716	7.450581e-09	-0.029770963	0.15717398	-0.0877517	26.556396	-14.317713	1.0785141	0.019614339	16.0	1.6761882	0.012583546	1860000	2519.5698318481445
62	2.61319	2.9116535	11.467621	-1.9050578	16.916666	18.213816	56.0	0.0	1000.0	49339.0	0.026105291005291006	0.26797563	0.5673056	2.0813208	-1.6538936	3.0836546	3.6002958	32.86565	-5.3314905	1.6763806e-08	-0.0026298657	1.5832484e-08	-0.0061712633	0.21073687	-0.11140773	19.143974	-10.516418	1.0981284	0.012044668	2.0	1.670902	0.006689816	1890000	2560.04714512825
63	1.8861912	2.7011971	6.711856	-3.645107	30.0	20.663979	84.0	0.0	1000.0	50091.0	0.0260890625	0.2561792	0.62288254	2.6838562	-1.5112056	2.2963505	2.2517	27.476427	-4.31433	2.7939677e-09	-0.0057453676	5.5879354e-09	-0.013486598	0.27430904	-0.15713853	23.848906	-10.801969	1.1101731	0.014322519	10.0	1.670008	0.01121327	1920000	2601.3246886730194
64	4.4334702	3.8649333	10.584483	-2.2317913	30.333334	32.020393	118.0	0.0	1000.0	50947.0	0.026126666666666666	0.27433535	0.62594414	2.8392503	-1.380654	2.5303416	2.8035705	24.408798	-4.425922	3.7252903e-09	-0.009368735	1.1175871e-08	-0.020604774	0.3264815	-0.20256944	36.77052	-18.650452	1.1244956	0.015435457	6.0	1.6679585	0.009516485	1950000	2642.324595928192
65	3.7196372	3.5098577	11.632718	-2.1829097	33.041668	39.68677	169.0	0.0	1000.0	51864.0	0.026193939393939394	0.41552135	0.64183503	2.913157	-1.5937108	3.0256724	3.1880407	33.871464	-2.6316307	1.1175871e-08	-0.010322491	2.2351742e-08	-0.023204558	0.29152966	-0.17526068	33.74597	-20.61896	1.1399311	0.01876533	10.0	1.6675336	0.011763327	1980000	2683.401746034622
66	3.107175	2.7568915	9.812509	-2.2060323	18.458334	18.872332	58.0	0.0	1000.0	52472.0	0.02610547263681592	0.37012142	0.6843056	2.790204	-1.3939767	3.5701938	3.938589	29.94612	-5.9336185	-7.450581e-09	-0.010984607	0.0	-0.025185645	0.26617813	-0.15808898	27.63461	-15.466775	1.1586964	0.013651133	10.0	1.6683316	0.014605673	2010000	2725.6931731700897
67	3.9202452	3.271187	10.734052	-1.7767333	30.583334	25.687086	85.0	0.0	1000.0	53595.0	0.026272058823529412	0.31093568	0.6283739	2.791736	-1.4423921	2.5125916	2.3577106	25.361435	-4.4712505	-1.6763806e-08	-0.0018294295	-4.284084e-08	-0.007984035	0.3129318	-0.18484716	51.396946	-34.899433	1.1723475	0.014661193	2.0	1.6668743	0.012313385	2040000	2766.144742012024
68	3.836771	3.0791934	9.24537	-1.6336818	33.791668	35.981453	167.0	0.0	1000.0	54546.0	0.02635072463768116	0.4004906	0.6821099	3.066124	-1.5563687	3.738564	3.5327525	41.28228	-3.1446428	7.450581e-09	-0.0029114962	1.4901161e-08	-0.005789279	0.3217479	-0.2144391	38.22091	-22.352787	1.1870087	0.017932415	2.0	1.6657474	0.0035437248	2070000	2806.6943690776825
69	2.5012436	3.117984	12.308718	-3.2319503	24.333334	20.907866	86.0	3.0	1000.0	55320.0	0.026342857142857144	0.34045103	0.638696	3.2183254	-1.6369755	3.3026166	3.3923326	30.197285	-3.9862404	1.4901161e-08	-0.011016585	1.8626451e-08	-0.02573255	0.23988526	-0.13605905	30.464245	-13.811842	1.2049412	0.016581893	8.0	1.6643524	0.018087888	2100000	2847.6938421726227
70	4.2822585	3.250628	12.812347	-1.0023844	35.625	39.384655	172.0	0.0	1000.0	56257.0	0.02641173708920188	0.38840365	0.63343453	2.7403758	-1.5039458	3.0740511	2.7335734	31.799776	-7.076038	3.7252903e-09	-0.004062112	2.2351742e-08	-0.008573643	0.34741116	-0.22018322	36.403763	-24.103397	1.221523	0.020243526	2.0	1.6608322	0.0079623135	2130000	2889.0282440185547
71	3.1828442	3.4630408	10.807085	-1.1891437	26.25	23.402723	104.0	0.0	1000.0	57099.0	0.02643472222222222	0.4712847	0.70810723	3.2816057	-1.6201656	3.0933776	3.8610578	46.776188	-6.813039	-1.1175871e-08	-0.0038092239	-1.4901161e-08	-0.011301661	0.3330707	-0.20495461	26.808025	-16.043924	1.2417666	0.019186616	2.0	1.6602094	0.014910601	2160000	2931.7499721050262
72	4.8061056	3.1654353	10.384327	-1.8773342	28.708334	22.42855	93.0	0.0	1000.0	57862.0	0.026421004566210046	0.3503557	0.66449887	2.9555857	-1.6001121	2.609558	2.5716145	25.671371	-3.6384628	-2.6077032e-08	-0.002640485	-5.029142e-08	-0.005119118	0.29399335	-0.17119388	22.959473	-10.622993	1.2609532	0.01947105	1.0	1.6588686	0.005146315	2190000	2973.888368844986
73	3.0957496	3.4476311	10.259113	-1.7599133	30.583334	20.070536	104.0	0.0	1000.0	58720.0	0.02645045045045045	0.406709	0.6706707	2.7165759	-1.5151616	2.4464688	2.5267303	46.424095	-2.514925	7.450581e-09	-0.007113956	5.5879354e-09	-0.016600963	0.3175385	-0.18643232	28.9758	-14.543312	1.2804242	0.021276474	6.0	1.6575983	0.012510503	2220000	3015.190181016922
74	2.6205752	2.4893796	9.5626745	-0.67556393	30.75	29.756302	135.0	0.0	1000.0	59681.0	0.02652488888888889	0.38874832	0.66052693	2.9646246	-1.5615689	2.991587	2.887377	31.398882	-2.2038388	-1.8626451e-09	-0.0117793325	3.7252903e-09	-0.026391521	0.2925772	-0.18860486	43.877735	-26.457445	1.3017007	0.022912621	8.0	1.6540833	0.015660066	2250000	3057.204101085663
75	3.6538322	2.6233945	8.885137	-2.4451635	31.416666	27.402733	97.0	0.0	1000.0	60586.0	0.02657280701754386	0.29534057	0.61565936	3.2382836	-1.5271742	3.1140726	3.4084563	36.16693	-4.6748676	-1.4901161e-08	-0.0037304559	-2.9802322e-08	-0.0078079714	0.2865635	-0.16986683	32.772545	-19.427689	1.3246133	0.024084687	2.0	1.6498473	0.0074278023	2280000	3097.807708501816
76	3.817119	2.60936	9.843715	0.11030028	33.958332	32.140938	134.0	0.0	1000.0	61568.0	0.02665281385281385	0.3687675	0.6302554	2.4725325	-1.4122186	2.8812346	2.5341115	35.87764	-1.3594719	0.0	-0.005660503	0.0	-0.010876892	0.31337255	-0.206325	40.958725	-20.578346	1.348698	0.027112484	4.0	1.6484218	0.0058346447	2310000	3138.257262945175
77	3.8565884	2.6231084	8.607669	-0.3580628	25.958334	27.318306	84.0	0.0	1000.0	62300.0	0.026623931623931625	0.41053	0.68473035	4.2309756	-1.6114093	3.3332336	2.9605954	29.606709	-4.7623477	-1.3038516e-08	-0.0041112225	-2.2351742e-08	-0.0073718987	0.3048222	-0.19360259	26.905834	-15.728394	1.3758105	0.025241017	3.0	1.647018	0.005586675	2340000	3178.5413908958435
78	3.957197	2.9264746	10.987721	-1.4828143	27.791666	25.03494	92.0	0.0	1000.0	63125.0	0.026635021097046414	0.39433712	0.6469232	2.463791	-1.5749894	2.6979017	2.9212167	34.364372	-3.723822	-7.450581e-09	-0.0017943154	-2.6077032e-08	-0.0061181495	0.34886122	-0.23258677	31.114756	-15.364724	1.4010515	0.024521232	1.0	1.6471069	0.01029638	2370000	3218.68163561821
79	3.1739724	2.654445	8.166556	-1.2072883	24.791666	24.11946	86.0	0.0	1000.0	63881.0	0.026617083333333333	0.42791894	0.64629465	3.6526444	-1.3724236	2.4640067	2.3767834	29.271687	-4.125175	1.3038516e-08	-0.00314667	2.9802322e-08	-0.00912272	0.33205366	-0.23096596	31.95305	-19.078323	1.4255728	0.022336721	2.0	1.6472563	0.012451966	2400000	3258.9848461151123
80	3.6261225	2.9893584	10.934829	-1.6311084	26.458334	21.552221	83.0	0.0	1000.0	64638.0	0.0266	0.39060992	0.6217831	2.855551	-1.306522	2.4832819	2.8149974	32.294308	-4.2280374	7.450581e-09	-0.0025138888	0.0	-0.0063913963	0.27433613	-0.17571804	23.465424	-11.48143	1.4479095	0.021270275	2.0	1.6475669	0.007371962	2430000	3299.5955913066864
81	4.3359466	2.8109543	10.312847	-0.20380539	24.125	29.010504	133.0	0.0	1000.0	65459.0	0.026609349593495934	0.3773243	0.67089236	3.5811334	-1.490687	2.6452668	2.186185	22.115538	-2.9206114	3.7252903e-09	-0.00866184	0.0	-0.016283508	0.32666802	-0.22341363	30.567478	-14.617567	1.4691797	0.019252181	7.0	1.6479791	0.008336982	2460000	3340.344219684601
82	4.120314	3.4504914	14.162957	-0.18602383	22.958334	18.072721	57.0	0.0	1000.0	66211.0	0.026590763052208834	0.420503	0.67310756	3.0794578	-1.3774493	2.5769172	2.5879886	25.198479	-2.9399095	-1.8626451e-08	-0.009118709	-2.7939677e-08	-0.021099694	0.33842105	-0.2332315	23.278688	-11.576119	1.4884319	0.01638925	7.0	1.6461301	0.017876439	2490000	3381.516097307205
83	2.7623131	3.083899	9.903279	-1.6408106	36.375	25.78729	86.0	0.0	1000.0	67258.0	0.02668968253968254	0.4342222	0.68524086	3.2942696	-1.4306793	2.9719417	3.270642	25.364614	-3.7041018	-3.0267984e-09	-0.0053073736	-5.5879354e-09	-0.013933512	0.2706192	-0.17083953	30.711132	-15.040627	1.5048212	0.02134502	2.0	1.6411998	0.012368003	2520000	3422.033885717392
84	3.983263	2.9970925	11.766788	-0.9914481	25.75	21.368298	79.0	0.0	1000.0	67974.0	0.026656470588235295	0.37926197	0.6135895	2.8473785	-1.419271	3.000207	2.5625408	25.740072	-5.3511744	1.8626451e-09	-0.0023758607	1.1175871e-08	-0.0050091753	0.27439445	-0.1857879	25.268358	-14.247165	1.5261662	0.019834876	1.0	1.6389694	0.0072051017	2550000	3462.3345725536346
85	4.4551682	3.478987	14.813263	0.32922226	34.5	32.80752	137.0	0.0	1000.0	69064.0	0.026768992248062014	0.4078912	0.6462044	3.0445397	-1.3185197	2.6226072	3.0681167	42.3697	-6.022973	3.7252903e-08	-0.009640612	6.3329935e-08	-0.01999425	0.25342578	-0.16433188	39.732822	-23.203121	1.5460011	0.024293542	6.0	1.6374323	0.01361195	2580000	3503.720723628998
86	4.727704	3.2499065	13.0805025	0.84280425	30.416666	25.408197	88.0	0.0	1000.0	69860.0	0.026766283524904216	0.4737953	0.6454493	3.135094	-1.3579799	3.6140397	3.383669	39.919563	-5.3933163	-2.142042e-08	-0.008163265	-2.7939677e-08	-0.020523116	0.27873182	-0.18397453	34.971596	-19.95919	1.5702946	0.025229216	3.0	1.636925	0.024256904	2610000	3544.169053554535
87	4.2396894	3.3664663	10.797168	-1.1540912	26.125	17.590984	61.0	0.0	1000.0	70703.0	0.026781439393939396	0.4794662	0.6700056	3.0374384	-1.5812591	2.9011745	3.0439267	29.900187	-3.0472164	-1.4901161e-08	-0.001402898	-1.8626451e-08	-0.0032798597	0.28744736	-0.19400871	27.29253	-15.693485	1.5955238	0.023601413	2.0	1.6380026	0.0062328414	2640000	3584.8737070560455
88	4.6768227	3.6189272	10.889213	-2.147203	37.541668	41.00709	144.0	0.0	1000.0	71687.0	0.026849063670411986	0.3953842	0.6603208	3.3074818	-1.5490712	2.9404917	3.01783	39.3167	-4.599678	5.5879354e-08	-0.0046935054	8.940697e-08	-0.009408469	0.30219832	-0.19888943	47.209126	-29.823254	1.6191252	0.028845906	1.0	1.6389711	0.00814883	2670000	3625.1855504512787
89	4.288822	2.564816	8.845941	-1.7869025	24.291666	20.04262	65.0	0.0	1000.0	72359.0	0.026799629629629628	0.57197446	0.7014353	3.2099514	-1.1601396	3.019618	3.5581234	47.54593	-3.8980193	2.3283064e-09	-0.0033829366	-1.8626451e-09	-0.012278032	0.3039232	-0.21370977	27.05058	-13.9049	1.6479712	0.025931954	2.0	1.6388535	0.021150332	2700000	3665.5911781787872
90	5.0799036	3.3793046	11.032406	-1.029504	23.791666	25.026617	115.0	0.0	1000.0	73076.0	0.026767765567765566	0.45866027	0.65303516	3.1216083	-1.2254359	2.5524905	2.2831283	25.705753	-3.9974785	1.1641532e-08	-0.0044517065	1.3969839e-08	-0.014484044	0.30767018	-0.19897687	29.995598	-12.813032	1.6739031	0.022925258	3.0	1.6390413	0.01870475	2730000	3706.0772807598114
91	4.1604066	2.503996	8.909037	-0.46482405	29.291666	20.017658	62.0	0.0	1000.0	73914.0	0.026780434782608695	0.49850595	0.67418873	3.1657345	-1.5801066	2.6587183	2.557003	32.195984	-3.7850437	3.7252903e-09	-0.0036659243	0.0	-0.010588058	0.256367	-0.18858758	26.424355	-15.339477	1.6968284	0.023548484	2.0	1.6391304	0.012786009	2760000	3746.4585480690002
92	5.7004533	3.4933572	13.508075	-1.3477937	21.208334	22.364367	81.0	0.0	1000.0	74529.0	0.026712903225806453	0.5107889	0.6291337	3.1393101	-1.450317	2.5763063	2.7827222	29.744484	-4.0824256	-1.6763806e-08	-0.0016835667	-1.4901161e-08	-0.01352157	0.30225843	-0.21592154	20.271013	-11.553579	1.7203768	0.01882577	1.0	1.6386185	0.028524835	2790000	3787.174228668213
93	4.8161874	3.6233597	14.0486	-2.6073296	25.291666	21.4699	72.0	0.0	1000.0	75244.0	0.0266822695035461	0.541765	0.6683385	2.9918294	-1.4018506	1.9251705	2.5113397	32.608932	-5.7949023	-1.8626451e-09	-0.0034370231	3.7252903e-09	-0.0055925325	0.37182134	-0.25506887	28.15131	-15.324095	1.7392026	0.017387986	2.0	1.6383021	0.0039422293	2820000	3827.596982717514
94	5.9702315	4.0375147	15.854752	-1.8756665	21.875	25.33001	120.0	0.0	1000.0	75977.0	0.026658596491228072	0.61353487	0.69703573	3.4561217	-1.1242868	2.5074062	2.812934	34.67701	-3.9620967	0.0	-0.0062646107	7.450581e-09	-0.012417332	0.36492187	-0.25610673	30.155014	-15.807205	1.7565906	0.0138248205	4.0	1.6378578	0.009775078	2850000	3869.4452052116394
95	5.6392884	4.3212605	16.778805	-1.3016168	32.625	31.417633	150.0	0.0	1000.0	76861.0	0.026687847222222224	0.64920247	0.7203999	3.229466	-1.1445761	2.1462274	2.7957797	35.928772	-6.933568	-1.1175871e-08	-0.006864032	0.0	-0.014771206	0.30541146	-0.2250281	29.837778	-16.782177	1.7704154	0.017452836	2.0	1.6372137	0.016125001	2880000	5634.006690979004
96	3.8889015	3.0047555	9.838011	-1.1131054	33.541668	36.034683	149.0	0.0	1000.0	77822.0	0.026742955326460482	0.56358045	0.63986343	3.1586785	-1.6529347	3.0211825	3.260567	34.34531	-4.977284	-2.2351742e-08	-0.0060034106	-4.4703484e-08	-0.011907131	0.25049427	-0.18064088	42.993443	-27.19727	1.7878683	0.02144754	2.0	1.636642	0.012071395	2910000	5672.251551151276
97	4.405256	2.762857	10.272078	0.31999916	37.75	29.311901	108.0	0.0	1000.0	78819.0	0.026809183673469388	0.45054057	0.6073322	2.5228357	-1.2597448	3.3187845	3.8218944	43.58691	-5.296338	-1.8626451e-08	-0.00424968	-2.9802322e-08	-0.010306623	0.2407015	-0.16902582	42.314713	-23.908375	1.8093158	0.027530313	2.0	1.6368177	0.014025248	2940000	5710.950562477112
98	3.2979405	2.8043141	9.083818	-0.72121036	39.625	32.27978	117.0	0.0	1000.0	79853.0	0.026886531986531986	0.49912682	0.63729286	2.8466322	-1.3226993	3.2266536	2.8071883	35.482533	-3.44843	-2.2351742e-08	-0.0063879844	-2.9802322e-08	-0.017060973	0.2753966	-0.19261804	36.906883	-20.772633	1.8368461	0.03401065	3.0	1.6375221	0.021024026	2970000	5750.007431983948
99	5.3804817	3.46333	12.408468	-0.5419582	23.0	25.38208	101.0	0.0	1000.0	80782.0	0.026927333333333334	0.43633527	0.6523319	2.5273438	-1.366493	3.4264634	3.3432448	41.673176	-2.3918185	3.7252903e-08	-0.004553784	3.3527613e-08	-0.011222481	0.29197043	-0.20932238	42.85659	-25.986408	1.8708568	0.029577374	2.0	1.6381522	0.013467897	3000000	5788.866352319717
100	5.493876	3.2869577	10.692281	-1.9848413	24.458334	23.837957	73.0	0.0	1000.0	81406.0	0.026866666666666667	0.600826	0.60898846	2.8985152	-0.9872333	3.4869063	4.1198945	34.412117	-6.9584675	-7.450581e-09	-0.007343884	-7.450581e-09	-0.019955423	0.319014	-0.23668417	42.106377	-23.099312	1.9004341	0.026566029	2.0	1.638126	0.025547083	3030000	5827.672325372696
101	5.4648767	2.6655116	10.642389	0.6152218	32.166668	30.476313	95.0	0.0	1000.0	82278.0	0.026888235294117647	0.59843683	0.6341844	2.8531542	-1.1384838	2.456326	2.0591767	15.977073	-3.9890833	1.1175871e-08	-0.0041476577	2.2351742e-08	-0.010631182	0.2453866	-0.17834428	29.820242	-15.66133	1.9270002	0.028796077	2.0	1.6372209	0.016894441	3060000	5866.289695739746
102	3.5028107	3.0565546	11.415581	-1.9317826	27.916666	32.982212	106.0	0.0	1000.0	83198.0	0.026924919093851134	0.5835669	0.6342135	2.8289757	-1.3788308	2.7409985	2.9524577	21.963898	-7.2634516	2.0489097e-08	-0.0043020453	2.7939677e-08	-0.012809247	0.34703845	-0.23805487	45.49253	-27.58695	1.9557962	0.02811861	2.0	1.6360974	0.022626806	3090000	5904.815983772278
103	6.8693976	3.9321892	14.988354	0.3907128	38.333332	43.637394	118.0	0.0	1000.0	84224.0	0.026994871794871794	0.50987554	0.6595911	3.1485555	-1.45817	3.288811	4.181514	31.32362	-6.9372625	2.7939677e-08	-0.011692263	3.7252903e-08	-0.026268218	0.3836801	-0.26617932	56.21483	-33.733192	1.9839149	0.0339005	2.0	1.6351743	0.029443106	3120000	5943.519335508347
104	4.04238	3.079965	10.567499	-0.63757133	24.541666	34.429855	137.0	0.0	1000.0	85086.0	0.02701142857142857	0.58255666	0.6428019	2.954981	-1.483448	2.8545928	3.712789	36.11646	-5.385299	2.4214387e-08	-0.00076087774	3.7252903e-08	-0.011128159	0.3039437	-0.19968331	53.00962	-38.788254	2.0178154	0.03044033	1.0	1.6339326	0.029110432	3150000	5982.028626680374
105	4.294228	3.8120646	15.762001	-1.878842	27.541666	35.32112	136.0	0.0	1000.0	85806.0	0.02698301886792453	0.5644708	0.64870167	2.9360201	-1.3996106	3.410538	4.7096987	42.29313	-9.130216	3.7252903e-08	-0.0072696432	6.519258e-08	-0.01831835	0.27887446	-0.19548547	43.527473	-29.234985	2.0482557	0.029455662	2.0	1.632798	0.024730757	3180000	6021.140779972076
106	5.192606	2.8034089	10.642917	-1.8822103	20.208334	20.035341	56.0	0.0	1000.0	86550.0	0.026962616822429907	0.5033361	0.61625654	2.4849772	-1.3723788	2.6869526	2.6402254	26.325342	-4.0789943	-3.3527613e-08	-0.002700144	-5.2154064e-08	-0.014505856	0.26464468	-0.17239314	30.231306	-16.727245	2.0777113	0.023329735	1.0	1.630698	0.027584944	3210000	6059.895453929901
107	2.42569	3.568354	8.983798	-5.7877855	34.0	35.0	112.0	0.0	1000.0	87499.0	0.027005864197530864	0.47856653	0.6579794	3.003869	-1.621288	2.5373793	2.9890504	32.83974	-4.026615	-2.0489097e-08	-0.0039150743	-2.7939677e-08	-0.009576054	0.32357964	-0.22695276	44.944458	-30.14252	2.101041	0.027197123	2.0	1.6295753	0.014471684	3240000	6098.392017841339
108	2.607435	3.921772	13.199157	-3.184895	26.666666	36.724953	120.0	0.0	1000.0	88287.0	0.02699908256880734	0.275611	0.62363905	1.9517326	-1.8161137	2.7664077	4.1675863	44.49531	-5.8657317	1.4901161e-08	-0.007828789	1.4901161e-08	-0.019698443	0.2664243	-0.18219434	38.1962	-24.947762	2.1282382	0.025841236	2.0	1.6281664	0.026318222	3270000	6137.0845556259155
109	3.4391468	2.9689097	8.67535	-2.0598762	34.708332	63.86736	304.0	0.0	1000.0	89337.0	0.027071818181818183	0.32620722	0.68350387	2.5540946	-1.6630887	2.1898541	3.0292826	28.322111	-3.7517867	1.4901161e-08	-0.003965169	4.4703484e-08	-0.013273572	0.28925276	-0.20080306	73.29603	-51.296474	2.1540794	0.02984786	2.0	1.6272724	0.025987102	3300000	6175.786633491516
110	2.5441115	3.1892192	11.260249	-2.0928643	26.0	21.654484	67.0	0.0	1000.0	90097.0	0.027056156156156155	0.33689368	0.6702403	3.0614505	-1.7772355	3.3946	5.4127192	53.45315	-8.155336	2.9802322e-08	-0.004848587	4.4703484e-08	-0.012451956	0.35413572	-0.25935215	44.176476	-28.869726	2.1839273	0.027778149	2.0	1.6266987	0.023403678	3330000	6215.095413684845
111	2.1485243	4.0269275	11.613421	-6.837333	16.208334	20.506052	76.0	0.0	1000.0	90627.0	0.02697232142857143	0.28579673	0.7113698	3.165821	-1.9352006	2.7951758	3.4415567	28.263159	-5.896238	3.7252903e-09	-0.0021472175	3.7252903e-09	-0.010029459	0.3267446	-0.23094368	23.459623	-13.36225	2.2117054	0.018930197	2.0	1.6266272	0.02369669	3360000	6253.722049713135
112	2.4167526	2.9209862	8.769195	-2.4848087	21.416666	24.215899	87.0	0.0	1000.0	91272.0	0.026923893805309733	0.2667969	0.709316	2.669876	-2.2062125	1.9646664	2.5658176	24.675879	-5.023189	-7.450581e-09	-0.0059557064	-1.4901161e-08	-0.011923527	0.27486718	-0.19478416	26.165607	-14.968222	2.2306356	0.014718533	3.0	1.626653	0.01419884	3390000	6293.074084997177
113	3.3861265	4.062438	12.654741	-3.8322613	40.583332	64.69281	316.0	0.0	1000.0	92338.0	0.026999415204678363	0.2548626	0.6659562	2.3968964	-1.8032072	2.7571354	3.8590558	31.311361	-7.0395303	7.450581e-09	-0.012974022	0.0	-0.023955403	0.28739515	-0.20398545	91.988464	-72.306274	2.2453542	0.023598433	3.0	1.6262915	0.019916125	3420000	6333.217221260071
114	1.4591182	3.6666903	11.977323	-4.5270157	16.458334	21.136421	96.0	0.0	1000.0	92817.0	0.026903478260869564	0.27503198	0.72872573	2.4596932	-2.1110194	2.4910917	4.1445513	56.711964	-6.5408096	1.4901161e-08	-0.006668064	1.8626451e-08	-0.019775223	0.37451896	-0.27856568	21.270168	-12.5711775	2.2689526	0.0154185295	2.0	1.6261985	0.03401681	3450000	6371.84024310112
115	2.7102916	3.3618212	9.924024	-1.9321705	18.75	23.763155	79.0	0.0	1000.0	93342.0	0.026822413793103447	0.20765787	0.7043322	3.1971478	-1.9421523	1.8250692	2.2133846	27.85662	-3.5824862	-1.3969839e-08	-0.0013673502	-2.2351742e-08	-0.0069350717	0.27937633	-0.19435643	17.925251	-8.922574	2.2843711	0.009683847	2.0	1.6261643	0.018586278	3480000	6411.445748090744
116	1.7368741	2.6737847	6.3702645	-3.8451204	23.333334	22.577028	89.0	0.0	1000.0	93946.0	0.026765242165242165	0.2101655	0.7173816	2.1813395	-1.7735338	1.637495	2.391639	21.749372	-4.9361243	3.7252903e-09	-0.008175146	-3.7252903e-09	-0.017961722	0.23747155	-0.16164419	23.058228	-10.292713	2.294055	0.0078086853	4.0	1.626101	0.020141281	3510000	6450.567419052124
117	1.9872743	2.9164464	10.2572	-2.8633106	30.208334	36.120148	174.0	0.0	1000.0	94736.0	0.026761581920903953	0.22448158	0.7228371	2.667326	-1.8144586	1.9991083	2.6179745	30.622053	-5.5866046	2.9802322e-08	-0.0040736813	5.2154064e-08	-0.017726101	0.28621984	-0.20192437	34.92633	-22.418764	2.3018637	0.0104215145	1.0	1.625562	0.034248747	3540000	6489.362872362137
118	1.2662442	2.8077328	5.4980764	-3.9845161	17.083334	16.869392	48.0	0.0	1000.0	95203.0	0.02666750700280112	0.37224784	0.7929419	2.7258482	-1.9585934	2.152838	3.1118493	34.942444	-4.7498183	1.3038516e-08	-0.0024185819	2.0489097e-08	-0.010929715	0.38131702	-0.27280307	17.450144	-11.326282	2.3122852	0.0040459633	2.0	1.6253649	0.022731934	3570000	6528.085946321487
119	-0.35942587	2.4356227	5.4945784	-4.967955	7.9166665	13.916167	54.0	0.0	1000.0	95539.0	0.02653861111111111	0.12609959	0.78456134	2.200317	-2.166538	1.4947786	2.4366384	25.677917	-7.234599	-3.7252903e-09	-0.005132805	-7.450581e-09	-0.010347332	0.3173049	-0.1928142	16.653833	-10.58057	2.3163311	-0.00769639	4.0	1.6249704	0.011426357	3600000	6567.566312789917
120	0.6702605	2.8610735	6.1359696	-4.5670023	20.291666	21.298433	80.0	0.0	1000.0	96185.0	0.02649724517906336	0.07165675	0.82132435	2.3505049	-2.1915572	1.4575888	2.3995638	21.111376	-5.0914493	-7.450581e-09	-0.002025545	-7.450581e-09	-0.0052248416	0.2969932	-0.19028717	25.699427	-16.255226	2.3086348	-0.01019907	2.0	1.6241076	0.008936068	3630000	6606.6328184604645
121	-0.8727265	2.217152	2.9726746	-3.9013712	7.9583335	10.018645	28.0	0.0	1000.0	96421.0	0.026344535519125682	0.04816826	0.8651052	2.8913963	-2.2840793	1.5041112	2.4573758	27.635704	-4.5515957	9.313226e-10	-0.0019206048	-5.5879354e-09	-0.003122239	0.3425933	-0.20624235	8.373918	-4.785973	2.2984357	-0.020050526	2.0	1.6233647	0.0078352755	3660000	6645.261360645294
122	-0.90991783	2.3146675	5.4096446	-4.0413904	11.208333	17.49995	61.0	0.0	1000.0	96727.0	0.02621327913279133	-0.06570559	0.7830764	2.272628	-2.3032403	0.8089876	1.3713524	19.190805	-7.0569234	0.0	-0.014448749	-7.450581e-09	-0.025740983	0.3023951	-0.18621895	13.715026	-8.009185	2.2783852	-0.026166439	10.0	1.6228733	0.02292443	3690000	6684.4951729774475
123	-1.0019399	2.2058575	2.5557127	-4.1943116	9.666667	16.298431	68.0	0.0	1000.0	97130.0	0.02611021505376344	0.048007306	0.79135936	2.5741427	-2.015637	0.8314924	1.731828	25.890886	-4.418387	5.5879354e-09	-0.0009125215	7.450581e-09	-0.0013850317	0.30731833	-0.19007775	15.518595	-11.715156	2.2522187	-0.033053398	2.0	1.6235433	0.0046643	3720000	6724.536628007889
124	0.054561455	2.4690711	3.7827802	-3.9672272	21.208334	29.362644	104.0	0.0	1000.0	97669.0	0.026045066666666665	-0.11749268	0.80386204	1.8892833	-2.6395285	1.9408268	4.379059	36.04643	-5.1911936	-3.7252903e-09	-0.0013518336	0.0	-0.018968072	0.29651374	-0.19199315	23.275043	-15.097891	2.2191653	-0.032143593	1.0	1.6238338	0.046324372	3750000	6763.871691226959
125	-1.2982713	2.175621	3.254962	-5.869444	5.1666665	7.924996	24.0	0.0	1000.0	97840.0	0.025883597883597884	0.082888834	0.823894	1.9591267	-2.3161256	0.99915063	1.6607968	28.13742	-4.493392	4.656613e-09	-0.008022305	-5.5879354e-09	-0.013462524	0.3771345	-0.14291784	4.8152833	-2.783563	2.1870217	-0.038771868	19.0	1.6240864	0.012445773	3780000	6804.529291391373
126	-1.4617239	2.504394	4.167601	-8.573639	7.6666665	12.432037	55.0	0.0	1000.0	98046.0	0.025733858267716535	-0.18482928	0.85708535	2.4039984	-2.4697201	0.61905324	1.2957876	14.409599	-5.348231	-9.313226e-10	-0.008850764	0.0	-0.01639279	0.3271311	-0.16878296	3.870451	-1.8741046	2.1482499	-0.04381299	22.0	1.6234667	0.0133437365	3810000	6845.2037189006805
127	-0.44372988	2.772782	4.9983964	-3.8828645	11.583333	15.432425	59.0	0.0	1000.0	98324.0	0.025605208333333334	-0.12286215	0.80511206	1.8751878	-2.4308507	0.6376823	1.488713	17.250233	-4.763939	4.8894435e-09	-0.009109136	7.450581e-09	-0.01579009	0.33502722	-0.16622525	9.434983	-4.965149	2.1044369	-0.0470922	11.0	1.6194298	0.013760887	3840000	6884.841974020004
128	-1.1211115	1.7610259	3.305433	-4.5950985	7.625	15.380757	74.0	0.0	1000.0	98555.0	0.02546640826873385	-0.1176605	0.8367537	2.6375294	-2.2499259	0.72024167	1.5891728	19.648172	-5.2908154	0.0	-0.0022638452	0.0	-0.0034561586	0.29487306	-0.15777656	8.456585	-5.1866064	2.0573447	-0.051971674	2.0	1.6186712	0.006943235	3870000	6923.859352111816
129	-0.70194536	1.8934131	2.8122606	-4.4011145	11.083333	19.638222	85.0	0.0	1000.0	98828.0	0.02534051282051282	-0.09383856	0.80777484	1.8242519	-2.4082654	0.7179811	1.7676624	27.980385	-4.521592	-1.0244548e-08	-0.0013790401	-2.0489097e-08	-0.006633199	0.27329636	-0.13613081	12.973013	-10.25881	2.005373	-0.05381155	1.0	1.6187568	0.017783556	3900000	6962.424942016602
130	-0.37696266	2.0950613	4.863859	-3.0637288	20.166666	30.882393	94.0	0.0	1000.0	99356.0	0.025281424936386767	-0.0820586	0.8216542	2.5872283	-2.4819221	0.8943958	2.1974142	29.380604	-3.2174342	1.1175871e-08	-0.005054994	1.4901161e-08	-0.012470482	0.22253585	-0.1071838	29.977558	-22.348423	1.9515615	-0.05073154	2.0	1.6187568	0.012742621	3930000	7001.444378614426
131	-0.74998397	2.0977952	6.606785	-3.5228143	9.208333	17.865189	75.0	0.0	1000.0	99592.0	0.02514949494949495	-0.039193682	0.78962266	2.1742857	-2.2752252	2.4384165	5.3187146	45.79326	-3.0515616	7.450581e-09	-0.004098384	2.2351742e-08	-0.011319367	0.28438452	-0.18303853	29.71859	-24.539627	1.9008299	-0.053298235	1.0	1.6190084	0.019318214	3960000	7039.956254959106
132	-0.9995234	1.3974091	1.3606061	-3.6914356	15.875	22.583755	81.0	0.0	1000.0	100001.0	0.025062907268170426	-0.1565461	0.80769986	2.1244328	-2.1778226	0.8245321	1.5331335	14.702901	-2.112967	1.3969839e-08	-0.009886785	1.8626451e-08	-0.020296272	0.30202705	-0.19383353	16.367811	-9.981501	1.8475317	-0.05175352	10.0	1.6191462	0.017503839	3990000	7079.5301830768585
133	-0.4650506	2.38975	5.892379	-5.623786	12.625	21.849508	75.0	0.0	1000.0	100399.0	0.024974875621890547	-0.112874284	0.7437546	1.6711649	-2.2129767	1.6373205	2.750125	20.380848	-1.5918028	1.4901161e-08	-0.004736266	1.4901161e-08	-0.009011911	0.26146448	-0.15092057	16.522207	-10.397598	1.7957782	-0.052749634	2.0	1.6183591	0.006720254	4020000	7118.096818447113
134	-0.62284416	2.9339411	8.368043	-3.9496658	12.208333	24.691393	101.0	0.0	1000.0	100738.0	0.02487358024691358	-0.07385026	0.71934354	2.9294875	-2.0665274	1.1577761	2.1381419	17.216702	-6.7861853	-1.8626451e-08	-0.0057882844	-1.8626451e-08	-0.011276525	0.29156846	-0.19331394	16.349339	-11.272369	1.7430285	-0.052749395	8.0	1.6179168	0.008549834	4050000	7157.429673433304
135	-0.62858796	1.642244	2.7753978	-4.1968226	12.083333	19.243868	71.0	0.0	1000.0	101108.0	0.024781372549019607	0.0019940077	0.7799471	2.7226207	-2.4788105	1.1581978	2.1267204	21.06153	-5.417155	3.7252903e-09	-0.006796331	-5.5879354e-09	-0.016276764	0.27466238	-0.17842579	16.829128	-11.475057	1.6902791	-0.053245306	6.0	1.6179738	0.017456034	4080000	7196.75159406662
136	-0.7151131	2.830712	5.9104724	-5.7541313	8.875	12.823522	52.0	0.0	1000.0	101543.0	0.02470632603406326	-0.026953809	0.7602136	2.390127	-2.116843	1.4589831	2.4055858	23.471107	-4.1560144	1.8626451e-09	-0.006604965	7.450581e-09	-0.019209212	0.23984683	-0.16552654	20.510954	-12.297563	1.6370338	-0.05483246	4.0	1.6184821	0.02219288	4110000	7235.713121414185
137	-0.75021785	2.2779517	4.0668397	-4.810395	17.958334	27.255701	104.0	0.0	1000.0	102124.0	0.024667632850241546	-0.04311608	0.7734997	1.8217413	-2.086557	1.3381674	2.3175023	22.494173	-5.5110497	-5.5879354e-09	-0.0022745584	-3.7252903e-09	-0.004357503	0.23686926	-0.14358297	29.229284	-21.634846	1.5822014	-0.052307963	2.0	1.618399	0.004027895	4140000	7274.281638622284
138	0.21697307	2.978414	5.741699	-4.3910956	13.583333	26.854416	116.0	0.0	1000.0	102595.0	0.024603117505995205	-0.052201595	0.7371121	2.1352847	-2.1694376	1.4627119	2.8895483	24.90451	-10.405508	-4.656613e-09	-0.0021282188	-9.313226e-09	-0.0058841733	0.25466686	-0.1759134	34.869022	-22.35913	1.5298934	-0.05163586	3.0	1.6183696	0.007946391	4170000	7313.132162809372
139	-0.15304859	2.769159	6.3625937	-4.1785626	17.625	22.201374	92.0	0.0	1000.0	103099.0	0.024547380952380952	-0.008269699	0.72592676	1.8749688	-2.2855437	1.3710287	2.476072	22.119085	-10.8106785	-9.313226e-10	-0.0015710243	1.8626451e-09	-0.003832324	0.22662371	-0.15028033	17.029188	-11.909468	1.4782575	-0.04944384	1.0	1.6174344	0.004811976	4200000	7351.794478416443
140	0.00063693523	1.7679579	5.002104	-3.3363013	32.75	43.141483	129.0	0.0	1000.0	103925.0	0.024568557919621748	-0.08069578	0.7194362	2.3833897	-2.1732569	1.9385018	3.2115886	30.156363	-10.072746	-1.0244548e-08	-0.002367584	-2.2351742e-08	-0.0045504468	0.23160632	-0.1524583	45.651413	-38.32168	1.4288137	-0.040232778	1.0	1.6167895	0.0039857435	4230000	7391.013125419617
141	-0.6334867	2.342581	7.582447	-5.1551375	11.583333	23.5689	88.0	0.0	1000.0	104304.0	0.024484507042253523	-0.031603213	0.780585	3.2630599	-2.1236584	2.2388797	3.7378814	30.031473	-10.228875	5.5879354e-09	-0.0015475899	1.3038516e-08	-0.0064312853	0.20446396	-0.12378161	24.45422	-20.117115	1.3885809	-0.041600585	1.0	1.6164117	0.009066843	4260000	7430.652002811432
