Epoch	AverageEpRet	StdEpRet	MaxEpRet	MinEpRet	AverageEpCost	StdEpCost	MaxEpCost	MinEpCost	EpLen	CumulativeCost	CostRate	AverageVVals	StdVVals	MaxVVals	MinVVals	AverageCostVVals	StdCostVVals	MaxCostVVals	MinCostVVals	LossPi	DeltaLossPi	SurrCost	DeltaSurrCost	LossV	DeltaLossV	LossVC	DeltaLossVC	Penalty	DeltaPenalty	StopIter	Entropy	KL	TotalEnvInteracts	Time
0	0.15256807	1.7509558	5.3982205	-3.4451265	29.666082	17.944529	80.326096	10.675639	1000.0	889.9825	0.029666082763671876	0.5994599	0.56190324	1.9981493	-1.1331493	-0.43130884	0.11705207	0.072100006	-0.813013	-9.155273e-09	0.013570878	-1.0172526e-08	-0.007849213	0.9026953	-0.7709112	19.00627	-11.095987	0.99999994	0.032039464	1.0	1.837877	0.07180373	30000	78.88318419456482
1	1.116896	2.4931996	6.5356174	-2.3781636	29.220804	17.356262	58.982006	8.822238	1000.0	1766.6067	0.02944344482421875	0.15887117	0.42270297	1.3782558	-1.0874754	2.2300472	1.2111526	6.84425	-0.37658197	6.0072805e-09	0.032237977	0.0	0.0022009073	0.18133646	-0.039837375	8.389255	-1.5933766	1.0320394	0.03258896	1.0	1.83814	0.09399864	60000	158.10483598709106
2	1.0135726	2.2951753	6.557461	-2.3341498	33.82537	22.062769	99.94586	13.081052	1000.0	2781.3677	0.030904085286458334	0.16353992	0.48204017	1.5297773	-1.1923213	4.0646152	2.0835547	10.921859	-0.2979979	-2.4635247e-10	0.00019893318	0.0	-0.007360605	0.13381693	-0.026940584	10.700149	-1.7121859	1.0646284	0.032162547	1.0	1.8386674	0.015076736	90000	236.65251660346985
3	1.5737259	2.477661	7.2437396	-2.2214375	34.824158	19.562822	72.30547	11.472806	1000.0	3826.0925	0.031884104410807294	0.131252	0.4076153	1.3909208	-1.0275465	3.5055082	1.7922969	10.371247	-0.3078186	8.92061e-09	-0.009895513	1.9836426e-08	-0.01977714	0.15959786	-0.013869762	9.083254	-1.3124871	1.0967909	0.03716278	66.0	1.8389621	0.012198763	120000	322.5234842300415
4	1.9064943	3.0599222	8.759766	-2.1917007	31.800135	17.496613	62.18592	11.135441	1000.0	4780.0967	0.031867311197916665	0.14010072	0.46250066	1.6811339	-1.1514376	3.3519266	1.9773877	13.706302	-0.13046625	-3.776451e-09	-0.0010140109	-8.90096e-09	-0.0018116245	0.20319974	-0.023398578	8.880385	-1.2668152	1.1339537	0.033786654	2.0	1.8225901	0.0019044353	150000	402.8362169265747
5	1.680784	2.7104661	8.801339	-2.914035	30.199375	18.187279	70.69347	10.0856085	1000.0	5686.0776	0.031589320203993056	0.18871796	0.5343959	1.8955005	-1.4341068	3.3972251	1.923618	15.105287	-0.25227997	1.2830708e-08	-0.0013174715	8.138021e-09	-0.0023038737	0.17760003	-0.019229814	7.457783	-1.7436347	1.1677403	0.033774972	3.0	1.8220379	0.0014400483	180000	481.47797083854675
6	0.9960215	2.9140909	7.2289906	-3.211898	34.300293	25.080088	116.19588	8.925003	1000.0	6715.0864	0.03197660202752976	0.15709867	0.47913107	1.7917347	-1.1678097	2.5646143	1.6892221	16.060253	-0.02813062	-7.124269e-09	-0.010165626	-1.2207031e-08	-0.019325538	0.14862022	-0.027615748	12.173469	-3.7790775	1.2015153	0.038530827	48.0	1.8208213	0.012122919	210000	565.237945318222
7	1.0992224	2.2159343	6.868648	-2.0370398	30.37609	22.962877	92.331505	9.2402525	1000.0	7626.369	0.0317765380859375	0.12205906	0.52335835	1.945604	-1.1907771	3.255051	2.5820048	22.238686	-0.72207034	-3.5058791e-09	-0.00055993814	-3.0517577e-09	-0.0005962311	0.12180517	-0.027825572	9.561877	-2.3988156	1.2400461	0.034951568	2.0	1.8053141	0.0011941582	240000	644.6653656959534
8	1.3642595	3.1282835	10.353227	-2.7100117	26.520716	17.967188	75.30098	9.499864	1000.0	8421.991	0.03119256004050926	0.11376255	0.49850303	1.767195	-1.2290087	3.2522073	2.2371676	21.039145	-0.72230995	-1.0429621e-08	-0.0015128324	-2.339681e-08	-0.0036420554	0.1432613	-0.029339366	7.5276594	-2.1265697	1.2749977	0.03276658	3.0	1.804218	0.0036834672	270000	723.4492671489716
9	0.9819451	3.5545971	14.851534	-2.3470104	23.356268	16.091743	63.498016	7.9936614	1000.0	9122.679	0.030408929036458334	0.11045208	0.47896177	1.5370837	-1.2157067	2.243806	1.6107587	19.53618	-0.4221606	-1.0392924e-08	-0.00027298162	-1.0172526e-08	-0.00060883584	0.12896731	-0.033129916	5.703078	-1.1732144	1.3077643	0.027860403	1.0	1.8027865	0.0007306924	300000	802.1121070384979
10	1.3291541	2.4228494	6.7390556	-1.9761087	32.11537	20.761017	91.64941	9.2848835	1000.0	10086.14	0.030564059540719696	0.24717312	0.6042175	2.2623606	-1.2149355	2.7332904	2.202619	21.458462	-0.01901846	5.3756235e-09	-0.00074190594	4.0690105e-09	-0.0052895304	0.18377174	-0.073548995	9.439906	-2.71249	1.3356247	0.029762626	1.0	1.8024447	0.013331213	330000	881.4847228527069
11	1.4515625	2.8569577	7.5922256	-3.3818154	31.94894	16.851454	75.07208	8.347555	1000.0	11044.608	0.0306794677734375	0.18227816	0.5514932	1.9282577	-1.2933862	2.9778833	2.5740373	23.378878	-0.5758711	4.507336e-09	-0.008505826	2.0345052e-09	-0.015113204	0.1994328	-0.050876126	9.15426	-2.3782096	1.3653873	0.032585263	19.0	1.8021728	0.011651969	360000	963.1122901439667
12	1.158552	2.441938	7.2152934	-2.4199245	34.47899	20.616665	90.452225	8.098311	1000.0	12078.978	0.030971737279647436	0.14145434	0.54748034	1.6131527	-1.3472519	3.020691	2.0038366	18.32002	-0.38387817	3.0517577e-09	-0.007948804	3.0517577e-09	-0.01723876	0.15219882	-0.039196476	9.9496975	-3.4252286	1.3979726	0.035425186	25.0	1.7897594	0.012523032	390000	1046.1694297790527
13	1.5275917	2.9954615	8.2968235	-2.9399269	28.299183	16.115057	77.40772	8.349932	1000.0	12927.953	0.030780840773809524	0.17545496	0.5616422	1.6860591	-1.3776674	3.6294804	2.6646876	21.069149	-0.94357234	-9.47445e-10	-0.0022358755	4.0690105e-09	-0.0039469954	0.14070335	-0.040191956	8.707688	-2.8743124	1.4333978	0.032959938	2.0	1.7837932	0.0041426765	420000	1125.039407491684
14	1.2436079	2.9417653	8.802334	-2.7460217	27.070269	13.538971	57.489014	7.3032336	1000.0	13740.062	0.030533470052083334	0.2323486	0.55976075	1.560679	-1.3893927	3.0302413	1.9737768	16.69564	-0.24130692	-1.9766091e-08	-0.0017895532	-3.2552084e-08	-0.0024670288	0.17319958	-0.05430586	5.9728785	-2.11813	1.4663577	0.03173518	4.0	1.7838526	0.0030638159	450000	1204.813374042511
15	2.613601	2.590571	8.461378	-2.0283546	24.874264	13.78902	56.5651	6.1789675	1000.0	14486.289	0.030179768880208332	0.18209033	0.60660386	1.8815337	-1.5213641	2.5710711	1.6625019	17.033646	-0.008333366	8.946231e-09	-0.007680225	1.6276042e-08	-0.015527514	0.19847864	-0.061005592	5.987707	-1.3889604	1.4980929	0.030515075	21.0	1.7834768	0.011928535	480000	1286.2958731651306
16	2.238155	3.167844	8.015661	-3.682494	22.393465	13.450555	57.96627	6.1924887	1000.0	15158.094	0.029721752450980393	0.34058386	0.6622382	2.2320306	-1.2586306	2.4136746	1.5941333	19.319832	-0.066883326	1.2678384e-08	-0.00060402486	1.8310548e-08	-0.000973053	0.1719917	-0.048233956	4.623154	-1.1004984	1.528608	0.024186254	2.0	1.7766447	0.001453005	510000	1365.963633298874
17	2.4960525	3.7290974	13.073625	-3.4562018	27.414598	15.884647	74.21144	5.848861	1000.0	15980.531	0.02959357638888889	0.3269198	0.68040735	2.2526958	-1.5047121	2.6709473	1.9193507	22.633072	0.11349665	-3.675452e-10	-0.0013639107	-8.138021e-09	-0.0047722026	0.20892207	-0.044927955	8.186817	-2.6035786	1.5527942	0.023794055	1.0	1.7757629	0.008257519	540000	1444.5760781764984
18	1.4836845	2.3246014	6.2141795	-4.2130384	26.47288	14.069402	64.66728	5.723218	1000.0	16774.717	0.02942932771381579	0.2805995	0.67968875	2.634439	-1.644397	2.6108775	2.037889	24.82248	0.011682697	9.870151e-10	-0.008148302	0.0	-0.01661793	0.21706465	-0.053857073	8.126762	-2.8029857	1.5765883	0.025182843	27.0	1.7750702	0.0127151	570000	1526.589854478836
19	3.4090593	3.4993596	9.468389	-4.363424	19.961348	11.084555	47.376465	4.7513714	1000.0	17373.559	0.028955930989583333	0.29424348	0.6756518	1.9260564	-1.6547996	2.3196447	1.788945	22.752596	-0.5921762	7.819693e-09	-0.009147654	0.0	-0.01746272	0.28374645	-0.067661345	5.2282624	-1.704874	1.6017711	0.021165013	39.0	1.7803986	0.012513752	600000	1609.3057534694672
20	2.2685735	3.2592952	9.39981	-5.5344014	20.974928	15.219395	77.13996	4.9543753	1000.0	18002.807	0.02857588355654762	0.30458093	0.7595388	2.2783883	-1.7848957	2.1771505	2.1681473	19.228106	-0.20776065	-6.198872e-09	-0.0007791144	-8.138021e-09	-0.0015054794	0.26684138	-0.05710818	5.461545	-1.8816435	1.6229361	0.011998177	2.0	1.7805508	0.001299954	630000	1688.378638267517
21	2.8292572	3.5498102	11.024954	-2.8013353	18.326712	11.299476	59.335773	4.571848	1000.0	18552.607	0.028110011245265153	0.407754	0.8016709	2.4080067	-2.0059502	2.1076448	1.9050915	26.227634	-0.5047424	9.794133e-09	-0.008174267	1.2207031e-08	-0.0146653745	0.24072447	-0.06477207	6.023236	-2.1440253	1.6349343	0.007843256	31.0	1.7797121	0.012066607	660000	1770.6244313716888
22	3.336091	3.5971007	11.053024	-3.0940478	17.566734	13.563442	62.880928	5.25468	1000.0	19079.61	0.027651607789855072	0.3473328	0.74289566	1.9678335	-1.8113508	1.8925277	2.1818717	27.359913	-1.5810463	-1.869847e-09	-0.007846549	8.138021e-09	-0.015223442	0.24410039	-0.062407523	6.260659	-2.7516453	1.6427776	0.0010303259	19.0	1.7674925	0.013447778	690000	1851.6669466495514
23	3.0021193	3.2793396	10.890103	-1.9317877	20.029482	15.331291	61.272877	4.9368267	1000.0	19680.494	0.027334019639756943	0.3884047	0.80268514	2.3331044	-1.9723103	1.7583431	2.0597034	27.64125	-0.39027423	-2.5299385e-09	-0.007892651	-4.0690105e-09	-0.015478825	0.251353	-0.06617387	6.310647	-2.4845772	1.6438079	-0.0021640062	25.0	1.7586745	0.013124088	720000	1933.972069978714
24	4.8288283	3.7926211	16.56337	-0.74440193	16.548626	10.24353	43.417885	4.0722136	1000.0	20176.953	0.026902604166666667	0.5172465	0.7871897	2.5360017	-1.829747	1.988874	1.8895348	25.287714	-0.32405135	-1.220703e-08	-0.0012889628	-1.2207031e-08	-0.004718274	0.24281916	-0.052661076	3.9899433	-1.3194108	1.6416439	-0.009836316	6.0	1.750033	0.009223958	750000	2014.5162136554718
25	2.981459	3.1644907	9.578998	-3.9956343	11.80882	8.377566	36.641132	4.3781905	1000.0	20531.217	0.02632207281650641	0.49868616	0.8136922	2.1820438	-1.875855	1.4994001	1.5441986	20.159994	-1.1435026	-6.922018e-10	-0.0009513382	-6.1035155e-09	-0.0012031805	0.26539236	-0.069629684	2.3034208	-0.918697	1.6318076	-0.017564654	1.0	1.7476449	0.008222765	780000	2084.1197118759155
26	3.9495392	3.037166	10.101324	-1.3548584	12.6465845	8.670846	35.904957	4.421239	1000.0	20910.615	0.025815574363425926	0.4460281	0.7972451	1.9996114	-1.6828216	1.3557808	1.5558096	17.881073	-0.8025311	-9.560552e-10	6.199019e-05	-4.0690105e-09	-0.0019746807	0.25462106	-0.06148112	2.8892624	-1.1362908	1.6142429	-0.022722363	1.0	1.747009	0.0064733247	810000	2154.114300966263
27	2.664984	2.805845	10.154427	-1.6834767	16.748728	13.87384	48.1421	4.258793	1000.0	21413.076	0.025491757347470237	0.4547537	0.8119281	2.2650394	-1.739999	1.2075045	1.1296182	15.992811	-0.3302713	-9.66786e-09	-0.00077249814	-2.6448568e-08	-0.0012273254	0.26558042	-0.07049771	5.1158004	-2.296507	1.5915205	-0.025138497	1.0	1.7462087	0.008164243	840000	2223.913903236389
28	4.6761065	2.740429	9.941532	-0.51650614	12.950141	10.18276	37.285748	4.0835285	1000.0	21801.58	0.02505928744612069	0.40879098	0.793239	2.1244018	-1.7029217	1.7857007	2.1462874	20.501978	-0.6979336	-1.12284e-08	-0.0011026151	-2.0345052e-08	-0.0038132274	0.2519607	-0.06726827	4.524517	-2.533814	1.566382	-0.028648734	1.0	1.7454531	0.006449599	870000	2293.826862335205
29	4.2154074	2.7068603	12.352696	-0.95554405	10.698547	7.380759	32.98177	4.10741	1000.0	22122.537	0.024580596788194443	0.5253461	0.7610731	2.4268327	-1.6223	1.2482357	1.4170806	23.143198	-0.7706344	-2.9610052e-09	-0.00097480486	3.0517577e-09	0.00051755883	0.2762059	-0.08174007	1.8782219	-0.7530421	1.5377333	-0.032094598	1.0	1.7448678	0.0039479793	900000	2363.394545316696
30	4.7081056	3.038367	10.258978	-2.1168592	13.216086	12.533375	61.740566	4.2452235	1000.0	22519.02	0.024213999495967743	0.43726614	0.7804597	2.0298016	-1.8232988	1.2847888	1.6378458	19.026047	-0.65256745	1.3183079e-09	-0.0006308125	-5.086263e-10	-9.621124e-05	0.30094567	-0.07581188	3.8395061	-1.7016778	1.5056387	-0.03405428	1.0	1.7442265	0.0011045213	930000	2433.396452188492
31	4.8007903	3.0444858	12.311903	-1.2227292	15.213592	13.310198	67.351974	4.340635	1000.0	22975.428	0.023932737223307292	0.5526839	0.8047896	2.421339	-1.9156091	1.2659601	1.7839566	21.594107	-1.3293247	-1.091618e-08	-0.0009643012	-8.138021e-09	-0.0011210673	0.26531202	-0.05739753	4.97793	-2.1614873	1.4715844	-0.034821033	3.0	1.7437037	0.0019240335	960000	2503.7802345752716
32	4.5403	4.104209	12.655942	-1.800892	12.558385	7.879804	32.153408	3.7766597	1000.0	23352.18	0.023588060290404042	0.5292111	0.78031385	2.1244102	-1.8080347	1.4147145	1.6824346	21.946098	-1.4647602	-2.2935733e-09	-0.00071474776	-8.138021e-09	-0.0012288147	0.24623409	-0.075902715	3.464945	-1.3565419	1.4367634	-0.03645456	1.0	1.7431818	0.0016326742	990000	2574.4583320617676
33	5.33042	3.836914	12.963548	-2.1635869	13.6081915	9.346487	35.750996	3.858058	1000.0	23760.426	0.023294535079656863	0.5724977	0.78663933	2.3624067	-1.7321746	1.2583318	1.188928	14.220871	-0.27142102	3.6026335e-09	-0.0007316677	2.5431315e-09	-0.0020067927	0.23388138	-0.07100259	3.2941298	-1.3305254	1.4003088	-0.03727007	1.0	1.7431242	0.005949147	1020000	2644.91889834404
34	4.4532475	2.6915505	9.402024	-0.7408022	12.345435	9.75809	33.154354	3.6612334	1000.0	24130.79	0.022981703869047618	0.58762485	0.80619574	2.40079	-1.8833498	1.2597349	1.230306	17.551687	0.025854409	3.8331716e-09	-0.00079627504	8.138021e-09	-0.001212795	0.26054814	-0.07605228	3.6239297	-1.7148592	1.3630388	-0.038016915	3.0	1.7429557	0.0015474289	1050000	2715.3941435813904
35	4.901668	4.4134693	14.172298	-2.6280916	14.514179	9.883471	33.415993	3.6866205	1000.0	24566.213	0.02274649341724537	0.525425	0.7951985	2.578431	-1.5600913	1.270547	1.4822218	20.99915	-0.26070198	-3.52201e-09	-0.000962807	6.1035155e-09	-0.0007225545	0.25578865	-0.08834225	5.0488567	-1.9452727	1.3250219	-0.038260102	1.0	1.7423818	0.0015266704	1080000	2785.2947657108307
36	4.203459	2.6839201	10.837498	-0.9460498	13.782136	10.075	43.571312	2.1544058	1000.0	24979.678	0.022504214175112613	0.55611336	0.8539379	2.716181	-1.8082559	1.4418759	1.5078794	20.785759	-0.71764874	9.413664e-09	-0.00059223175	1.8310548e-08	-0.0008266937	0.23789865	-0.10006818	3.1325614	-1.2575563	1.2867618	-0.038391948	1.0	1.7419524	0.00331364	1110000	2854.982855319977
37	5.421166	3.4462276	11.12178	-0.59840703	14.556233	10.185165	44.793247	4.077374	1000.0	25416.365	0.022295057223135965	0.56058407	0.78123057	2.2280917	-1.4797463	1.3183503	1.5561754	22.089836	-0.84936494	-5.654026e-09	-0.00090049056	-2.0345052e-09	-0.0012993327	0.27467212	-0.086496875	2.9724994	-1.2502127	1.2483698	-0.038170695	1.0	1.7414234	0.0018856185	1140000	2924.971352815628
38	6.25238	3.1341677	11.403671	-0.4836047	13.464275	11.112413	47.64333	3.3338313	1000.0	25820.293	0.022068626469017093	0.6381332	0.77894616	2.4667504	-1.5014048	1.3539169	1.4570477	18.199972	-0.83382624	2.2279951e-09	-0.00060810044	4.0690105e-09	-0.00081991375	0.24306704	-0.07386011	3.2003624	-1.3777914	1.2101991	-0.03816092	1.0	1.7409421	0.0016443946	1170000	2994.911250114441
39	5.367582	3.9916146	13.635369	-3.129456	12.999362	9.925926	38.610313	3.2597144	1000.0	26210.273	0.02184189453125	0.6574489	0.8107744	2.5141022	-1.5213141	1.3314141	1.7185429	22.173819	-0.8684084	3.2228964e-10	-0.00094015984	4.0690105e-09	-0.0007056987	0.3234663	-0.1062395	4.2357683	-2.0950227	1.1720382	-0.037987947	3.0	1.7404248	0.0016405903	1200000	3065.5259680747986
40	4.9567785	3.199138	11.6401	-1.4623109	11.50626	9.916154	44.867256	3.526092	1000.0	26555.46	0.021589805640243903	0.5318199	0.76259923	2.3027437	-1.6252007	1.3272588	1.5755543	22.444546	-3.518139	-7.210551e-09	-0.0005755373	-1.4241537e-08	-0.00035016277	0.23138592	-0.08089064	2.5654566	-1.3128809	1.1340503	-0.038208723	3.0	1.739591	0.00078047987	1230000	3136.051331758499
41	6.0049887	2.734849	12.325829	0.21285805	13.465121	9.475179	45.21066	3.7037017	1000.0	26959.416	0.0213963619171627	0.59902	0.79541355	2.2848868	-1.5833994	1.2261207	1.3069959	15.554291	-0.68716884	7.745691e-09	-0.00069994055	1.0172526e-08	-0.0011707651	0.2621621	-0.07843135	4.2057953	-2.1631615	1.0958415	-0.037780046	3.0	1.7388716	0.00060306967	1260000	3205.8962717056274
42	5.856837	4.253316	17.744202	-2.606969	10.857214	10.1935625	37.695538	3.5526185	1000.0	27285.13	0.021151264232073645	0.66118807	0.7994441	2.3562577	-1.4909747	1.327023	1.8620809	25.812035	-0.64472795	4.06901e-09	-0.00020437907	4.0690105e-09	3.610433e-05	0.25902957	-0.089248314	3.5524213	-1.8584538	1.0580615	-0.03790784	1.0	1.7376965	0.00061400235	1290000	3275.904490709305
43	6.2216797	3.8912287	13.286592	-4.4578295	11.383222	9.719745	43.185078	3.2513354	1000.0	27626.629	0.020929264322916665	0.6954387	0.7963095	2.5480747	-1.8303485	1.2110844	1.6529905	18.594622	-0.59670705	-7.624321e-09	-0.0005097806	-7.1207684e-09	-0.0001246165	0.27730137	-0.114289835	2.1457021	-1.0773623	1.0201536	-0.037623048	1.0	1.7369947	0.0005948594	1320000	3346.12282204628
44	5.6634374	4.4998283	17.112446	-3.2938056	11.488663	7.235885	26.673859	3.8756022	1000.0	27971.29	0.02071947337962963	0.6417443	0.8730961	2.4811497	-1.6992729	1.0943252	1.1810013	12.85863	-0.7455083	-2.5027949e-09	-0.0005901254	-7.1207684e-09	0.00035674134	0.27354237	-0.08502939	2.1728861	-0.93776584	0.9825306	-0.037182987	1.0	1.7361765	0.00132354	1350000	3416.284180879593
45	7.07977	3.5750322	14.074855	-3.5519974	11.04691	8.011211	35.063255	3.756711	1000.0	28302.695	0.020509199501811595	0.668127	0.8463327	2.448097	-1.7368803	1.1822146	1.2630297	13.348817	-2.2850916	-3.954696e-09	-0.00068822305	-8.138021e-09	-0.00048044228	0.24747634	-0.09007901	3.1412678	-1.4293234	0.9453476	-0.036716223	1.0	1.7351766	0.0010609921	1380000	3486.4667387008667
46	5.5401087	3.918297	14.333316	-1.6433023	15.848289	7.8597565	31.376951	5.2320447	1000.0	28778.145	0.020410031582446808	0.68582016	0.8460279	2.6868386	-1.5020936	1.3058131	1.6106731	23.059786	-2.158409	8.669649e-09	-0.0009400471	1.373291e-08	0.00048599803	0.21619324	-0.07968593	3.7928965	-1.9706767	0.9086314	-0.03512782	1.0	1.7343557	0.0042778985	1410000	3557.149166584015
47	6.4335165	3.9744165	14.812516	-0.85199755	12.985129	10.316235	54.373764	3.3734643	1000.0	29167.697	0.020255345323350694	0.6579512	0.8055003	2.540151	-1.569241	1.5447124	1.5170363	18.358074	-0.9916891	1.4947873e-09	-0.00028784486	-2.0345052e-09	-0.00072555133	0.28012753	-0.102170065	3.517622	-1.3338139	0.87350357	-0.034276366	1.0	1.7336444	0.0010520524	1440000	3627.1325585842133
48	6.602791	3.9801834	14.408723	-0.5216932	17.80789	10.129536	40.58717	3.8684528	1000.0	29701.936	0.020205398331207484	0.74274063	0.8160834	2.6287909	-1.6104941	1.4927802	1.5596576	19.950932	-1.2432145	-1.0350369e-08	-0.0010965706	-8.138021e-09	-0.0016664072	0.26664183	-0.09628242	5.06984	-2.5453405	0.8392272	-0.032298982	1.0	1.7330363	0.001769543	1470000	3696.550951719284
49	6.8252487	3.9359343	14.261062	1.6329172	12.62853	8.628942	36.746784	4.0371494	1000.0	30080.791	0.020053860677083334	0.7702174	0.83225596	2.9841506	-1.4003248	1.6023164	1.5532975	18.867996	-1.3772976	-6.716678e-10	-0.00090494886	1.0172526e-09	0.00017860209	0.30644372	-0.09898409	2.8811214	-1.3618774	0.8069282	-0.031649172	1.0	1.7323705	0.0015599843	1500000	3766.097493648529
50	7.362916	4.4925346	14.338725	-2.2613952	15.926222	14.550983	70.40075	4.5248866	1000.0	30558.578	0.019972926879084967	0.77390575	0.82560575	2.7222717	-1.6400471	1.4052653	1.4198034	17.8182	-0.85762656	-9.5415755e-09	-0.00028933777	-6.1035155e-09	7.277832e-05	0.23299956	-0.08655931	4.3707876	-2.1824214	0.77527905	-0.030294657	1.0	1.7316902	0.00031126622	1530000	3836.5793097019196
51	7.1486425	4.5592937	15.946416	-1.5440881	18.323719	12.160405	45.16345	5.3200374	1000.0	31108.29	0.0199412109375	0.78111625	0.82240206	2.632869	-1.4258813	1.7515203	2.0386271	19.26291	-1.7662311	-1.34063445e-08	-0.00068451685	-2.5939942e-08	-0.0026006098	0.2610027	-0.103063285	5.918528	-3.2694302	0.7449844	-0.028510213	1.0	1.7311805	0.004415921	1560000	3906.7689859867096
52	7.41641	3.797688	14.127207	-0.8097664	15.103646	10.315468	37.709557	4.0054007	1000.0	31561.398	0.019849936124213836	0.8045028	0.8021997	2.6044233	-1.4475659	1.6893773	1.5951414	17.855564	-2.2580347	8.333286e-09	-0.00094053254	2.8483074e-08	-0.0015598348	0.2644139	-0.09863447	4.065072	-2.14605	0.7164742	-0.0275954	1.0	1.7307012	0.0024090393	1590000	3976.318311214447
53	6.9586563	3.6294985	13.490069	-0.6952261	16.273739	12.3196125	44.715454	3.8906012	1000.0	32049.611	0.01978371069637346	0.7666373	0.8154447	2.6373446	-1.6891713	1.7347294	1.8387152	20.288958	-1.2736459	3.1588805e-09	-0.0005024016	-4.0690105e-09	-0.0005485687	0.23148409	-0.09302926	4.0060453	-1.9783468	0.6888788	-0.026465833	1.0	1.7303145	0.0015568521	1620000	4046.7999355793
54	5.8708167	4.0639873	13.128369	-1.5591071	14.669997	12.245148	51.56008	3.146085	1000.0	32489.71	0.019690733901515153	0.6485473	0.820891	2.3606858	-1.9086226	1.4613805	1.6234308	17.578115	-0.8660819	3.0283316e-09	-0.00061064237	1.2207031e-08	-0.00035253091	0.2396038	-0.0884801	4.2023506	-2.3027701	0.66241294	-0.025732458	1.0	1.7301002	0.0010839747	1650000	4118.586057186127
55	8.144739	3.4468882	15.134615	1.8903636	17.300165	11.126376	51.182705	2.6113904	1000.0	33008.715	0.01964804454985119	0.792432	0.78492826	2.5285535	-1.6282566	1.5258226	1.714518	18.515947	-2.1090784	-9.609071e-09	-0.0007079541	-1.8310548e-08	-4.0549723e-05	0.25332096	-0.09508748	5.319023	-2.982957	0.6366805	-0.024472594	1.0	1.7297707	0.0012499364	1680000	4190.149025440216
56	7.33168	3.5646124	15.166247	-0.19103153	14.872544	9.805046	41.204483	4.54686	1000.0	33454.89	0.019564263523391814	0.84627134	0.807979	2.8040514	-1.5257854	1.7846837	1.8574694	17.181536	-0.48393878	3.6827266e-09	-0.0008408112	3.0517577e-09	-0.00043499653	0.21715267	-0.09680287	4.598565	-2.5426068	0.6122079	-0.023794532	1.0	1.729293	0.0022073311	1710000	4261.223989009857
57	6.8582983	3.5024319	15.690547	0.84871024	15.211309	11.167115	55.39117	4.488399	1000.0	33911.23	0.019489212913074712	0.7665465	0.8431498	2.8533146	-1.4546566	1.3990853	1.2556392	14.735797	-1.8901973	5.3498517e-09	-0.00057744083	4.0690105e-09	-0.00021706543	0.22978552	-0.10147919	4.300986	-2.2078457	0.58841336	-0.023058295	1.0	1.7287419	0.000502359	1740000	4332.018754720688
58	7.2285285	3.647581	13.505992	0.2984009	17.864794	12.674473	52.64793	3.6552792	1000.0	34447.176	0.01946168123234463	0.8220227	0.81821084	2.6111164	-1.4363885	1.7419025	1.7347618	17.225958	-0.25129616	2.5441604e-09	-0.0006531328	1.4241537e-08	-0.00043186033	0.21466628	-0.08175051	4.4457126	-2.1751182	0.56535506	-0.0218333	1.0	1.7281451	0.001021565	1770000	4402.677255630493
59	6.78826	4.4415545	15.175669	-1.0519469	16.935802	13.447734	53.882263	4.3607454	1000.0	34955.25	0.019419583333333334	0.7808449	0.7955187	2.7618825	-1.3007256	1.7945362	1.603142	14.822033	-1.8401228	3.0084037e-09	-0.0005980203	-1.0172526e-08	0.0006342916	0.26133916	-0.09024498	4.421038	-2.1893022	0.54352176	-0.02089864	1.0	1.7275467	0.0009798842	1800000	4472.631484746933
60	7.9897485	4.086984	14.859102	-0.94456595	14.723526	7.7110634	32.907307	4.907036	1000.0	35396.953	0.019342597336065574	0.7696439	0.7838505	3.1135519	-1.513087	1.777836	1.6509758	18.911217	-0.49985087	-7.432909e-09	-0.0062064934	5.5948894e-09	-0.007319529	0.2845318	-0.13605605	3.3480673	-1.728073	0.5226231	-0.0194937	79.0	1.7268012	0.0061123692	1830000	4550.775962352753
61	7.1285324	3.5990274	14.733321	-1.5403783	19.13706	14.242263	57.76549	3.8840768	1000.0	35971.066	0.019339283014112904	0.84045154	0.81554997	2.8148057	-1.4573172	1.5841002	1.4029641	16.539999	-0.75133604	1.18326495e-08	0.0023696325	-5.086263e-09	-0.0012222412	0.27120134	-0.119861424	5.933952	-3.069544	0.5031294	-0.019194573	6.0	1.7244284	0.009471615	1860000	4621.936155319214
62	6.3025465	2.877463	13.406747	0.49845245	17.569832	8.6994095	37.165	3.4652598	1000.0	36498.16	0.019311195849867725	0.7516464	0.79452735	2.471163	-1.4659662	1.8472145	1.7900814	16.511517	-0.5085319	-3.0737834e-09	-0.0004913176	-1.0172526e-09	0.002491124	0.23887736	-0.10210274	4.274011	-2.2454154	0.48393485	-0.018347293	1.0	1.723725	0.0038408015	1890000	4693.121562004089
63	7.893068	3.6335514	15.424563	0.51111215	16.470959	12.288471	66.235	4.775315	1000.0	36992.29	0.019266817220052083	0.7623173	0.7778414	2.6336632	-1.4863883	2.0049493	1.8499764	21.569704	-0.50202477	-1.2273114e-09	-0.0011069605	-1.4241537e-08	-0.0007061732	0.26535714	-0.12268779	4.049589	-2.290131	0.46558756	-0.017684013	1.0	1.723104	0.0026575753	1920000	4762.603582143784
64	8.585668	3.2252254	16.818958	2.482483	20.30016	14.111583	50.961617	3.5510151	1000.0	37601.293	0.019282714342948717	0.82007164	0.75820756	2.5122128	-1.4651285	1.8823998	2.052058	22.509657	-1.7582277	-3.922605e-09	-0.00028354785	-8.138021e-09	0.0005907837	0.32042694	-0.13926424	5.4077916	-3.231507	0.44790354	-0.016408682	1.0	1.7224245	0.0011401329	1950000	4832.496694326401
65	8.6196165	4.1149626	17.19034	1.0479851	23.030323	15.342243	61.19075	4.8911853	1000.0	38292.203	0.019339496527777778	0.9104923	0.80816215	2.9496531	-1.3049235	2.0521066	1.8392974	15.207931	-2.5764956	5.977069e-09	-0.00060766336	-6.1035155e-09	-0.00012493898	0.27136415	-0.11386816	7.4376926	-4.508263	0.43149486	-0.014799625	1.0	1.7218354	0.0012360824	1980000	4902.575116634369
66	7.3195987	4.148781	16.745249	0.12454625	25.49351	14.757384	65.68922	5.043374	1000.0	39057.01	0.01943134911380597	0.8530015	0.8106536	2.7244904	-1.4931778	2.4220047	2.3484323	24.889242	-3.266294	-1.1848377e-08	-0.0006792789	-3.051758e-08	0.00020615743	0.24145219	-0.11690078	7.306261	-4.2801304	0.41669524	-0.01295951	1.0	1.721544	0.0019540996	2010000	4972.429424524307
67	7.093106	3.682701	14.214204	-0.8981175	27.917011	19.214214	71.62574	5.3262095	1000.0	39894.52	0.019556137025122548	0.7879719	0.77752084	2.8787415	-1.30455	2.4512973	2.41211	23.675947	-1.7347698	7.2467526e-10	-0.00047978188	0.0	-0.0019730714	0.27553797	-0.13549691	9.688236	-5.520847	0.40373573	-0.010929704	1.0	1.7215316	0.0021580376	2040000	5042.264130592346
68	9.317981	3.799582	15.935584	-1.4486347	21.263689	10.41557	44.718998	7.1405463	1000.0	40532.43	0.01958088390700483	0.92460227	0.7726472	3.0146453	-1.4853461	2.7836096	2.2659097	21.883347	-2.2498984	-4.1730486e-09	-0.0008720877	-1.2207031e-08	0.00014593506	0.25583705	-0.106823355	6.945615	-3.6118186	0.39280602	-0.010346442	1.0	1.7218864	0.0034328818	2070000	5112.050529718399
69	7.75927	3.7000232	15.274755	1.281206	20.82385	14.397065	57.36459	5.3408604	1000.0	41157.145	0.01959864025297619	0.84993213	0.8268815	2.8966188	-1.5031928	2.1905644	1.7010683	20.562298	-2.3044143	2.1958397e-09	-0.00057108386	-1.0681152e-08	9.927928e-05	0.25991878	-0.1122572	6.191803	-3.7920604	0.38245958	-0.009886086	1.0	1.7222295	0.0004778257	2100000	5182.083158254623
70	8.355692	2.6053822	14.045186	2.9868011	28.484913	15.645002	68.92024	6.6730704	1000.0	42011.695	0.019723800616197183	0.88199687	0.7819945	2.7966623	-1.3874825	2.3718917	2.3692756	23.798395	-2.1419468	-1.0623142e-08	-0.0003617153	-1.7293294e-08	-0.0001398936	0.27159703	-0.13336651	9.8121395	-5.5311284	0.3725735	-0.00814411	1.0	1.7224488	0.00021069466	2130000	5252.298538446426
71	9.392759	4.126276	15.723848	-2.476821	22.770557	15.669153	60.085136	5.6662498	1000.0	42694.81	0.019766115089699075	0.9759552	0.750827	2.7049541	-1.4560449	2.8148217	2.5009117	26.207256	-1.3548161	4.208113e-09	-0.00012125512	1.0172526e-08	-0.0005964498	0.26415595	-0.13513352	7.1191	-4.281126	0.36442938	-0.007621497	1.0	1.7226679	0.00039988244	2160000	5322.345485448837
72	9.116582	3.8147664	17.54293	-1.1703689	24.575024	15.466994	67.764626	4.48493	1000.0	43432.062	0.01983199200913242	1.0049171	0.75852805	2.78401	-1.2178802	2.3365226	2.1611	23.822157	-1.5234803	4.178125e-09	-0.0006248126	-4.0690105e-09	0.00020803223	0.24965698	-0.1221005	8.085213	-4.384924	0.3568079	-0.0068626106	1.0	1.7229016	0.0016394873	2190000	5391.487400770187
73	9.181071	4.3184686	16.628183	-0.79892635	24.325226	15.662276	57.907894	7.373833	1000.0	44161.816	0.019892710092905407	0.9580346	0.7656523	2.8732834	-1.2148323	2.6069267	2.1639383	21.888645	-1.2225991	4.06901e-09	-0.00041836975	4.0690105e-09	-0.0014519674	0.2973601	-0.13815635	6.268271	-3.5252094	0.34994528	-0.0062308013	1.0	1.7231984	0.0020886075	2220000	5460.826191663742
74	8.973602	4.9167523	22.537943	0.17287658	21.209747	13.71625	58.215893	5.5122156	1000.0	44798.11	0.019910270833333334	0.9643849	0.82662296	3.3949902	-1.3464085	2.320268	1.9045229	16.617329	-2.8667045	-6.0563616e-09	-0.0003813455	0.0	-2.2292073e-05	0.30988613	-0.1371695	5.4902115	-3.2777684	0.34371448	-0.006178111	1.0	1.7233158	0.0010431455	2250000	5530.380887746811
75	8.501201	3.380979	17.614086	1.7283509	20.382406	9.73101	40.722565	8.471725	1000.0	45409.582	0.019916483347039472	1.0267038	0.8890666	3.425162	-1.4887552	2.2952952	1.9235702	18.268637	-1.9458239	-4.0306514e-09	-0.000983323	8.138021e-09	-0.00073465274	0.3088694	-0.17668806	4.9659657	-2.8496323	0.33753636	-0.006261021	1.0	1.7232201	0.001978022	2280000	5599.935348033905
76	7.697618	4.4294024	18.015089	1.1588905	22.63798	13.921297	68.057076	5.4961905	1000.0	46088.723	0.019951827989718614	0.8726413	0.82350767	2.678706	-1.5415438	2.1371021	1.676503	22.619205	-0.9352659	-1.1213366e-08	-0.00065177056	4.0690105e-09	-0.0003636495	0.28705457	-0.13782196	6.3022304	-3.3653927	0.33127534	-0.0059637427	1.0	1.7228826	0.0010759602	2310000	5669.522438049316
77	7.9107556	3.5683382	13.183298	0.077495016	26.592386	13.153494	52.99039	7.1528487	1000.0	46886.492	0.0200369624732906	0.854345	0.7689691	2.806943	-1.4199618	2.4700153	2.274072	22.474785	-0.24832913	7.2131248e-09	-0.0008576859	-8.138021e-09	-0.00060955196	0.28715733	-0.14928071	6.256373	-3.1636145	0.3253116	-0.005056262	1.0	1.7223133	0.0031279698	2340000	5739.255504369736
78	9.091168	3.9371305	15.190649	-2.7672644	24.693295	13.123957	60.33928	4.30044	1000.0	47627.293	0.02009590420622363	0.9457512	0.72280157	2.812837	-1.2058606	2.7057917	2.182531	19.341583	-0.46507728	9.847737e-09	-0.0009188776	4.0690105e-09	0.00044525147	0.26858604	-0.13868712	6.1224847	-3.204558	0.32025534	-0.004565537	1.0	1.7215674	0.002297549	2370000	5808.898492097855
79	9.689055	4.386635	18.538153	-0.4648539	26.51215	16.51831	81.47157	5.4999623	1000.0	48422.656	0.020176106770833334	0.9922163	0.81195045	3.18794	-1.281467	2.754706	2.2702346	20.527843	-0.6393538	-1.0130138e-08	-0.0006133642	-3.2552084e-08	-0.00075989583	0.30467102	-0.16246122	7.3430843	-3.670592	0.3156898	-0.0038417578	1.0	1.7205315	0.0023737943	2400000	5878.433449268341
80	9.686554	3.45229	17.323984	4.754174	22.796234	15.210591	78.434204	7.6513724	1000.0	49106.543	0.020208453896604937	1.0136807	0.71990377	2.8841517	-1.2941405	2.502025	2.1840787	22.59542	-1.4917837	2.3263043e-09	-0.00057145674	0.0	-0.00207948	0.29391006	-0.16396302	5.4765124	-2.7584608	0.31184804	-0.003790319	1.0	1.7194977	0.0028800294	2430000	5948.041685581207
81	8.432124	4.4454117	17.31057	-0.2515124	25.360903	19.660667	111.193344	6.2044816	1000.0	49867.37	0.0202712890625	0.9418826	0.78437036	2.6642995	-1.1350496	2.5426903	2.0809605	19.441347	-1.4739635	-1.5078188e-08	-0.0004135827	-1.1189779e-08	-0.001895698	0.2636745	-0.13084917	7.184157	-4.179882	0.30805773	-0.0033385456	1.0	1.7185266	0.0026438509	2460000	6018.196975946426
82	7.878743	3.9987912	15.8856735	-1.4540995	23.017693	13.564693	50.779892	5.838614	1000.0	50557.902	0.02030437845130522	0.86992615	0.75643635	2.7553918	-1.332244	2.4319065	1.9218979	17.079288	-0.7955383	9.143535e-09	-0.0003954933	2.746582e-08	0.00057138165	0.23820603	-0.12152084	6.4075756	-3.2110627	0.30471918	-0.0033064187	1.0	1.7176168	0.00046103826	2490000	6088.6513702869415
83	9.581416	3.5952153	17.270351	1.8643496	19.671762	10.667957	48.830063	4.936409	1000.0	51148.055	0.020296847098214287	0.93234664	0.75793976	3.0225763	-1.2058866	2.562494	1.882734	17.031101	-0.84403217	3.8530484e-10	-0.0007531045	-5.086263e-09	-0.00061453047	0.28269577	-0.14563213	5.6178308	-3.0209563	0.30141276	-0.003791064	1.0	1.7168527	0.0015142193	2520000	6158.92288351059
84	10.334894	4.2168665	18.596478	2.0455956	18.67154	12.111043	62.30387	6.241974	1000.0	51708.2	0.02027772518382353	1.0760367	0.7607693	2.735711	-1.2280532	2.0051377	1.4358397	18.885876	-1.5649596	-9.705893e-09	-0.00038214042	-8.138021e-09	-0.00073933107	0.29599264	-0.1597311	4.6702	-2.2623243	0.2976217	-0.004367113	1.0	1.715941	0.0007966793	2550000	6228.627878904343
85	9.657427	3.3656425	18.041994	3.5364954	26.10516	13.588261	58.72412	8.534218	1000.0	52491.355	0.020345486615794574	0.98033386	0.76893246	3.015021	-1.2852013	2.1938546	2.00725	19.00103	-0.719594	-1.2075546e-08	-0.000629227	-1.856486e-08	3.650131e-05	0.26516837	-0.1408552	6.3927283	-2.9561896	0.29325458	-0.0037315786	1.0	1.7150208	0.0005541059	2580000	6299.277889490128
